0.000007833133174000000000 0.000000000020533207610000 0.000000000000000000000000 0.000000000000000000000000 0.000000000000000000000000 0.000000000000000000000000 0.000000000000000000000000 0.000000000000000000000000 0.000000000000000000000000 0.000000000000000000000000 0.000000000000000000000000 0.000000000000000000000000
0.000007726842358000000000 0.000000000019841681560000 0.000000000000000000000000 0.000000000000000000000000 0.000000000000000000000000 0.000000000000000000000000 0.000000000000000000000000 0.000000000000000000000000 0.000000000000000000000000 0.000000000000000000000000 0.000000000000000000000000 0.000000000000000000000000
0.000007634164129000000000 0.000000000019133236290000 0.000000000000000000000000 0.000000000000000000000000 0.000000000000000000000000 0.000000000000000000000000 0.000000000000000000000000 0.000000000000000000000000 0.000000000000000000000000 0.000000000000000000000000 0.000000000000000000000000 0.000000000000000000000000
0.000007558524680000000000 0.000000000018448807610000 0.000000000000000000000000 0.000000000000000000000000 0.000000000000000000000000 0.000000000000000000000000 0.000000000000000000000000 0.000000000000000000000000 0.000000000000000000000000 0.000000000000000000000000 0.000000000000000000000000 0.000000000000000000000000
0.000007503456472000000000 0.000000000017770814690000 0.000000000000000000000000 0.000000000000000000000000 0.000000000000000000000000 0.000000000000000000000000 0.000000000000000000000000 0.000000000000000000000000 0.000000000000000000000000 0.000000000000000000000000 0.000000000000000000000000 0.000000000000000000000000
0.000007472134441000000000 0.000000000017094877240000 0.000000000000000000000000 0.000000000000000000000000 0.000000000000000000000000 0.000000000000000000000000 0.000000000000000000000000 0.000000000000000000000000 0.000000000000000000000000 0.000000000000000000000000 0.000000000000000000000000 0.000000000000000000000000
0.000007467149250000000000 0.000000000016442601260000 0.000000000000000000000000 0.000000000000000000000000 0.000000000000000000000000 0.000000000000000000000000 0.000000000000000000000000 0.000000000000000000000000 0.000000000000000000000000 0.000000000000000000000000 0.000000000000000000000000 0.000000000000000000000000
0.000007490416858000000000 0.000000000015803093940000 0.000000000000000000000000 0.000000000000000000000000 0.000000000000000000000000 0.000000000000000000000000 0.000000000000000000000000 0.000000000000000000000000 0.000000000000000000000000 0.000000000000000000000000 0.000000000000000000000000 0.000000000000000000000000
0.000007542489192000000000 0.000000000015175388820000 0.000000000000000000000000 0.000000000000000000000000 0.000000000000000000000000 0.000000000000000000000000 0.000000000000000000000000 0.000000000000000000000000 0.000000000000000000000000 0.000000000000000000000000 0.000000000000000000000000 0.000000000000000000000000
0.000007622706826000000000 0.000000000014554502270000 0.000000000000000000000000 0.000000000000000000000000 0.000000000000000000000000 0.000000000000000000000000 0.000000000000000000000000 0.000000000000000000000000 0.000000000000000000000000 0.000000000000000000000000 0.000000000000000000000000 0.000000000000000000000000
0.000007729006716000000000 0.000000000013956778070000 0.000000000000000000000000 0.000000000000000000000000 0.000000000000000000000000 0.000000000000000000000000 0.000000000000000000000000 0.000000000000000000000000 0.000000000000000000000000 0.000000000000000000000000 0.000000000000000000000000 0.000000000000000000000000
0.000007858063585000000000 0.000000000013397146440000 0.000000000000000000000000 0.000000000000000000000000 0.000000000000000000000000 0.000000000000000000000000 0.000000000000000000000000 0.000000000000000000000000 0.000000000000000000000000 0.000000000000000000000000 0.000000000000000000000000 0.000000000000000000000000
0.000008005468931000000000 0.000000000012838137800000 0.000000000000000000000000 0.000000000000000000000000 0.000000000000000000000000 0.000000000000000000000000 0.000000000000000000000000 0.000000000000000000000000 0.000000000000000000000000 0.000000000000000000000000 0.000000000000000000000000 0.000000000000000000000000
0.000008166112602000000000 0.000000000012309512470000 0.000000000000000000000000 0.000000000000000000000000 0.000000000000000000000000 0.000000000000000000000000 0.000000000000000000000000 0.000000000000000000000000 0.000000000000000000000000 0.000000000000000000000000 0.000000000000000000000000 0.000000000000000000000000
0.000008334205491000000000 0.000000000011802531830000 0.000000000000000000000000 0.000000000000000000000000 0.000000000000000000000000 0.000000000000000000000000 0.000000000000000000000000 0.000000000000000000000000 0.000000000000000000000000 0.000000000000000000000000 0.000000000000000000000000 0.000000000000000000000000
0.000008504106112000000000 0.000000000011324653480000 0.000000000000000000000000 0.000000000000000000000000 0.000000000000000000000000 0.000000000000000000000000 0.000000000000000000000000 0.000000000000000000000000 0.000000000000000000000000 0.000000000000000000000000 0.000000000000000000000000 0.000000000000000000000000
0.000008670154763000000000 0.000000000010852135110000 0.000000000000000000000000 0.000000000000000000000000 0.000000000000000000000000 0.000000000000000000000000 0.000000000000000000000000 0.000000000000000000000000 0.000000000000000000000000 0.000000000000000000000000 0.000000000000000000000000 0.000000000000000000000000
0.000008827091537000000000 0.000000000010428876410000 0.000000000000000000000000 0.000000000000000000000000 0.000000000000000000000000 0.000000000000000000000000 0.000000000000000000000000 0.000000000000000000000000 0.000000000000000000000000 0.000000000000000000000000 0.000000000000000000000000 0.000000000000000000000000
0.000008970336182000000000 0.000000000010004561630000 0.000000000000000000000000 0.000000000000000000000000 0.000000000000000000000000 0.000000000000000000000000 0.000000000000000000000000 0.000000000000000000000000 0.000000000000000000000000 0.000000000000000000000000 0.000000000000000000000000 0.000000000000000000000000
0.000009096086162000000000 0.000000000009624044614000 0.000000000000000000000000 0.000000000000000000000000 0.000000000000000000000000 0.000000000000000000000000 0.000000000000000000000000 0.000000000000000000000000 0.000000000000000000000000 0.000000000000000000000000 0.000000000000000000000000 0.000000000000000000000000
0.000009201362070000000000 0.000000000009259519189000 0.000000000000000000000000 0.000000000000000000000000 0.000000000000000000000000 0.000000000000000000000000 0.000000000000000000000000 0.000000000000000000000000 0.000000000000000000000000 0.000000000000000000000000 0.000000000000000000000000 0.000000000000000000000000
0.000009284121844000000000 0.000000000008898794971000 0.000000000000000000000000 0.000000000000000000000000 0.000000000000000000000000 0.000000000000000000000000 0.000000000000000000000000 0.000000000000000000000000 0.000000000000000000000000 0.000000000000000000000000 0.000000000000000000000000 0.000000000000000000000000
0.000009343361406000000000 0.000000000008592657474000 0.000000000000000000000000 0.000000000000000000000000 0.000000000000000000000000 0.000000000000000000000000 0.000000000000000000000000 0.000000000000000000000000 0.000000000000000000000000 0.000000000000000000000000 0.000000000000000000000000 0.000000000000000000000000
0.000009378976115000000000 0.000000000008279780226000 0.000000000000000000000000 0.000000000000000000000000 0.000000000000000000000000 0.000000000000000000000000 0.000000000000000000000000 0.000000000000000000000000 0.000000000000000000000000 0.000000000000000000000000 0.000000000000000000000000 0.000000000000000000000000
0.000009391776235000000000 0.000000000008011644218000 0.000000000000000000000000 0.000000000000000000000000 0.000000000000000000000000 0.000000000000000000000000 0.000000000000000000000000 0.000000000000000000000000 0.000000000000000000000000 0.000000000000000000000000 0.000000000000000000000000 0.000000000000000000000000
0.000009383346731000000000 0.000000000007751495330000 0.000000000000000000000000 0.000000000000000000000000 0.000000000000000000000000 0.000000000000000000000000 0.000000000000000000000000 0.000000000000000000000000 0.000000000000000000000000 0.000000000000000000000000 0.000000000000000000000000 0.000000000000000000000000
0.000009356022714000000000 0.000000000007507151123000 0.000000000000000000000000 0.000000000000000000000000 0.000000000000000000000000 0.000000000000000000000000 0.000000000000000000000000 0.000000000000000000000000 0.000000000000000000000000 0.000000000000000000000000 0.000000000000000000000000 0.000000000000000000000000
0.000009312602285000000000 0.000000000007311783715000 0.000000000000000000000000 0.000000000000000000000000 0.000000000000000000000000 0.000000000000000000000000 0.000000000000000000000000 0.000000000000000000000000 0.000000000000000000000000 0.000000000000000000000000 0.000000000000000000000000 0.000000000000000000000000
0.000009256279640000000000 0.000000000007108745891000 0.000000000000000000000000 0.000000000000000000000000 0.000000000000000000000000 0.000000000000000000000000 0.000000000000000000000000 0.000000000000000000000000 0.000000000000000000000000 0.000000000000000000000000 0.000000000000000000000000 0.000000000000000000000000
0.000009190349120000000000 0.000000000006946143527000 0.000000000000000000000000 0.000000000000000000000000 0.000000000000000000000000 0.000000000000000000000000 0.000000000000000000000000 0.000000000000000000000000 0.000000000000000000000000 0.000000000000000000000000 0.000000000000000000000000 0.000000000000000000000000
0.000009118125785000000000 0.000000000006797023841000 0.000000000000000000000000 0.000000000000000000000000 0.000000000000000000000000 0.000000000000000000000000 0.000000000000000000000000 0.000000000000000000000000 0.000000000000000000000000 0.000000000000000000000000 0.000000000000000000000000 0.000000000000000000000000
0.000009042532819000000000 0.000000000006673993094000 0.000000000000000000000000 0.000000000000000000000000 0.000000000000000000000000 0.000000000000000000000000 0.000000000000000000000000 0.000000000000000000000000 0.000000000000000000000000 0.000000000000000000000000 0.000000000000000000000000 0.000000000000000000000000
0.000008966167049000000000 0.000000000006578208841000 0.000000000000000000000000 0.000000000000000000000000 0.000000000000000000000000 0.000000000000000000000000 0.000000000000000000000000 0.000000000000000000000000 0.000000000000000000000000 0.000000000000000000000000 0.000000000000000000000000 0.000000000000000000000000
0.000008890968573000000000 0.000000000006493967172000 0.000000000000000000000000 0.000000000000000000000000 0.000000000000000000000000 0.000000000000000000000000 0.000000000000000000000000 0.000000000000000000000000 0.000000000000000000000000 0.000000000000000000000000 0.000000000000000000000000 0.000000000000000000000000
0.000008818345949000000000 0.000000000006428199568000 0.000000000000000000000000 0.000000000000000000000000 0.000000000000000000000000 0.000000000000000000000000 0.000000000000000000000000 0.000000000000000000000000 0.000000000000000000000000 0.000000000000000000000000 0.000000000000000000000000 0.000000000000000000000000
0.000008748956252000000000 0.000000000006390706134000 0.000000000000000000000000 0.000000000000000000000000 0.000000000000000000000000 0.000000000000000000000000 0.000000000000000000000000 0.000000000000000000000000 0.000000000000000000000000 0.000000000000000000000000 0.000000000000000000000000 0.000000000000000000000000
0.000008682891170000000000 0.000000000006373313429000 0.000000000000000000000000 0.000000000000000000000000 0.000000000000000000000000 0.000000000000000000000000 0.000000000000000000000000 0.000000000000000000000000 0.000000000000000000000000 0.000000000000000000000000 0.000000000000000000000000 0.000000000000000000000000
0.000008619956982000000000 0.000000000006387525443000 0.000000000000000000000000 0.000000000000000000000000 0.000000000000000000000000 0.000000000000000000000000 0.000000000000000000000000 0.000000000000000000000000 0.000000000000000000000000 0.000000000000000000000000 0.000000000000000000000000 0.000000000000000000000000
0.000008559623878000000000 0.000000000006415864421000 0.000000000000000000000000 0.000000000000000000000000 0.000000000000000000000000 0.000000000000000000000000 0.000000000000000000000000 0.000000000000000000000000 0.000000000000000000000000 0.000000000000000000000000 0.000000000000000000000000 0.000000000000000000000000
0.000008501479221000000000 0.000000000006486151959000 0.000000000000000000000000 0.000000000000000000000000 0.000000000000000000000000 0.000000000000000000000000 0.000000000000000000000000 0.000000000000000000000000 0.000000000000000000000000 0.000000000000000000000000 0.000000000000000000000000 0.000000000000000000000000
0.000008445446832000000000 0.000000000006551617449000 0.000000000000000000000000 0.000000000000000000000000 0.000000000000000000000000 0.000000000000000000000000 0.000000000000000000000000 0.000000000000000000000000 0.000000000000000000000000 0.000000000000000000000000 0.000000000000000000000000 0.000000000000000000000000
0.000008392063688000000000 0.000000000006689232999000 0.000000000000000000000000 0.000000000000000000000000 0.000000000000000000000000 0.000000000000000000000000 0.000000000000000000000000 0.000000000000000000000000 0.000000000000000000000000 0.000000000000000000000000 0.000000000000000000000000 0.000000000000000000000000
0.000008342469012000000000 0.000000000006826788645000 0.000000000000000000000000 0.000000000000000000000000 0.000000000000000000000000 0.000000000000000000000000 0.000000000000000000000000 0.000000000000000000000000 0.000000000000000000000000 0.000000000000000000000000 0.000000000000000000000000 0.000000000000000000000000
0.000008298876802000000000 0.000000000006997389355000 0.000000000000000000000000 0.000000000000000000000000 0.000000000000000000000000 0.000000000000000000000000 0.000000000000000000000000 0.000000000000000000000000 0.000000000000000000000000 0.000000000000000000000000 0.000000000000000000000000 0.000000000000000000000000
0.000008264364807000000000 0.000000000007195592687000 0.000000000000000000000000 0.000000000000000000000000 0.000000000000000000000000 0.000000000000000000000000 0.000000000000000000000000 0.000000000000000000000000 0.000000000000000000000000 0.000000000000000000000000 0.000000000000000000000000 0.000000000000000000000000
0.000008243003838000000000 0.000000000007437111547000 0.000000000000000000000000 0.000000000000000000000000 0.000000000000000000000000 0.000000000000000000000000 0.000000000000000000000000 0.000000000000000000000000 0.000000000000000000000000 0.000000000000000000000000 0.000000000000000000000000 0.000000000000000000000000
0.000008239506908000000000 0.000000000007709403757000 0.000000000000000000000000 0.000000000000000000000000 0.000000000000000000000000 0.000000000000000000000000 0.000000000000000000000000 0.000000000000000000000000 0.000000000000000000000000 0.000000000000000000000000 0.000000000000000000000000 0.000000000000000000000000
0.000008258967487000000000 0.000000000008010967548000 0.000000000000000000000000 0.000000000000000000000000 0.000000000000000000000000 0.000000000000000000000000 0.000000000000000000000000 0.000000000000000000000000 0.000000000000000000000000 0.000000000000000000000000 0.000000000000000000000000 0.000000000000000000000000
0.000008306470308000000000 0.000000000008380373623000 0.000000000000000000000000 0.000000000000000000000000 0.000000000000000000000000 0.000000000000000000000000 0.000000000000000000000000 0.000000000000000000000000 0.000000000000000000000000 0.000000000000000000000000 0.000000000000000000000000 0.000000000000000000000000
0.000008386614378000000000 0.000000000008760418739000 0.000000000000000000000000 0.000000000000000000000000 0.000000000000000000000000 0.000000000000000000000000 0.000000000000000000000000 0.000000000000000000000000 0.000000000000000000000000 0.000000000000000000000000 0.000000000000000000000000 0.000000000000000000000000
0.000008502589513000000000 0.000000000009188652203000 0.000000000000000000000000 0.000000000000000000000000 0.000000000000000000000000 0.000000000000000000000000 0.000000000000000000000000 0.000000000000000000000000 0.000000000000000000000000 0.000000000000000000000000 0.000000000000000000000000 0.000000000000000000000000
0.000008656494383000000000 0.000000000009653446519000 0.000000000000000000000000 0.000000000000000000000000 0.000000000000000000000000 0.000000000000000000000000 0.000000000000000000000000 0.000000000000000000000000 0.000000000000000000000000 0.000000000000000000000000 0.000000000000000000000000 0.000000000000000000000000
0.000008848248940000000000 0.000000000010192873210000 0.000000000000000000000000 0.000000000000000000000000 0.000000000000000000000000 0.000000000000000000000000 0.000000000000000000000000 0.000000000000000000000000 0.000000000000000000000000 0.000000000000000000000000 0.000000000000000000000000 0.000000000000000000000000
0.000009076203769000000000 0.000000000010736392860000 0.000000000000000000000000 0.000000000000000000000000 0.000000000000000000000000 0.000000000000000000000000 0.000000000000000000000000 0.000000000000000000000000 0.000000000000000000000000 0.000000000000000000000000 0.000000000000000000000000 0.000000000000000000000000
0.000009336683796000000000 0.000000000011350313540000 0.000000000000000000000000 0.000000000000000000000000 0.000000000000000000000000 0.000000000000000000000000 0.000000000000000000000000 0.000000000000000000000000 0.000000000000000000000000 0.000000000000000000000000 0.000000000000000000000000 0.000000000000000000000000
0.000009624787080000000000 0.000000000012002175480000 0.000000000000000000000000 0.000000000000000000000000 0.000000000000000000000000 0.000000000000000000000000 0.000000000000000000000000 0.000000000000000000000000 0.000000000000000000000000 0.000000000000000000000000 0.000000000000000000000000 0.000000000000000000000000
0.000009934395770000000000 0.000000000012709580260000 0.000000000000000000000000 0.000000000000000000000000 0.000000000000000000000000 0.000000000000000000000000 0.000000000000000000000000 0.000000000000000000000000 0.000000000000000000000000 0.000000000000000000000000 0.000000000000000000000000 0.000000000000000000000000
0.000010258834530000000000 0.000000000013467701380000 0.000000000000000000000000 0.000000000000000000000000 0.000000000000000000000000 0.000000000000000000000000 0.000000000000000000000000 0.000000000000000000000000 0.000000000000000000000000 0.000000000000000000000000 0.000000000000000000000000 0.000000000000000000000000
0.000010591347720000000000 0.000000000014259300030000 0.000000000000000000000000 0.000000000000000000000000 0.000000000000000000000000 0.000000000000000000000000 0.000000000000000000000000 0.000000000000000000000000 0.000000000000000000000000 0.000000000000000000000000 0.000000000000000000000000 0.000000000000000000000000
0.000010925349030000000000 0.000000000015122309340000 0.000000000000000000000000 0.000000000000000000000000 0.000000000000000000000000 0.000000000000000000000000 0.000000000000000000000000 0.000000000000000000000000 0.000000000000000000000000 0.000000000000000000000000 0.000000000000000000000000 0.000000000000000000000000
0.000011254773750000000000 0.000000000016044513860000 0.000000000000000000000000 0.000000000000000000000000 0.000000000000000000000000 0.000000000000000000000000 0.000000000000000000000000 0.000000000000000000000000 0.000000000000000000000000 0.000000000000000000000000 0.000000000000000000000000 0.000000000000000000000000
0.000011574609560000000000 0.000000000016990305200000 0.000000000000000000000000 0.000000000000000000000000 0.000000000000000000000000 0.000000000000000000000000 0.000000000000000000000000 0.000000000000000000000000 0.000000000000000000000000 0.000000000000000000000000 0.000000000000000000000000 0.000000000000000000000000
0.000011880515940000000000 0.000000000017995308880000 0.000000000000000000000000 0.000000000000000000000000 0.000000000000000000000000 0.000000000000000000000000 0.000000000000000000000000 0.000000000000000000000000 0.000000000000000000000000 0.000000000000000000000000 0.000000000000000000000000 0.000000000000000000000000
0.000012169717260000000000 0.000000000019069567990000 0.000000000000000000000000 0.000000000000000000000000 0.000000000000000000000000 0.000000000000000000000000 0.000000000000000000000000 0.000000000000000000000000 0.000000000000000000000000 0.000000000000000000000000 0.000000000000000000000000 0.000000000000000000000000
0.000012440423440000000000 0.000000000020173854930000 0.000000000000000000000000 0.000000000000000000000000 0.000000000000000000000000 0.000000000000000000000000 0.000000000000000000000000 0.000000000000000000000000 0.000000000000000000000000 0.000000000000000000000000 0.000000000000000000000000 0.000000000000000000000000
0.000012692145590000000000 0.000000000021344545970000 0.000000000000000000000000 0.000000000000000000000000 0.000000000000000000000000 0.000000000000000000000000 0.000000000000000000000000 0.000000000000000000000000 0.000000000000000000000000 0.000000000000000000000000 0.000000000000000000000000 0.000000000000000000000000
0.000012925487070000000000 0.000000000022555812390000 0.000000000000000000000000 0.000000000000000000000000 0.000000000000000000000000 0.000000000000000000000000 0.000000000000000000000000 0.000000000000000000000000 0.000000000000000000000000 0.000000000000000000000000 0.000000000000000000000000 0.000000000000000000000000
0.000013142362680000000000 0.000000000023806380860000 0.000000000000000000000000 0.000000000000000000000000 0.000000000000000000000000 0.000000000000000000000000 0.000000000000000000000000 0.000000000000000000000000 0.000000000000000000000000 0.000000000000000000000000 0.000000000000000000000000 0.000000000000000000000000
0.000013345306900000000000 0.000000000025112064290000 0.000000000000000000000000 0.000000000000000000000000 0.000000000000000000000000 0.000000000000000000000000 0.000000000000000000000000 0.000000000000000000000000 0.000000000000000000000000 0.000000000000000000000000 0.000000000000000000000000 0.000000000000000000000000
0.000013537773120000000000 0.000000000026456157010000 0.000000000000000000000000 0.000000000000000000000000 0.000000000000000000000000 0.000000000000000000000000 0.000000000000000000000000 0.000000000000000000000000 0.000000000000000000000000 0.000000000000000000000000 0.000000000000000000000000 0.000000000000000000000000
0.000013723511630000000000 0.000000000027839677510000 0.000000000000000000000000 0.000000000000000000000000 0.000000000000000000000000 0.000000000000000000000000 0.000000000000000000000000 0.000000000000000000000000 0.000000000000000000000000 0.000000000000000000000000 0.000000000000000000000000 0.000000000000000000000000
0.000013906576010000000000 0.000000000029248508770000 0.000000000000000000000000 0.000000000000000000000000 0.000000000000000000000000 0.000000000000000000000000 0.000000000000000000000000 0.000000000000000000000000 0.000000000000000000000000 0.000000000000000000000000 0.000000000000000000000000 0.000000000000000000000000
0.000014090829060000000000 0.000000000030670264580000 0.000000000000000000000000 0.000000000000000000000000 0.000000000000000000000000 0.000000000000000000000000 0.000000000000000000000000 0.000000000000000000000000 0.000000000000000000000000 0.000000000000000000000000 0.000000000000000000000000 0.000000000000000000000000
0.000014279700060000000000 0.000000000032147243940000 0.000000000000000000000000 0.000000000000000000000000 0.000000000000000000000000 0.000000000000000000000000 0.000000000000000000000000 0.000000000000000000000000 0.000000000000000000000000 0.000000000000000000000000 0.000000000000000000000000 0.000000000000000000000000
0.000014475996870000000000 0.000000000033640297670000 0.000000000000000000000000 0.000000000000000000000000 0.000000000000000000000000 0.000000000000000000000000 0.000000000000000000000000 0.000000000000000000000000 0.000000000000000000000000 0.000000000000000000000000 0.000000000000000000000000 0.000000000000000000000000
0.000014681585200000000000 0.000000000035127814150000 0.000000000000000000000000 0.000000000000000000000000 0.000000000000000000000000 0.000000000000000000000000 0.000000000000000000000000 0.000000000000000000000000 0.000000000000000000000000 0.000000000000000000000000 0.000000000000000000000000 0.000000000000000000000000
0.000014897351640000000000 0.000000000036622779840000 0.000000000000000000000000 0.000000000000000000000000 0.000000000000000000000000 0.000000000000000000000000 0.000000000000000000000000 0.000000000000000000000000 0.000000000000000000000000 0.000000000000000000000000 0.000000000000000000000000 0.000000000000000000000000
0.000015122977540000000000 0.000000000038125289270000 0.000000000000000000000000 0.000000000000000000000000 0.000000000000000000000000 0.000000000000000000000000 0.000000000000000000000000 0.000000000000000000000000 0.000000000000000000000000 0.000000000000000000000000 0.000000000000000000000000 0.000000000000000000000000
0.000015357282560000000000 0.000000000039592425560000 0.000000000000000000000000 0.000000000000000000000000 0.000000000000000000000000 0.000000000000000000000000 0.000000000000000000000000 0.000000000000000000000000 0.000000000000000000000000 0.000000000000000000000000 0.000000000000000000000000 0.000000000000000000000000
0.000015598005340000000000 0.000000000041059223480000 0.000000000000000000000000 0.000000000000000000000000 0.000000000000000000000000 0.000000000000000000000000 0.000000000000000000000000 0.000000000000000000000000 0.000000000000000000000000 0.000000000000000000000000 0.000000000000000000000000 0.000000000000000000000000
0.000015842190010000000000 0.000000000042494217640000 0.000000000000000000000000 0.000000000000000000000000 0.000000000000000000000000 0.000000000000000000000000 0.000000000000000000000000 0.000000000000000000000000 0.000000000000000000000000 0.000000000000000000000000 0.000000000000000000000000 0.000000000000000000000000
0.000016086029530000000000 0.000000000043861089400000 0.000000000000000000000000 0.000000000000000000000000 0.000000000000000000000000 0.000000000000000000000000 0.000000000000000000000000 0.000000000000000000000000 0.000000000000000000000000 0.000000000000000000000000 0.000000000000000000000000 0.000000000000000000000000
0.000016325742900000000000 0.000000000045175063970000 0.000000000000000000000000 0.000000000000000000000000 0.000000000000000000000000 0.000000000000000000000000 0.000000000000000000000000 0.000000000000000000000000 0.000000000000000000000000 0.000000000000000000000000 0.000000000000000000000000 0.000000000000000000000000
0.000016556948310000000000 0.000000000046453139130000 0.000000000000000000000000 0.000000000000000000000000 0.000000000000000000000000 0.000000000000000000000000 0.000000000000000000000000 0.000000000000000000000000 0.000000000000000000000000 0.000000000000000000000000 0.000000000000000000000000 0.000000000000000000000000
0.000016776003280000000000 0.000000000047648685970000 0.000000000000000000000000 0.000000000000000000000000 0.000000000000000000000000 0.000000000000000000000000 0.000000000000000000000000 0.000000000000000000000000 0.000000000000000000000000 0.000000000000000000000000 0.000000000000000000000000 0.000000000000000000000000
0.000016978723430000000000 0.000000000048764342770000 0.000000000000000000000000 0.000000000000000000000000 0.000000000000000000000000 0.000000000000000000000000 0.000000000000000000000000 0.000000000000000000000000 0.000000000000000000000000 0.000000000000000000000000 0.000000000000000000000000 0.000000000000000000000000
0.000017161691680000000000 0.000000000049759390070000 0.000000000000000000000000 0.000000000000000000000000 0.000000000000000000000000 0.000000000000000000000000 0.000000000000000000000000 0.000000000000000000000000 0.000000000000000000000000 0.000000000000000000000000 0.000000000000000000000000 0.000000000000000000000000
0.000017321871920000000000 0.000000000050653428740000 0.000000000000000000000000 0.000000000000000000000000 0.000000000000000000000000 0.000000000000000000000000 0.000000000000000000000000 0.000000000000000000000000 0.000000000000000000000000 0.000000000000000000000000 0.000000000000000000000000 0.000000000000000000000000
0.000017456671440000000000 0.000000000051412762630000 0.000000000000000000000000 0.000000000000000000000000 0.000000000000000000000000 0.000000000000000000000000 0.000000000000000000000000 0.000000000000000000000000 0.000000000000000000000000 0.000000000000000000000000 0.000000000000000000000000 0.000000000000000000000000
0.000017563747860000000000 0.000000000052023092480000 0.000000000000000000000000 0.000000000000000000000000 0.000000000000000000000000 0.000000000000000000000000 0.000000000000000000000000 0.000000000000000000000000 0.000000000000000000000000 0.000000000000000000000000 0.000000000000000000000000 0.000000000000000000000000
0.000017641651050000000000 0.000000000052495343750000 0.000000000000000000000000 0.000000000000000000000000 0.000000000000000000000000 0.000000000000000000000000 0.000000000000000000000000 0.000000000000000000000000 0.000000000000000000000000 0.000000000000000000000000 0.000000000000000000000000 0.000000000000000000000000
0.000017688670700000000000 0.000000000052808550220000 0.000000000000000000000000 0.000000000000000000000000 0.000000000000000000000000 0.000000000000000000000000 0.000000000000000000000000 0.000000000000000000000000 0.000000000000000000000000 0.000000000000000000000000 0.000000000000000000000000 0.000000000000000000000000
0.000017703960430000000000 0.000000000052926918960000 0.000000000000000000000000 0.000000000000000000000000 0.000000000000000000000000 0.000000000000000000000000 0.000000000000000000000000 0.000000000000000000000000 0.000000000000000000000000 0.000000000000000000000000 0.000000000000000000000000 0.000000000000000000000000
0.000017686556310000000000 0.000000000052867384990000 0.000000000000000000000000 0.000000000000000000000000 0.000000000000000000000000 0.000000000000000000000000 0.000000000000000000000000 0.000000000000000000000000 0.000000000000000000000000 0.000000000000000000000000 0.000000000000000000000000 0.000000000000000000000000
0.000017635864900000000000 0.000000000052624469830000 0.000000000000000000000000 0.000000000000000000000000 0.000000000000000000000000 0.000000000000000000000000 0.000000000000000000000000 0.000000000000000000000000 0.000000000000000000000000 0.000000000000000000000000 0.000000000000000000000000 0.000000000000000000000000
0.000017550935730000000000 0.000000000052183987840000 0.000000000000000000000000 0.000000000000000000000000 0.000000000000000000000000 0.000000000000000000000000 0.000000000000000000000000 0.000000000000000000000000 0.000000000000000000000000 0.000000000000000000000000 0.000000000000000000000000 0.000000000000000000000000
0.000017431376510000000000 0.000000000051499132110000 0.000000000000000000000000 0.000000000000000000000000 0.000000000000000000000000 0.000000000000000000000000 0.000000000000000000000000 0.000000000000000000000000 0.000000000000000000000000 0.000000000000000000000000 0.000000000000000000000000 0.000000000000000000000000
0.000017276269970000000000 0.000000000050640615090000 0.000000000000000000000000 0.000000000000000000000000 0.000000000000000000000000 0.000000000000000000000000 0.000000000000000000000000 0.000000000000000000000000 0.000000000000000000000000 0.000000000000000000000000 0.000000000000000000000000 0.000000000000000000000000
0.000017085557140000000000 0.000000000049541124610000 0.000000000000000000000000 0.000000000000000000000000 0.000000000000000000000000 0.000000000000000000000000 0.000000000000000000000000 0.000000000000000000000000 0.000000000000000000000000 0.000000000000000000000000 0.000000000000000000000000 0.000000000000000000000000
0.000016858613810000000000 0.000000000048261088540000 0.000000000000000000000000 0.000000000000000000000000 0.000000000000000000000000 0.000000000000000000000000 0.000000000000000000000000 0.000000000000000000000000 0.000000000000000000000000 0.000000000000000000000000 0.000000000000000000000000 0.000000000000000000000000
