0.003765843523000000000000 0.000000230505937100000000 0.000000000001341067576000 0.000000000000000000000000 0.000000000000000000000000 0.000000000000000000000000 0.000000000000000000000000 0.000000000000000000000000 0.000000000000000000000000 0.000000000000000000000000 0.000000000000000000000000 0.000000000000000000000000
0.003739949812000000000000 0.000000266122972300000000 0.000000000001549017096000 0.000000000000000000000000 0.000000000000000000000000 0.000000000000000000000000 0.000000000000000000000000 0.000000000000000000000000 0.000000000000000000000000 0.000000000000000000000000 0.000000000000000000000000 0.000000000000000000000000
0.003825099637000000000000 0.000000312073185700000000 0.000000000001783572078000 0.000000000000000000000000 0.000000000000000000000000 0.000000000000000000000000 0.000000000000000000000000 0.000000000000000000000000 0.000000000000000000000000 0.000000000000000000000000 0.000000000000000000000000 0.000000000000000000000000
0.004097337440000000000000 0.000000371894201800000000 0.000000000002092922527000 0.000000000000000000000000 0.000000000000000000000000 0.000000000000000000000000 0.000000000000000000000000 0.000000000000000000000000 0.000000000000000000000000 0.000000000000000000000000 0.000000000000000000000000 0.000000000000000000000000
0.004640520781000000000000 0.000000452666404300000000 0.000000000002490794418000 0.000000000000000000000000 0.000000000000000000000000 0.000000000000000000000000 0.000000000000000000000000 0.000000000000000000000000 0.000000000000000000000000 0.000000000000000000000000 0.000000000000000000000000 0.000000000000000000000000
0.005549535515000000000000 0.000000561176940800000000 0.000000000003019343249000 0.000000000000000000000000 0.000000000000000000000000 0.000000000000000000000000 0.000000000000000000000000 0.000000000000000000000000 0.000000000000000000000000 0.000000000000000000000000 0.000000000000000000000000 0.000000000000000000000000
0.006951075299000000000000 0.000000709389354000000000 0.000000000003743021444000 0.000000000000000000000000 0.000000000000000000000000 0.000000000000000000000000 0.000000000000000000000000 0.000000000000000000000000 0.000000000000000000000000 0.000000000000000000000000 0.000000000000000000000000 0.000000000000000000000000
0.009026886449000000000000 0.000000923709559500000000 0.000000000004789541846000 0.000000000000000000000000 0.000000000000000000000000 0.000000000000000000000000 0.000000000000000000000000 0.000000000000000000000000 0.000000000000000000000000 0.000000000000000000000000 0.000000000000000000000000 0.000000000000000000000000
0.012038291970000000000000 0.000001257414235000000000 0.000000000006389215350000 0.000000000000000000000000 0.000000000000000000000000 0.000000000000000000000000 0.000000000000000000000000 0.000000000000000000000000 0.000000000000000000000000 0.000000000000000000000000 0.000000000000000000000000 0.000000000000000000000000
0.016292793330000000000000 0.000001878832252000000000 0.000000000009017405058000 0.000000000000000000000000 0.000000000000000000000000 0.000000000000000000000000 0.000000000000000000000000 0.000000000000000000000000 0.000000000000000000000000 0.000000000000000000000000 0.000000000000000000000000 0.000000000000000000000000
0.022063183890000000000000 0.000003041060369000000000 0.000000000013215988250000 0.000000000000000000000000 0.000000000000000000000000 0.000000000000000000000000 0.000000000000000000000000 0.000000000000000000000000 0.000000000000000000000000 0.000000000000000000000000 0.000000000000000000000000 0.000000000000000000000000
0.029399701940000000000000 0.000005560357658000000000 0.000000000020376928170000 0.000000000000000000000000 0.000000000000000000000000 0.000000000000000000000000 0.000000000000000000000000 0.000000000000000000000000 0.000000000000000000000000 0.000000000000000000000000 0.000000000000000000000000 0.000000000000000000000000
0.038007170190000000000000 0.000011198506590000000000 0.000000000032575640520000 0.000000000000000000000000 0.000000000000000000000000 0.000000000000000000000000 0.000000000000000000000000 0.000000000000000000000000 0.000000000000000000000000 0.000000000000000000000000 0.000000000000000000000000 0.000000000000000000000000
0.047068467370000000000000 0.000023237054200000000000 0.000000000056171105590000 0.000000000000000000000000 0.000000000000000000000000 0.000000000000000000000000 0.000000000000000000000000 0.000000000000000000000000 0.000000000000000000000000 0.000000000000000000000000 0.000000000000000000000000 0.000000000000000000000000
0.055315520960000000000000 0.000042218778960000000000 0.000000000099503349000000 0.000000000000000000000000 0.000000000000000000000000 0.000000000000000000000000 0.000000000000000000000000 0.000000000000000000000000 0.000000000000000000000000 0.000000000000000000000000 0.000000000000000000000000 0.000000000000000000000000
0.061157454880000000000000 0.000069621379210000000000 0.000000000193005794300000 0.000000000000000000000000 0.000000000000000000000000 0.000000000000000000000000 0.000000000000000000000000 0.000000000000000000000000 0.000000000000000000000000 0.000000000000000000000000 0.000000000000000000000000 0.000000000000000000000000
0.063367854550000000000000 0.000106221690400000000000 0.000000000414869619200000 0.000000000000000000000000 0.000000000000000000000000 0.000000000000000000000000 0.000000000000000000000000 0.000000000000000000000000 0.000000000000000000000000 0.000000000000000000000000 0.000000000000000000000000 0.000000000000000000000000
0.032648284760000000000000 0.016603633860000000000000 0.000010207514930000000000 0.000000000054723526600000 0.000000000000000000000000 0.000000000000000000000000 0.000000000000000000000000 0.000000000000000000000000 0.000000000000000000000000 0.000000000000000000000000 0.000000000000000000000000 0.000000000000000000000000
0.057302080720000000000000 0.000165713329200000000000 0.000000001870772232000000 0.000000000000034755657340 0.000000000000000000000000 0.000000000000000000000000 0.000000000000000000000000 0.000000000000000000000000 0.000000000000000000000000 0.000000000000000000000000 0.000000000000000000000000 0.000000000000000000000000
0.054164253250000000000000 0.000170641192000000000000 0.000000003557370556000000 0.000000000000115860481300 0.000000000000000000000000 0.000000000000000000000000 0.000000000000000000000000 0.000000000000000000000000 0.000000000000000000000000 0.000000000000000000000000 0.000000000000000000000000 0.000000000000000000000000
0.056779474220000000000000 0.000191751794000000000000 0.000000006305374311000000 0.000000000000107034937100 0.000000000000000000000000 0.000000000000000000000000 0.000000000000000000000000 0.000000000000000000000000 0.000000000000000000000000 0.000000000000000000000000 0.000000000000000000000000 0.000000000000000000000000
0.067240123970000000000000 0.000285006417900000000000 0.000000008029357558000000 0.000000000000163230728600 0.000000000000000000000000 0.000000000000000000000000 0.000000000000000000000000 0.000000000000000000000000 0.000000000000000000000000 0.000000000000000000000000 0.000000000000000000000000 0.000000000000000000000000
0.087038509830000000000000 0.000455335294900000000000 0.000000007197134376000000 0.000000000000153368426900 0.000000000000000000000000 0.000000000000000000000000 0.000000000000000000000000 0.000000000000000000000000 0.000000000000000000000000 0.000000000000000000000000 0.000000000000000000000000 0.000000000000000000000000
0.135776820600000000000000 0.092820933330000000000000 0.283118802600000000000000 0.000000000000000000000000 0.000000000000000000000000 0.000000000000000000000000 0.000000000000000000000000 0.000000000000000000000000 0.000000000000000000000000 0.000000000000000000000000 0.000000000000000000000000 0.000000000000000000000000
0.027215663550000000000000 0.000007544678729000000000 0.000000000269714439200000 0.000000000000000000000000 0.000000000000000000000000 0.000000000000000000000000 0.000000000000000000000000 0.000000000000000000000000 0.000000000000000000000000 0.000000000000000000000000 0.000000000000000000000000 0.000000000000000000000000
0.213317575600000000000000 0.010584519120000000000000 0.000016217065390000000000 0.000000002833404777000000 0.000000297628096300000000 0.000000000000000000000000 0.000000000000000000000000 0.000000000000000000000000 0.000000000000000000000000 0.000000000000000000000000 0.000000000000000000000000 0.000000000000000000000000
0.356250527700000000000000 0.052761706050000000000000 0.000819124801700000000000 0.000000155760874500000000 0.000000000353480089300000 0.000000000000000000000000 0.000000000000000000000000 0.000000000000000000000000 0.000000000000000000000000 0.000000000000000000000000 0.000000000000000000000000 0.000000000000000000000000
0.203960083500000000000000 0.020591919040000000000000 0.000139343866500000000000 0.000000008563864701000000 0.000000000001235406062000 0.000000000000000000000000 0.000000000000000000000000 0.000000000000000000000000 0.000000000000000000000000 0.000000000000000000000000 0.000000000000000000000000 0.000000000000000000000000
0.084883530010000000000000 0.003564571294000000000000 0.000004089781984000000000 0.000000000231012789200000 0.000000000000000000000000 0.000000000000000000000000 0.000000000000000000000000 0.000000000000000000000000 0.000000000000000000000000 0.000000000000000000000000 0.000000000000000000000000 0.000000000000000000000000
0.032087876430000000000000 0.000470439860200000000000 0.000000069553361640000000 0.000000000009578742840000 0.000000000000000000000000 0.000000000000000000000000 0.000000000000000000000000 0.000000000000000000000000 0.000000000000000000000000 0.000000000000000000000000 0.000000000000000000000000 0.000000000000000000000000
0.012622873950000000000000 0.000065327728390000000000 0.000000003217561292000000 0.000000000003174352851000 0.000000000000000000000000 0.000000000000000000000000 0.000000000000000000000000 0.000000000000000000000000 0.000000000000000000000000 0.000000000000000000000000 0.000000000000000000000000 0.000000000000000000000000
0.005672887099000000000000 0.000011442418380000000000 0.000000000523750920800000 0.000000000000000000000000 0.000000000000000000000000 0.000000000000000000000000 0.000000000000000000000000 0.000000000000000000000000 0.000000000000000000000000 0.000000000000000000000000 0.000000000000000000000000 0.000000000000000000000000
0.003056873104000000000000 0.000002703211480000000000 0.000000000116753786600000 0.000000000000000000000000 0.000000000000000000000000 0.000000000000000000000000 0.000000000000000000000000 0.000000000000000000000000 0.000000000000000000000000 0.000000000000000000000000 0.000000000000000000000000 0.000000000000000000000000
0.001982239223000000000000 0.000000854821098000000000 0.000000000032201380860000 0.000000000000000000000000 0.000000000000000000000000 0.000000000000000000000000 0.000000000000000000000000 0.000000000000000000000000 0.000000000000000000000000 0.000000000000000000000000 0.000000000000000000000000 0.000000000000000000000000
0.001494325125000000000000 0.000000345152199300000000 0.000000000011254944940000 0.000000000000000000000000 0.000000000000000000000000 0.000000000000000000000000 0.000000000000000000000000 0.000000000000000000000000 0.000000000000000000000000 0.000000000000000000000000 0.000000000000000000000000 0.000000000000000000000000
0.001245266636000000000000 0.000000170674931300000000 0.000000000021101905270000 0.000000000000000000000000 0.000000000000000000000000 0.000000000000000000000000 0.000000000000000000000000 0.000000000000000000000000 0.000000000000000000000000 0.000000000000000000000000 0.000000000000000000000000 0.000000000000000000000000
0.001100478401000000000000 0.000000097908419240000000 0.000000000009870989414000 0.000000000000000000000000 0.000000000000000000000000 0.000000000000000000000000 0.000000000000000000000000 0.000000000000000000000000 0.000000000000000000000000 0.000000000000000000000000 0.000000000000000000000000 0.000000000000000000000000
0.001005085261000000000000 0.000000062874276350000000 0.000000000004472099394000 0.000000000000000000000000 0.000000000000000000000000 0.000000000000000000000000 0.000000000000000000000000 0.000000000000000000000000 0.000000000000000000000000 0.000000000000000000000000 0.000000000000000000000000 0.000000000000000000000000
0.000935943715000000000000 0.000000043845492280000000 0.000000000002593954535000 0.000000000000000000000000 0.000000000000000000000000 0.000000000000000000000000 0.000000000000000000000000 0.000000000000000000000000 0.000000000000000000000000 0.000000000000000000000000 0.000000000000000000000000 0.000000000000000000000000
0.000883341829500000000000 0.000000032342508450000000 0.000000000050059926200000 0.000000000000000000000000 0.000000000000000000000000 0.000000000000000000000000 0.000000000000000000000000 0.000000000000000000000000 0.000000000000000000000000 0.000000000000000000000000 0.000000000000000000000000 0.000000000000000000000000
0.000843319821000000000000 0.000000024962559300000000 0.000000000057217232610000 0.000000000000000000000000 0.000000000000000000000000 0.000000000000000000000000 0.000000000000000000000000 0.000000000000000000000000 0.000000000000000000000000 0.000000000000000000000000 0.000000000000000000000000 0.000000000000000000000000
0.000814740336200000000000 0.000000019821912390000000 0.000000000105040649300000 0.000000000000000000000000 0.000000000000000000000000 0.000000000000000000000000 0.000000000000000000000000 0.000000000000000000000000 0.000000000000000000000000 0.000000000000000000000000 0.000000000000000000000000 0.000000000000000000000000
0.000797962364500000000000 0.000000016154867790000000 0.000000000144577728200000 0.000000000000000000000000 0.000000000000000000000000 0.000000000000000000000000 0.000000000000000000000000 0.000000000000000000000000 0.000000000000000000000000 0.000000000000000000000000 0.000000000000000000000000 0.000000000000000000000000
0.000794208793500000000000 0.000000013467147710000000 0.000000000191715868000000 0.000000000000000000000000 0.000000000000000000000000 0.000000000000000000000000 0.000000000000000000000000 0.000000000000000000000000 0.000000000000000000000000 0.000000000000000000000000 0.000000000000000000000000 0.000000000000000000000000
0.000805512218900000000000 0.000000011475066020000000 0.000000000000111173531200 0.000000000000000000000000 0.000000000000000000000000 0.000000000000000000000000 0.000000000000000000000000 0.000000000000000000000000 0.000000000000000000000000 0.000000000000000000000000 0.000000000000000000000000 0.000000000000000000000000
0.000834165236000000000000 0.000000009971975005000000 0.000000000001057404134000 0.000000000000000000000000 0.000000000000000000000000 0.000000000000000000000000 0.000000000000000000000000 0.000000000000000000000000 0.000000000000000000000000 0.000000000000000000000000 0.000000000000000000000000 0.000000000000000000000000
0.000882406066400000000000 0.000000008849327037000000 0.000000000000656415010200 0.000000000000000000000000 0.000000000000000000000000 0.000000000000000000000000 0.000000000000000000000000 0.000000000000000000000000 0.000000000000000000000000 0.000000000000000000000000 0.000000000000000000000000 0.000000000000000000000000
0.000951867093100000000000 0.000000008067132133000000 0.000000000000351362495600 0.000000000000000000000000 0.000000000000000000000000 0.000000000000000000000000 0.000000000000000000000000 0.000000000000000000000000 0.000000000000000000000000 0.000000000000000000000000 0.000000000000000000000000 0.000000000000000000000000
0.001043600218000000000000 0.000000007550983668000000 0.000000000000707021320700 0.000000000000000000000000 0.000000000000000000000000 0.000000000000000000000000 0.000000000000000000000000 0.000000000000000000000000 0.000000000000000000000000 0.000000000000000000000000 0.000000000000000000000000 0.000000000000000000000000
0.001157800379000000000000 0.000000007320019270000000 0.000000000000502644868400 0.000000000000000000000000 0.000000000000000000000000 0.000000000000000000000000 0.000000000000000000000000 0.000000000000000000000000 0.000000000000000000000000 0.000000000000000000000000 0.000000000000000000000000 0.000000000000000000000000
0.001294508332000000000000 0.000000007327854675000000 0.000000000130499923700000 0.000000000000000000000000 0.000000000000000000000000 0.000000000000000000000000 0.000000000000000000000000 0.000000000000000000000000 0.000000000000000000000000 0.000000000000000000000000 0.000000000000000000000000 0.000000000000000000000000
0.001454024129000000000000 0.000000007612567946000000 0.000000000031581485540000 0.000000000000000000000000 0.000000000000000000000000 0.000000000000000000000000 0.000000000000000000000000 0.000000000000000000000000 0.000000000000000000000000 0.000000000000000000000000 0.000000000000000000000000 0.000000000000000000000000
0.001637492681000000000000 0.000000008217648106000000 0.000000000015800564360000 0.000000000000000000000000 0.000000000000000000000000 0.000000000000000000000000 0.000000000000000000000000 0.000000000000000000000000 0.000000000000000000000000 0.000000000000000000000000 0.000000000000000000000000 0.000000000000000000000000
0.001847833309000000000000 0.000000009107404062000000 0.000000000009075707435000 0.000000000000000000000000 0.000000000000000000000000 0.000000000000000000000000 0.000000000000000000000000 0.000000000000000000000000 0.000000000000000000000000 0.000000000000000000000000 0.000000000000000000000000 0.000000000000000000000000
0.002090655116000000000000 0.000000010596601230000000 0.000000000289857165300000 0.000000000000000000000000 0.000000000000000000000000 0.000000000000000000000000 0.000000000000000000000000 0.000000000000000000000000 0.000000000000000000000000 0.000000000000000000000000 0.000000000000000000000000 0.000000000000000000000000
0.002375585665000000000000 0.000000012221004650000000 0.000000000075058827720000 0.000000000000000000000000 0.000000000000000000000000 0.000000000000000000000000 0.000000000000000000000000 0.000000000000000000000000 0.000000000000000000000000 0.000000000000000000000000 0.000000000000000000000000 0.000000000000000000000000
0.002718317839000000000000 0.000000014437638980000000 0.000000000004508046584000 0.000000000000000000000000 0.000000000000000000000000 0.000000000000000000000000 0.000000000000000000000000 0.000000000000000000000000 0.000000000000000000000000 0.000000000000000000000000 0.000000000000000000000000 0.000000000000000000000000
0.003143036917000000000000 0.000000017053616980000000 0.000000000001188332829000 0.000000000000000000000000 0.000000000000000000000000 0.000000000000000000000000 0.000000000000000000000000 0.000000000000000000000000 0.000000000000000000000000 0.000000000000000000000000 0.000000000000000000000000 0.000000000000000000000000
0.003685769696000000000000 0.000000019595699650000000 0.000000000000412306321900 0.000000000000000000000000 0.000000000000000000000000 0.000000000000000000000000 0.000000000000000000000000 0.000000000000000000000000 0.000000000000000000000000 0.000000000000000000000000 0.000000000000000000000000 0.000000000000000000000000
0.004397253263000000000000 0.000000020707305850000000 0.000000000000869595438800 0.000000000000000000000000 0.000000000000000000000000 0.000000000000000000000000 0.000000000000000000000000 0.000000000000000000000000 0.000000000000000000000000 0.000000000000000000000000 0.000000000000000000000000 0.000000000000000000000000
0.005340466941000000000000 0.000000028771034630000000 0.000000000001587323746000 0.000000000000000000000000 0.000000000000000000000000 0.000000000000000000000000 0.000000000000000000000000 0.000000000000000000000000 0.000000000000000000000000 0.000000000000000000000000 0.000000000000000000000000 0.000000000000000000000000
0.006575539950000000000000 0.000000082773957620000000 0.000000000001422570908000 0.000000000000000000000000 0.000000000000000000000000 0.000000000000000000000000 0.000000000000000000000000 0.000000000000000000000000 0.000000000000000000000000 0.000000000000000000000000 0.000000000000000000000000 0.000000000000000000000000
0.008101084806000000000000 0.000000220391423200000000 0.000000000044395168710000 0.000000000000000000000000 0.000000000000000000000000 0.000000000000000000000000 0.000000000000000000000000 0.000000000000000000000000 0.000000000000000000000000 0.000000000000000000000000 0.000000000000000000000000 0.000000000000000000000000
0.009734885584000000000000 0.000000514102945200000000 0.000000000003850392464000 0.000000000000000000000000 0.000000000000000000000000 0.000000000000000000000000 0.000000000000000000000000 0.000000000000000000000000 0.000000000000000000000000 0.000000000000000000000000 0.000000000000000000000000 0.000000000000000000000000
0.010952869140000000000000 0.000000947090866600000000 0.000000000093571672840000 0.000000000000000000000000 0.000000000000000000000000 0.000000000000000000000000 0.000000000000000000000000 0.000000000000000000000000 0.000000000000000000000000 0.000000000000000000000000 0.000000000000000000000000 0.000000000000000000000000
0.011034625370000000000000 0.000001288502731000000000 0.000000000014148010520000 0.000000000000000000000000 0.000000000000000000000000 0.000000000000000000000000 0.000000000000000000000000 0.000000000000000000000000 0.000000000000000000000000 0.000000000000000000000000 0.000000000000000000000000 0.000000000000000000000000
0.010061610300000000000000 0.000000920603235300000000 0.000000000123721657000000 0.000000000000000000000000 0.000000000000000000000000 0.000000000000000000000000 0.000000000000000000000000 0.000000000000000000000000 0.000000000000000000000000 0.000000000000000000000000 0.000000000000000000000000 0.000000000000000000000000
0.009680707958000000000000 0.000001715552403000000000 0.000000000022816443680000 0.000000000000000000000000 0.000000000000000000000000 0.000000000000000000000000 0.000000000000000000000000 0.000000000000000000000000 0.000000000000000000000000 0.000000000000000000000000 0.000000000000000000000000 0.000000000000000000000000
0.010037924060000000000000 0.000003784477675000000000 0.000000000059259755270000 0.000000000000000000000000 0.000000000000000000000000 0.000000000000000000000000 0.000000000000000000000000 0.000000000000000000000000 0.000000000000000000000000 0.000000000000000000000000 0.000000000000000000000000 0.000000000000000000000000
0.009218589446000000000000 0.000003672060540000000000 0.000000000081974361080000 0.000000000000000000000000 0.000000000000000000000000 0.000000000000000000000000 0.000000000000000000000000 0.000000000000000000000000 0.000000000000000000000000 0.000000000000000000000000 0.000000000000000000000000 0.000000000000000000000000
0.007085736687000000000000 0.000002164899693000000000 0.000000000011406453380000 0.000000000000000000000000 0.000000000000000000000000 0.000000000000000000000000 0.000000000000000000000000 0.000000000000000000000000 0.000000000000000000000000 0.000000000000000000000000 0.000000000000000000000000 0.000000000000000000000000
0.004740192554000000000000 0.000000906322307800000000 0.000000000019996643620000 0.000000000000000000000000 0.000000000000000000000000 0.000000000000000000000000 0.000000000000000000000000 0.000000000000000000000000 0.000000000000000000000000 0.000000000000000000000000 0.000000000000000000000000 0.000000000000000000000000
0.002959670008000000000000 0.000000312425990900000000 0.000000000001328392397000 0.000000000000000000000000 0.000000000000000000000000 0.000000000000000000000000 0.000000000000000000000000 0.000000000000000000000000 0.000000000000000000000000 0.000000000000000000000000 0.000000000000000000000000 0.000000000000000000000000
0.001890584802000000000000 0.000000097724339110000000 0.000000000000428630147600 0.000000000000000000000000 0.000000000000000000000000 0.000000000000000000000000 0.000000000000000000000000 0.000000000000000000000000 0.000000000000000000000000 0.000000000000000000000000 0.000000000000000000000000 0.000000000000000000000000
0.001363458387000000000000 0.000000030686011590000000 0.000000000000141198367200 0.000000000000000000000000 0.000000000000000000000000 0.000000000000000000000000 0.000000000000000000000000 0.000000000000000000000000 0.000000000000000000000000 0.000000000000000000000000 0.000000000000000000000000 0.000000000000000000000000
0.001141967859000000000000 0.000000010180128250000000 0.000000000000038302421270 0.000000000000000000000000 0.000000000000000000000000 0.000000000000000000000000 0.000000000000000000000000 0.000000000000000000000000 0.000000000000000000000000 0.000000000000000000000000 0.000000000000000000000000 0.000000000000000000000000
0.001045896657000000000000 0.000000004886138369000000 0.000000000000080226676140 0.000000000000000000000000 0.000000000000000000000000 0.000000000000000000000000 0.000000000000000000000000 0.000000000000000000000000 0.000000000000000000000000 0.000000000000000000000000 0.000000000000000000000000 0.000000000000000000000000
0.000987789633800000000000 0.000000005414074661000000 0.000000000000095645246370 0.000000000000000000000000 0.000000000000000000000000 0.000000000000000000000000 0.000000000000000000000000 0.000000000000000000000000 0.000000000000000000000000 0.000000000000000000000000 0.000000000000000000000000 0.000000000000000000000000
0.000938570083700000000000 0.000000006197571073000000 0.000000000000143100699400 0.000000000000000000000000 0.000000000000000000000000 0.000000000000000000000000 0.000000000000000000000000 0.000000000000000000000000 0.000000000000000000000000 0.000000000000000000000000 0.000000000000000000000000 0.000000000000000000000000
0.000891978532400000000000 0.000000006049133240000000 0.000000000000123242663600 0.000000000000000000000000 0.000000000000000000000000 0.000000000000000000000000 0.000000000000000000000000 0.000000000000000000000000 0.000000000000000000000000 0.000000000000000000000000 0.000000000000000000000000 0.000000000000000000000000
0.000849082692500000000000 0.000000004727562496000000 0.000000000000095775441200 0.000000000000000000000000 0.000000000000000000000000 0.000000000000000000000000 0.000000000000000000000000 0.000000000000000000000000 0.000000000000000000000000 0.000000000000000000000000 0.000000000000000000000000 0.000000000000000000000000
0.000813001355800000000000 0.000000002421717330000000 0.000000000000018233392790 0.000000000000000000000000 0.000000000000000000000000 0.000000000000000000000000 0.000000000000000000000000 0.000000000000000000000000 0.000000000000000000000000 0.000000000000000000000000 0.000000000000000000000000 0.000000000000000000000000
0.000788841291500000000000 0.000000002738867856000000 0.000000000000037412444390 0.000000000000000000000000 0.000000000000000000000000 0.000000000000000000000000 0.000000000000000000000000 0.000000000000000000000000 0.000000000000000000000000 0.000000000000000000000000 0.000000000000000000000000 0.000000000000000000000000
0.000785638218600000000000 0.000000012010539960000000 0.000000000000375354488700 0.000000000000000000000000 0.000000000000000000000000 0.000000000000000000000000 0.000000000000000000000000 0.000000000000000000000000 0.000000000000000000000000 0.000000000000000000000000 0.000000000000000000000000 0.000000000000000000000000
0.000819878126200000000000 0.000000046640506570000000 0.000000000002192307012000 0.000000000000000000000000 0.000000000000000000000000 0.000000000000000000000000 0.000000000000000000000000 0.000000000000000000000000 0.000000000000000000000000 0.000000000000000000000000 0.000000000000000000000000 0.000000000000000000000000
0.000917257359400000000000 0.000000157091459100000000 0.000000000008819735068000 0.000000000000000000000000 0.000000000000000000000000 0.000000000000000000000000 0.000000000000000000000000 0.000000000000000000000000 0.000000000000000000000000 0.000000000000000000000000 0.000000000000000000000000 0.000000000000000000000000
0.001104145342000000000000 0.000000463848917800000000 0.000000000030430232030000 0.000000000000000000000000 0.000000000000000000000000 0.000000000000000000000000 0.000000000000000000000000 0.000000000000000000000000 0.000000000000000000000000 0.000000000000000000000000 0.000000000000000000000000 0.000000000000000000000000
0.001377047729000000000000 0.000001185775243000000000 0.000000000088342713500000 0.000000000000000000000000 0.000000000000000000000000 0.000000000000000000000000 0.000000000000000000000000 0.000000000000000000000000 0.000000000000000000000000 0.000000000000000000000000 0.000000000000000000000000 0.000000000000000000000000
0.001626329328000000000000 0.000002366722717000000000 0.000000000198259283600000 0.000000000000000000000000 0.000000000000000000000000 0.000000000000000000000000 0.000000000000000000000000 0.000000000000000000000000 0.000000000000000000000000 0.000000000000000000000000 0.000000000000000000000000 0.000000000000000000000000
0.001531894621000000000000 0.000002726784743000000000 0.000000000259839100600000 0.000000000000000000000000 0.000000000000000000000000 0.000000000000000000000000 0.000000000000000000000000 0.000000000000000000000000 0.000000000000000000000000 0.000000000000000000000000 0.000000000000000000000000 0.000000000000000000000000
0.001219013342000000000000 0.000327313370000000000000 0.000027299773920000000000 0.000000001989588714000000 0.000000000000773545346600 0.000000000000000000000000 0.000000000000000000000000 0.000000000000000000000000 0.000000000000000000000000 0.000000000000000000000000 0.000000000000000000000000 0.000000000000000000000000
0.002444212278000000000000 0.000001342257679000000000 0.000000000148113786700000 0.000000000000000000000000 0.000000000000000000000000 0.000000000000000000000000 0.000000000000000000000000 0.000000000000000000000000 0.000000000000000000000000 0.000000000000000000000000 0.000000000000000000000000 0.000000000000000000000000
0.016021898570000000000000 0.000028702057390000000000 0.000000001173422224000000 0.000000000000027597087170 0.000000000000000000000000 0.000000000000000000000000 0.000000000000000000000000 0.000000000000000000000000 0.000000000000000000000000 0.000000000000000000000000 0.000000000000000000000000 0.000000000000000000000000
0.043389749350000000000000 0.000232074927600000000000 0.000000010821532870000000 0.000000000000326533980200 0.000000000000000000000000 0.000000000000000000000000 0.000000000000000000000000 0.000000000000000000000000 0.000000000000000000000000 0.000000000000000000000000 0.000000000000000000000000 0.000000000000000000000000
0.059264118550000000000000 0.000567703747600000000000 0.000000056606636360000000 0.000000000000693030599000 0.000000000000000000000000 0.000000000000000000000000 0.000000000000000000000000 0.000000000000000000000000 0.000000000000000000000000 0.000000000000000000000000 0.000000000000000000000000 0.000000000000000000000000
0.044647994170000000000000 0.000505281677300000000000 0.000000069784654400000000 0.000000000009961507763000 0.000000000000000000000000 0.000000000000000000000000 0.000000000000000000000000 0.000000000000000000000000 0.000000000000000000000000 0.000000000000000000000000 0.000000000000000000000000 0.000000000000000000000000
0.016088516870000000000000 0.001282728883000000000000 0.000008634597548000000000 0.000000001794907035000000 0.000000000000097712967430 0.000000000000000000000000 0.000000000000000000000000 0.000000000000000000000000 0.000000000000000000000000 0.000000000000000000000000 0.000000000000000000000000 0.000000000000000000000000
0.001640646755000000000000 0.000000152637200800000000 0.000000000015992176710000 0.000000000000000000000000 0.000000000000000000000000 0.000000000000000000000000 0.000000000000000000000000 0.000000000000000000000000 0.000000000000000000000000 0.000000000000000000000000 0.000000000000000000000000 0.000000000000000000000000
0.004970239904000000000000 0.000001840446192000000000 0.000000000129934755200000 0.000000000000000000000000 0.000000000000000000000000 0.000000000000000000000000 0.000000000000000000000000 0.000000000000000000000000 0.000000000000000000000000 0.000000000000000000000000 0.000000000000000000000000 0.000000000000000000000000
0.009015298661000000000000 0.000011024193280000000000 0.000000000694845366800000 0.000000000000000000000000 0.000000000000000000000000 0.000000000000000000000000 0.000000000000000000000000 0.000000000000000000000000 0.000000000000000000000000 0.000000000000000000000000 0.000000000000000000000000 0.000000000000000000000000
