1.334095865e-08	2.817074301e-13	0	0	0	0	0	0	0	0	0	0
1.620204166e-08	1.317031703e-13	0	0	0	0	0	0	0	0	0	0
4.481980001e-08	3.293890012e-14	0	0	0	0	0	0	0	0	0	0
1.301303505e-07	1.149392911e-13	0	0	0	0	0	0	0	0	0	0
5.229934148e-07	2.594701551e-13	0	0	0	0	0	0	0	0	0	0
2.231633331e-06	1.054820266e-12	0	0	0	0	0	0	0	0	0	0
9.363842374e-06	4.614869562e-12	0	0	0	0	0	0	0	0	0	0
2.541238869e-05	1.774937193e-11	0	0	0	0	0	0	0	0	0	0
1.925030242e-05	1.255596401e-11	0	0	0	0	0	0	0	0	0	0
1.891760991e-05	1.230139524e-11	0	0	0	0	0	0	0	0	0	0
1.844505345e-05	1.194226866e-11	0	0	0	0	0	0	0	0	0	0
1.786161861e-05	1.151567327e-11	0	0	0	0	0	0	0	0	0	0
1.719257783e-05	1.105867672e-11	0	0	0	0	0	0	0	0	0	0
1.646099741e-05	1.058489967e-11	0	0	0	0	0	0	0	0	0	0
1.568820916e-05	1.012804054e-11	0	0	0	0	0	0	0	0	0	0
1.489315513e-05	9.704863419e-12	0	0	0	0	0	0	0	0	0	0
1.409218317e-05	9.321911004e-12	0	0	0	0	0	0	0	0	0	0
1.32985247e-05	8.983991534e-12	0	0	0	0	0	0	0	0	0	0
1.25230348e-05	8.698967077e-12	0	0	0	0	0	0	0	0	0	0
1.177366383e-05	8.463363753e-12	0	0	0	0	0	0	0	0	0	0
1.105649004e-05	8.281796823e-12	0	0	0	0	0	0	0	0	0	0
1.037576593e-05	8.143619078e-12	0	0	0	0	0	0	0	0	0	0
9.734109814e-06	8.051845983e-12	0	0	0	0	0	0	0	0	0	0
9.133133774e-06	8.004717428e-12	0	0	0	0	0	0	0	0	0	0
8.57308329e-06	7.998721263e-12	0	0	0	0	0	0	0	0	0	0
8.05348433e-06	8.026852273e-12	0	0	0	0	0	0	0	0	0	0
7.572735555e-06	8.083581163e-12	0	0	0	0	0	0	0	0	0	0
7.128533138e-06	8.163610272e-12	0	0	0	0	0	0	0	0	0	0
6.717539279e-06	8.256291332e-12	0	0	0	0	0	0	0	0	0	0
6.335958321e-06	8.34641931e-12	0	0	0	0	0	0	0	0	0	0
5.979183097e-06	8.427785687e-12	0	0	0	0	0	0	0	0	0	0
5.642115459e-06	8.480867675e-12	0	0	0	0	0	0	0	0	0	0
5.319590341e-06	8.495850454e-12	0	0	0	0	0	0	0	0	0	0
5.005687148e-06	8.453177083e-12	0	0	0	0	0	0	0	0	0	0
4.695324415e-06	8.343018687e-12	0	0	0	0	0	0	0	0	0	0
4.383292806e-06	8.151226721e-12	0	0	0	0	0	0	0	0	0	0
4.065564736e-06	7.872019503e-12	0	0	0	0	0	0	0	0	0	0
3.739268009e-06	7.497311292e-12	0	0	0	0	0	0	0	0	0	0
3.402567304e-06	7.026452878e-12	0	0	0	0	0	0	0	0	0	0
3.055322967e-06	6.466486274e-12	0	0	0	0	0	0	0	0	0	0
2.699678308e-06	5.827177263e-12	0	0	0	0	0	0	0	0	0	0
2.338842987e-06	5.125752993e-12	0	0	0	0	0	0	0	0	0	0
1.978627829e-06	4.382212005e-12	0	0	0	0	0	0	0	0	0	0
1.625945265e-06	3.621647464e-12	0	0	0	0	0	0	0	0	0	0
1.290206566e-06	2.871244624e-12	0	0	0	0	0	0	0	0	0	0
9.839945163e-07	2.160007341e-12	0	0	0	0	0	0	0	0	0	0
7.267409911e-07	1.515032529e-12	0	0	0	0	0	0	0	0	0	0
5.535295205e-07	9.650505061e-13	0	0	0	0	0	0	0	0	0	0
5.094149815e-07	5.332169532e-13	0	0	0	0	0	0	0	0	0	0
5.899279078e-07	2.474168537e-13	0	0	0	0	0	0	0	0	0	0
7.385170802e-07	1.454806741e-13	0	0	0	0	0	0	0	0	0	0
9.203856888e-07	1.725728573e-13	0	0	0	0	0	0	0	0	0	0
1.129661246e-06	3.070360798e-13	0	0	0	0	0	0	0	0	0	0
1.373249354e-06	6.088818271e-13	0	0	0	0	0	0	0	0	0	0
1.661481218e-06	1.072964561e-12	0	0	0	0	0	0	0	0	0	0
2.002710673e-06	1.68016564e-12	0	0	0	0	0	0	0	0	0	0
2.40158072e-06	2.409394836e-12	0	0	0	0	0	0	0	0	0	0
2.85883387e-06	3.248729724e-12	0	0	0	0	0	0	0	0	0	0
3.372154667e-06	4.177834146e-12	0	0	0	0	0	0	0	0	0	0
3.936886149e-06	5.176834803e-12	0	0	0	0	0	0	0	0	0	0
4.547239996e-06	6.211615593e-12	0	0	0	0	0	0	0	0	0	0
5.196176705e-06	7.270745495e-12	0	0	0	0	0	0	0	0	0	0
5.876499126e-06	8.341253409e-12	0	0	0	0	0	0	0	0	0	0
6.580518683e-06	9.38827384e-12	0	0	0	0	0	0	0	0	0	0
7.300912692e-06	1.042634158e-11	0	0	0	0	0	0	0	0	0	0
8.030430985e-06	1.142287693e-11	0	0	0	0	0	0	0	0	0	0
8.762059546e-06	1.237920489e-11	0	0	0	0	0	0	0	0	0	0
9.489369429e-06	1.328199889e-11	0	0	0	0	0	0	0	0	0	0
1.020657857e-05	1.413272174e-11	0	0	0	0	0	0	0	0	0	0
1.090784955e-05	1.492306564e-11	0	0	0	0	0	0	0	0	0	0
1.158851992e-05	1.56627435e-11	0	0	0	0	0	0	0	0	0	0
1.2244211e-05	1.63435357e-11	0	0	0	0	0	0	0	0	0	0
1.287068599e-05	1.696253974e-11	0	0	0	0	0	0	0	0	0	0
1.346426422e-05	1.752572315e-11	0	0	0	0	0	0	0	0	0	0
1.402134792e-05	1.803532849e-11	0	0	0	0	0	0	0	0	0	0
1.453852624e-05	1.846633483e-11	0	0	0	0	0	0	0	0	0	0
1.501261241e-05	1.883110043e-11	0	0	0	0	0	0	0	0	0	0
1.544008866e-05	1.91252895e-11	0	0	0	0	0	0	0	0	0	0
1.581822491e-05	1.931357354e-11	0	0	0	0	0	0	0	0	0	0
1.614385596e-05	1.941863904e-11	0	0	0	0	0	0	0	0	0	0
1.641464298e-05	1.940166607e-11	0	0	0	0	0	0	0	0	0	0
1.662834393e-05	1.928305386e-11	0	0	0	0	0	0	0	0	0	0
1.67836434e-05	1.905837095e-11	0	0	0	0	0	0	0	0	0	0
1.68797873e-05	1.870845501e-11	0	0	0	0	0	0	0	0	0	0
1.691693917e-05	1.824834324e-11	0	0	0	0	0	0	0	0	0	0
1.689601247e-05	1.767056506e-11	0	0	0	0	0	0	0	0	0	0
1.681868262e-05	1.699623247e-11	0	0	0	0	0	0	0	0	0	0
1.668728611e-05	1.627009178e-11	0	0	0	0	0	0	0	0	0	0
1.650447697e-05	1.546187172e-11	0	0	0	0	0	0	0	0	0	0
1.627333728e-05	1.462400024e-11	0	0	0	0	0	0	0	0	0	0
1.599696057e-05	1.377815191e-11	0	0	0	0	0	0	0	0	0	0
1.567839345e-05	1.292357528e-11	0	0	0	0	0	0	0	0	0	0
1.532063548e-05	1.211906712e-11	0	0	0	0	0	0	0	0	0	0
1.49265605e-05	1.135640894e-11	0	0	0	0	0	0	0	0	0	0
1.44990301e-05	1.066387133e-11	0	0	0	0	0	0	0	0	0	0
1.404110134e-05	1.003488204e-11	0	0	0	0	0	0	0	0	0	0
1.35559839e-05	9.497527673e-12	0	0	0	0	0	0	0	0	0	0
1.304729147e-05	9.035710722e-12	0	0	0	0	0	0	0	0	0	0
1.251894597e-05	8.647574595e-12	0	0	0	0	0	0	0	0	0	0
1.197530815e-05	8.349461638e-12	0	0	0	0	0	0	0	0	0	0
1.142082638e-05	8.098006006e-12	0	0	0	0	0	0	0	0	0	0
1.086007314e-05	7.907518963e-12	0	0	0	0	0	0	0	0	0	0
1.029727484e-05	7.744078728e-12	0	0	0	0	0	0	0	0	0	0
9.736127105e-06	7.60002106e-12	0	0	0	0	0	0	0	0	0	0
9.179652426e-06	7.450624614e-12	0	0	0	0	0	0	0	0	0	0
8.629854695e-06	7.287574863e-12	0	0	0	0	0	0	0	0	0	0
8.087890085e-06	7.082583342e-12	0	0	0	0	0	0	0	0	0	0
7.554237189e-06	6.833732221e-12	0	0	0	0	0	0	0	0	0	0
7.028918693e-06	6.514480851e-12	0	0	0	0	0	0	0	0	0	0
6.511868936e-06	6.136773739e-12	0	0	0	0	0	0	0	0	0	0
6.003323183e-06	5.688267163e-12	0	0	0	0	0	0	0	0	0	0
5.504077805e-06	5.184803301e-12	0	0	0	0	0	0	0	0	0	0
5.015715671e-06	4.625429851e-12	0	0	0	0	0	0	0	0	0	0
4.540490391e-06	4.038080813e-12	0	0	0	0	0	0	0	0	0	0
4.081331634e-06	3.432055792e-12	0	0	0	0	0	0	0	0	0	0
3.641314683e-06	2.826528528e-12	0	0	0	0	0	0	0	0	0	0
3.223351453e-06	2.247308526e-12	0	0	0	0	0	0	0	0	0	0
2.830040696e-06	1.708398696e-12	0	0	0	0	0	0	0	0	0	0
2.463008663e-06	1.233147544e-12	0	0	0	0	0	0	0	0	0	0
2.122987187e-06	8.352873881e-13	0	0	0	0	0	0	0	0	0	0
1.81006695e-06	5.251668275e-13	0	0	0	0	0	0	0	0	0	0
1.52353157e-06	3.133845715e-13	0	0	0	0	0	0	0	0	0	0
1.263160668e-06	1.971598761e-13	0	0	0	0	0	0	0	0	0	0
1.030349869e-06	1.522303772e-13	0	0	0	0	0	0	0	0	0	0
8.318519902e-07	1.747791099e-13	0	0	0	0	0	0	0	0	0	0
6.846271871e-07	3.013235673e-13	0	0	0	0	0	0	0	0	0	0
6.202092777e-07	5.251479176e-13	0	0	0	0	0	0	0	0	0	0
6.645843515e-07	8.249818226e-13	0	0	0	0	0	0	0	0	0	0
8.059898287e-07	1.189038413e-12	0	0	0	0	0	0	0	0	0	0
1.012367846e-06	1.605317874e-12	0	0	0	0	0	0	0	0	0	0
1.26006922e-06	2.066087282e-12	0	0	0	0	0	0	0	0	0	0
1.53658009e-06	2.557436839e-12	0	0	0	0	0	0	0	0	0	0
1.835017927e-06	3.073714653e-12	0	0	0	0	0	0	0	0	0	0
2.151242623e-06	3.606024965e-12	0	0	0	0	0	0	0	0	0	0
2.482567963e-06	4.140303968e-12	0	0	0	0	0	0	0	0	0	0
2.827204333e-06	4.672920431e-12	0	0	0	0	0	0	0	0	0	0
3.184290398e-06	5.196676619e-12	0	0	0	0	0	0	0	0	0	0
3.553656869e-06	5.701702625e-12	0	0	0	0	0	0	0	0	0	0
3.935873197e-06	6.182634882e-12	0	0	0	0	0	0	0	0	0	0
4.33235593e-06	6.631956082e-12	0	0	0	0	0	0	0	0	0	0
4.744546443e-06	7.054768643e-12	0	0	0	0	0	0	0	0	0	0
5.173842782e-06	7.4476336e-12	0	0	0	0	0	0	0	0	0	0
5.621109621e-06	7.805719169e-12	0	0	0	0	0	0	0	0	0	0
6.087167805e-06	8.131770451e-12	0	0	0	0	0	0	0	0	0	0
6.571282259e-06	8.43559535e-12	0	0	0	0	0	0	0	0	0	0
7.07210547e-06	8.703828382e-12	0	0	0	0	0	0	0	0	0	0
7.58787009e-06	8.957381874e-12	0	0	0	0	0	0	0	0	0	0
8.116327889e-06	9.197782448e-12	0	0	0	0	0	0	0	0	0	0
8.655699154e-06	9.42565083e-12	0	0	0	0	0	0	0	0	0	0
9.205042629e-06	9.644259594e-12	0	0	0	0	0	0	0	0	0	0
9.764476585e-06	9.866656699e-12	0	0	0	0	0	0	0	0	0	0
1.033587072e-05	1.009036929e-11	0	0	0	0	0	0	0	0	0	0
1.092240515e-05	1.032473537e-11	0	0	0	0	0	0	0	0	0	0
1.152825704e-05	1.05717001e-11	0	0	0	0	0	0	0	0	0	0
1.215819927e-05	1.083347272e-11	0	0	0	0	0	0	0	0	0	0
1.281610215e-05	1.111131826e-11	0	0	0	0	0	0	0	0	0	0
1.350382218e-05	1.141395032e-11	0	0	0	0	0	0	0	0	0	0
1.422029392e-05	1.173314188e-11	0	0	0	0	0	0	0	0	0	0
1.496030505e-05	1.207312987e-11	0	0	0	0	0	0	0	0	0	0
1.571460401e-05	1.242337273e-11	0	0	0	0	0	0	0	0	0	0
1.646953771e-05	1.278661017e-11	0	0	0	0	0	0	0	0	0	0
1.720807815e-05	1.314791599e-11	0	0	0	0	0	0	0	0	0	0
1.791073855e-05	1.348808503e-11	0	0	0	0	0	0	0	0	0	0
1.855698088e-05	1.379208539e-11	0	0	0	0	0	0	0	0	0	0
1.912643007e-05	1.402527424e-11	0	0	0	0	0	0	0	0	0	0
1.960027087e-05	1.419011782e-11	0	0	0	0	0	0	0	0	0	0
1.996230566e-05	1.424411813e-11	0	0	0	0	0	0	0	0	0	0
2.019976002e-05	1.418024151e-11	0	0	0	0	0	0	0	0	0	0
2.030390264e-05	1.398808209e-11	0	0	0	0	0	0	0	0	0	0
2.0270068e-05	1.365757771e-11	0	0	0	0	0	0	0	0	0	0
2.009795021e-05	1.321756683e-11	0	0	0	0	0	0	0	0	0	0
1.979097645e-05	1.264477783e-11	0	0	0	0	0	0	0	0	0	0
1.935621007e-05	1.198525833e-11	0	0	0	0	0	0	0	0	0	0
1.88035998e-05	1.125827335e-11	0	0	0	0	0	0	0	0	0	0
1.814562284e-05	1.049034695e-11	0	0	0	0	0	0	0	0	0	0
1.739637171e-05	9.703174072e-12	0	0	0	0	0	0	0	0	0	0
1.657100118e-05	8.924787643e-12	0	0	0	0	0	0	0	0	0	0
1.568572349e-05	8.174273338e-12	0	0	0	0	0	0	0	0	0	0
1.475688038e-05	7.473504286e-12	0	0	0	0	0	0	0	0	0	0
1.380056208e-05	6.835043898e-12	0	0	0	0	0	0	0	0	0	0
1.283243872e-05	6.267400633e-12	0	0	0	0	0	0	0	0	0	0
1.18676605e-05	5.776325557e-12	0	0	0	0	0	0	0	0	0	0
1.092035292e-05	5.365964632e-12	0	0	0	0	0	0	0	0	0	0
1.000342578e-05	5.032487148e-12	0	0	0	0	0	0	0	0	0	0
9.128673527e-06	4.773727527e-12	0	0	0	0	0	0	0	0	0	0
8.305893441e-06	4.580869476e-12	0	0	0	0	0	0	0	0	0	0
7.543402089e-06	4.45209805e-12	0	0	0	0	0	0	0	0	0	0
6.847093943e-06	4.37581495e-12	0	0	0	0	0	0	0	0	0	0
6.220451177e-06	4.350655146e-12	0	0	0	0	0	0	0	0	0	0
5.664208502e-06	4.361756384e-12	0	0	0	0	0	0	0	0	0	0
5.176318341e-06	4.40541818e-12	0	0	0	0	0	0	0	0	0	0
4.752079462e-06	4.470923398e-12	0	0	0	0	0	0	0	0	0	0
4.384427403e-06	4.492197226e-12	0	0	0	0	0	0	0	0	0	0
4.064910664e-06	4.636821016e-12	0	0	0	0	0	0	0	0	0	0
3.784584149e-06	4.71795884e-12	0	0	0	0	0	0	0	0	0	0
3.534713032e-06	4.788587211e-12	0	0	0	0	0	0	0	0	0	0
3.307949381e-06	4.84292898e-12	0	0	0	0	0	0	0	0	0	0
3.0979339e-06	4.869979667e-12	0	0	0	0	0	0	0	0	0	0
2.90080057e-06	4.861265191e-12	0	0	0	0	0	0	0	0	0	0
2.713785378e-06	4.810986439e-12	0	0	0	0	0	0	0	0	0	0
2.535756355e-06	4.716588333e-12	0	0	0	0	0	0	0	0	0	0
2.367070296e-06	4.571104682e-12	0	0	0	0	0	0	0	0	0	0
2.208795068e-06	4.373526208e-12	0	0	0	0	0	0	0	0	0	0
2.063709798e-06	4.125226816e-12	0	0	0	0	0	0	0	0	0	0
1.935839823e-06	3.828436659e-12	0	0	0	0	0	0	0	0	0	0
1.830454374e-06	3.490881122e-12	0	0	0	0	0	0	0	0	0	0
1.753927749e-06	3.118269769e-12	0	0	0	0	0	0	0	0	0	0
1.712928634e-06	2.722769953e-12	0	0	0	0	0	0	0	0	0	0
1.712476154e-06	2.317639245e-12	0	0	0	0	0	0	0	0	0	0
1.754642739e-06	1.917900907e-12	0	0	0	0	0	0	0	0	0	0
1.837536322e-06	1.534442487e-12	0	0	0	0	0	0	0	0	0	0
1.956544656e-06	1.188330885e-12	0	0	0	0	0	0	0	0	0	0
2.104810224e-06	8.930461152e-13	0	0	0	0	0	0	0	0	0	0
2.276524352e-06	6.695237628e-13	0	0	0	0	0	0	0	0	0	0
2.466170031e-06	5.369200169e-13	0	0	0	0	0	0	0	0	0	0
2.670796463e-06	4.924932338e-13	0	0	0	0	0	0	0	0	0	0
2.889059102e-06	4.994690671e-13	0	0	0	0	0	0	0	0	0	0
3.121950586e-06	5.2071335e-13	0	0	0	0	0	0	0	0	0	0
3.372288552e-06	5.57701864e-13	0	0	0	0	0	0	0	0	0	0
3.645410129e-06	6.383805252e-13	0	0	0	0	0	0	0	0	0	0
3.947807232e-06	8.125433219e-13	0	0	0	0	0	0	0	0	0	0
4.287082486e-06	1.115817697e-12	0	0	0	0	0	0	0	0	0	0
4.671326493e-06	1.574770412e-12	0	0	0	0	0	0	0	0	0	0
5.108286488e-06	2.186973695e-12	0	0	0	0	0	0	0	0	0	0
5.604681258e-06	2.963134351e-12	0	0	0	0	0	0	0	0	0	0
6.165864537e-06	3.926442331e-12	0	0	0	0	0	0	0	0	0	0
6.795199121e-06	5.081641877e-12	0	0	0	0	0	0	0	0	0	0
7.494182049e-06	6.449115475e-12	0	0	0	0	0	0	0	0	0	0
8.261909463e-06	8.039022665e-12	0	0	0	0	0	0	0	0	0	0
9.095282776e-06	9.836301624e-12	0	0	0	0	0	0	0	0	0	0
9.987943748e-06	1.186026915e-11	0	0	0	0	0	0	0	0	0	0
1.093063567e-05	1.405057288e-11	0	0	0	0	0	0	0	0	0	0
1.191003862e-05	1.641037556e-11	0	0	0	0	0	0	0	0	0	0
1.290866583e-05	1.886284869e-11	0	0	0	0	0	0	0	0	0	0
1.390584737e-05	2.135214265e-11	0	0	0	0	0	0	0	0	0	0
1.487749499e-05	2.377384833e-11	0	0	0	0	0	0	0	0	0	0
1.579781368e-05	2.607125465e-11	0	0	0	0	0	0	0	0	0	0
1.664165536e-05	2.81268315e-11	0	0	0	0	0	0	0	0	0	0
1.738496767e-05	2.985221157e-11	0	0	0	0	0	0	0	0	0	0
1.800808897e-05	3.116644219e-11	0	0	0	0	0	0	0	0	0	0
1.849696948e-05	3.2035551e-11	0	0	0	0	0	0	0	0	0	0
1.884428271e-05	3.236775306e-11	0	0	0	0	0	0	0	0	0	0
1.904985953e-05	3.222990141e-11	0	0	0	0	0	0	0	0	0	0
1.912019427e-05	3.157390442e-11	0	0	0	0	0	0	0	0	0	0
1.906757903e-05	3.046365421e-11	0	0	0	0	0	0	0	0	0	0
1.890831962e-05	2.897418706e-11	0	0	0	0	0	0	0	0	0	0
1.866088408e-05	2.719803713e-11	0	0	0	0	0	0	0	0	0	0
1.834377534e-05	2.518779127e-11	0	0	0	0	0	0	0	0	0	0
1.79738097e-05	2.3095332e-11	0	0	0	0	0	0	0	0	0	0
1.756505288e-05	2.092608736e-11	0	0	0	0	0	0	0	0	0	0
1.71281554e-05	1.880459127e-11	0	0	0	0	0	0	0	0	0	0
1.667024176e-05	1.679274279e-11	0	0	0	0	0	0	0	0	0	0
1.619558597e-05	1.492696533e-11	0	0	0	0	0	0	0	0	0	0
1.57062695e-05	1.3236928e-11	0	0	0	0	0	0	0	0	0	0
1.52030286e-05	1.17450619e-11	0	0	0	0	0	0	0	0	0	0
1.468606518e-05	1.046315656e-11	0	0	0	0	0	0	0	0	0	0
1.415578969e-05	9.392058582e-12	0	0	0	0	0	0	0	0	0	0
1.361299887e-05	8.521429217e-12	0	0	0	0	0	0	0	0	0	0
1.305918797e-05	7.819416591e-12	0	0	0	0	0	0	0	0	0	0
1.249646076e-05	7.292160229e-12	0	0	0	0	0	0	0	0	0	0
1.192724921e-05	6.892738787e-12	0	0	0	0	0	0	0	0	0	0
1.135423587e-05	6.606175619e-12	0	0	0	0	0	0	0	0	0	0
1.078002599e-05	6.401544127e-12	0	0	0	0	0	0	0	0	0	0
1.02070502e-05	6.263711801e-12	0	0	0	0	0	0	0	0	0	0
9.637088863e-06	6.149115372e-12	0	0	0	0	0	0	0	0	0	0
9.071705176e-06	6.054012747e-12	0	0	0	0	0	0	0	0	0	0
8.511929483e-06	5.944710362e-12	0	0	0	0	0	0	0	0	0	0
7.958499404e-06	5.800637243e-12	0	0	0	0	0	0	0	0	0	0
7.412016895e-06	5.614571335e-12	0	0	0	0	0	0	0	0	0	0
6.873198504e-06	5.385115119e-12	0	0	0	0	0	0	0	0	0	0
6.342886503e-06	5.10213541e-12	0	0	0	0	0	0	0	0	0	0
5.821998543e-06	4.762814603e-12	0	0	0	0	0	0	0	0	0	0
5.311985056e-06	4.373377341e-12	0	0	0	0	0	0	0	0	0	0
4.814433835e-06	3.946645064e-12	0	0	0	0	0	0	0	0	0	0
4.331093378e-06	3.483719011e-12	0	0	0	0	0	0	0	0	0	0
3.863887513e-06	3.0108164e-12	0	0	0	0	0	0	0	0	0	0
3.414732457e-06	2.536387373e-12	0	0	0	0	0	0	0	0	0	0
2.985596307e-06	2.067171905e-12	0	0	0	0	0	0	0	0	0	0
2.578217927e-06	1.625868455e-12	0	0	0	0	0	0	0	0	0	0
2.194786822e-06	1.221215184e-12	0	0	0	0	0	0	0	0	0	0
1.837447328e-06	8.659597913e-13	0	0	0	0	0	0	0	0	0	0
1.508504444e-06	5.685683359e-13	0	0	0	0	0	0	0	0	0	0
1.210773777e-06	3.382382156e-13	0	0	0	0	0	0	0	0	0	0
9.485436897e-07	1.840831547e-13	0	0	0	0	0	0	0	0	0	0
7.282509089e-07	1.1231292e-13	0	0	0	0	0	0	0	0	0	0
5.625031597e-07	9.278619593e-14	0	0	0	0	0	0	0	0	0	0
4.724010605e-07	8.531359567e-14	0	0	0	0	0	0	0	0	0	0
4.761139602e-07	1.378887968e-13	0	0	0	0	0	0	0	0	0	0
5.626801999e-07	2.735128586e-13	0	0	0	0	0	0	0	0	0	0
7.064271158e-07	4.676200899e-13	0	0	0	0	0	0	0	0	0	0
8.930696759e-07	7.082755954e-13	0	0	0	0	0	0	0	0	0	0
1.118826748e-06	9.919700306e-13	0	0	0	0	0	0	0	0	0	0
1.383634212e-06	1.312154685e-12	0	0	0	0	0	0	0	0	0	0
1.686731358e-06	1.666462155e-12	0	0	0	0	0	0	0	0	0	0
2.026125885e-06	2.052255149e-12	0	0	0	0	0	0	0	0	0	0
2.398165989e-06	2.469514937e-12	0	0	0	0	0	0	0	0	0	0
2.798489027e-06	2.914215226e-12	0	0	0	0	0	0	0	0	0	0
3.222648327e-06	3.391908287e-12	0	0	0	0	0	0	0	0	0	0
3.66686989e-06	3.894489744e-12	0	0	0	0	0	0	0	0	0	0
4.127775088e-06	4.430174111e-12	0	0	0	0	0	0	0	0	0	0
4.603429057e-06	4.996532481e-12	0	0	0	0	0	0	0	0	0	0
5.092871696e-06	5.586819617e-12	0	0	0	0	0	0	0	0	0	0
5.59549101e-06	6.209317696e-12	0	0	0	0	0	0	0	0	0	0
6.111276458e-06	6.856012663e-12	0	0	0	0	0	0	0	0	0	0
6.6398997e-06	7.517992943e-12	0	0	0	0	0	0	0	0	0	0
7.180654812e-06	8.201966181e-12	0	0	0	0	0	0	0	0	0	0
7.731954433e-06	8.897828387e-12	0	0	0	0	0	0	0	0	0	0
8.29184324e-06	9.594974021e-12	0	0	0	0	0	0	0	0	0	0
8.857392215e-06	1.029068133e-11	0	0	0	0	0	0	0	0	0	0
9.42540899e-06	1.097156471e-11	0	0	0	0	0	0	0	0	0	0
9.992430101e-06	1.16386057e-11	0	0	0	0	0	0	0	0	0	0
1.055496536e-05	1.227527898e-11	0	0	0	0	0	0	0	0	0	0
1.110948666e-05	1.287615086e-11	0	0	0	0	0	0	0	0	0	0
1.16526251e-05	1.344073911e-11	0	0	0	0	0	0	0	0	0	0
1.218101864e-05	1.395189547e-11	0	0	0	0	0	0	0	0	0	0
1.269137451e-05	1.441371293e-11	0	0	0	0	0	0	0	0	0	0
1.318010361e-05	1.48164014e-11	0	0	0	0	0	0	0	0	0	0
1.364397024e-05	1.515647354e-11	0	0	0	0	0	0	0	0	0	0
1.407949068e-05	1.543434972e-11	0	0	0	0	0	0	0	0	0	0
1.448362894e-05	1.564881751e-11	0	0	0	0	0	0	0	0	0	0
1.485352554e-05	1.579537297e-11	0	0	0	0	0	0	0	0	0	0
1.518696589e-05	1.588040141e-11	0	0	0	0	0	0	0	0	0	0
1.548238767e-05	1.589284297e-11	0	0	0	0	0	0	0	0	0	0
1.573878635e-05	1.584075615e-11	0	0	0	0	0	0	0	0	0	0
1.595587515e-05	1.573023843e-11	0	0	0	0	0	0	0	0	0	0
1.613364078e-05	1.555811267e-11	0	0	0	0	0	0	0	0	0	0
1.627241667e-05	1.532678922e-11	0	0	0	0	0	0	0	0	0	0
1.637242069e-05	1.504075063e-11	0	0	0	0	0	0	0	0	0	0
1.643395981e-05	1.469930165e-11	0	0	0	0	0	0	0	0	0	0
1.645713244e-05	1.431758964e-11	0	0	0	0	0	0	0	0	0	0
1.644207465e-05	1.38995217e-11	0	0	0	0	0	0	0	0	0	0
1.638881011e-05	1.345104142e-11	0	0	0	0	0	0	0	0	0	0
1.629741962e-05	1.29700332e-11	0	0	0	0	0	0	0	0	0	0
1.616781954e-05	1.248835678e-11	0	0	0	0	0	0	0	0	0	0
1.599982482e-05	1.198297531e-11	0	0	0	0	0	0	0	0	0	0
1.579245745e-05	1.148013928e-11	0	0	0	0	0	0	0	0	0	0
1.55439999e-05	1.097389025e-11	0	0	0	0	0	0	0	0	0	0
1.525163132e-05	1.046901335e-11	0	0	0	0	0	0	0	0	0	0
1.491129449e-05	9.966952755e-12	0	0	0	0	0	0	0	0	0	0
1.451800406e-05	9.465871951e-12	0	0	0	0	0	0	0	0	0	0
1.406666984e-05	8.963795902e-12	0	0	0	0	0	0	0	0	0	0
1.355252468e-05	8.457331987e-12	0	0	0	0	0	0	0	0	0	0
1.297243807e-05	7.946781941e-12	0	0	0	0	0	0	0	0	0	0
1.232578849e-05	7.434931084e-12	0	0	0	0	0	0	0	0	0	0
1.161543094e-05	6.921429369e-12	0	0	0	0	0	0	0	0	0	0
1.084806701e-05	6.416722948e-12	0	0	0	0	0	0	0	0	0	0
1.003413706e-05	5.928019178e-12	0	0	0	0	0	0	0	0	0	0
9.187674393e-06	5.461475357e-12	0	0	0	0	0	0	0	0	0	0
8.325245068e-06	5.026361344e-12	0	0	0	0	0	0	0	0	0	0
7.465060017e-06	4.628600129e-12	0	0	0	0	0	0	0	0	0	0
6.62532722e-06	4.269399718e-12	0	0	0	0	0	0	0	0	0	0
5.823276684e-06	3.945765344e-12	0	0	0	0	0	0	0	0	0	0
5.073974645e-06	3.653148142e-12	0	0	0	0	0	0	0	0	0	0
4.388789246e-06	3.390208215e-12	0	0	0	0	0	0	0	0	0	0
3.775068899e-06	3.143788109e-12	0	0	0	0	0	0	0	0	0	0
3.235359438e-06	2.912685169e-12	0	0	0	0	0	0	0	0	0	0
2.767443775e-06	2.686798346e-12	0	0	0	0	0	0	0	0	0	0
2.364915042e-06	2.464688631e-12	0	0	0	0	0	0	0	0	0	0
2.018158739e-06	2.241131119e-12	0	0	0	0	0	0	0	0	0	0
1.71664208e-06	2.016566765e-12	0	0	0	0	0	0	0	0	0	0
1.450383684e-06	1.790496099e-12	0	0	0	0	0	0	0	0	0	0
1.212957615e-06	1.565796024e-12	0	0	0	0	0	0	0	0	0	0
1.003312925e-06	1.345496011e-12	0	0	0	0	0	0	0	0	0	0
8.301670718e-07	1.133201161e-12	0	0	0	0	0	0	0	0	0	0
7.13910805e-07	9.348404553e-13	0	0	0	0	0	0	0	0	0	0
6.838070948e-07	7.553062656e-13	0	0	0	0	0	0	0	0	0	0
7.50884328e-07	6.018915671e-13	0	0	0	0	0	0	0	0	0	0
8.943460557e-07	4.806991096e-13	0	0	0	0	0	0	0	0	0	0
1.084408018e-06	3.992154706e-13	0	0	0	0	0	0	0	0	0	0
1.300531174e-06	3.61722496e-13	0	0	0	0	0	0	0	0	0	0
1.531420891e-06	3.633871829e-13	0	0	0	0	0	0	0	0	0	0
1.771356878e-06	3.924343283e-13	0	0	0	0	0	0	0	0	0	0
2.016746713e-06	4.362796106e-13	0	0	0	0	0	0	0	0	0	0
2.26700336e-06	4.887694744e-13	0	0	0	0	0	0	0	0	0	0
2.521702851e-06	5.457313672e-13	0	0	0	0	0	0	0	0	0	0
2.781861381e-06	6.051199591e-13	0	0	0	0	0	0	0	0	0	0
3.048824013e-06	6.662167326e-13	0	0	0	0	0	0	0	0	0	0
3.32464907e-06	7.279127479e-13	0	0	0	0	0	0	0	0	0	0
3.612152501e-06	7.911387672e-13	0	0	0	0	0	0	0	0	0	0
3.914404559e-06	8.565445576e-13	0	0	0	0	0	0	0	0	0	0
4.234877624e-06	9.350721287e-13	0	0	0	0	0	0	0	0	0	0
4.577686966e-06	1.02810737e-12	0	0	0	0	0	0	0	0	0	0
4.94597002e-06	1.158888883e-12	0	0	0	0	0	0	0	0	0	0
5.343538026e-06	1.340158616e-12	0	0	0	0	0	0	0	0	0	0
5.772579961e-06	1.600036189e-12	0	0	0	0	0	0	0	0	0	0
6.236431241e-06	1.950439983e-12	0	0	0	0	0	0	0	0	0	0
6.736738351e-06	2.439231895e-12	0	0	0	0	0	0	0	0	0	0
7.275958673e-06	3.088729504e-12	0	0	0	0	0	0	0	0	0	0
7.856627264e-06	3.918950792e-12	0	0	0	0	0	0	0	0	0	0
8.48127603e-06	4.956562952e-12	0	0	0	0	0	0	0	0	0	0
9.15310473e-06	6.225328161e-12	0	0	0	0	0	0	0	0	0	0
9.874381096e-06	7.748644152e-12	0	0	0	0	0	0	0	0	0	0
1.064662267e-05	9.502126118e-12	0	0	0	0	0	0	0	0	0	0
1.146845829e-05	1.15144124e-11	0	0	0	0	0	0	0	0	0	0
1.233507337e-05	1.37311461e-11	0	0	0	0	0	0	0	0	0	0
1.323672258e-05	1.611639703e-11	0	0	0	0	0	0	0	0	0	0
1.415874092e-05	1.861420243e-11	0	0	0	0	0	0	0	0	0	0
1.508106636e-05	2.117664149e-11	0	0	0	0	0	0	0	0	0	0
1.597987195e-05	2.369589713e-11	0	0	0	0	0	0	0	0	0	0
1.682898238e-05	2.606514457e-11	0	0	0	0	0	0	0	0	0	0
1.760186932e-05	2.820617005e-11	0	0	0	0	0	0	0	0	0	0
1.827328624e-05	3.004742635e-11	0	0	0	0	0	0	0	0	0	0
1.882246502e-05	3.149969245e-11	0	0	0	0	0	0	0	0	0	0
1.923363664e-05	3.250463647e-11	0	0	0	0	0	0	0	0	0	0
1.949735283e-05	3.302538945e-11	0	0	0	0	0	0	0	0	0	0
1.961083477e-05	3.30577611e-11	0	0	0	0	0	0	0	0	0	0
1.957743068e-05	3.263937745e-11	0	0	0	0	0	0	0	0	0	0
1.940579625e-05	3.177001226e-11	0	0	0	0	0	0	0	0	0	0
1.910842771e-05	3.054264024e-11	0	0	0	0	0	0	0	0	0	0
1.87006166e-05	2.903009896e-11	0	0	0	0	0	0	0	0	0	0
1.819885098e-05	2.728121793e-11	0	0	0	0	0	0	0	0	0	0
1.762000714e-05	2.538934203e-11	0	0	0	0	0	0	0	0	0	0
1.698060044e-05	2.340164248e-11	0	0	0	0	0	0	0	0	0	0
1.629626524e-05	2.141732675e-11	0	0	0	0	0	0	0	0	0	0
1.558166326e-05	1.942690569e-11	0	0	0	0	0	0	0	0	0	0
1.485040751e-05	1.75160185e-11	0	0	0	0	0	0	0	0	0	0
1.411502652e-05	1.568768688e-11	0	0	0	0	0	0	0	0	0	0
1.33868168e-05	1.397346302e-11	0	0	0	0	0	0	0	0	0	0
1.267585736e-05	1.237339808e-11	0	0	0	0	0	0	0	0	0	0
1.199069029e-05	1.089390266e-11	0	0	0	0	0	0	0	0	0	0
1.133810575e-05	9.537235471e-12	0	0	0	0	0	0	0	0	0	0
1.072297207e-05	8.296404156e-12	0	0	0	0	0	0	0	0	0	0
1.014801957e-05	7.169143857e-12	0	0	0	0	0	0	0	0	0	0
9.613987921e-06	6.150879175e-12	0	0	0	0	0	0	0	0	0	0
9.119367074e-06	5.241425572e-12	0	0	0	0	0	0	0	0	0	0
8.66120591e-06	4.433864625e-12	0	0	0	0	0	0	0	0	0	0
8.234927866e-06	3.722236614e-12	0	0	0	0	0	0	0	0	0	0
7.835027941e-06	3.107697051e-12	0	0	0	0	0	0	0	0	0	0
7.45583399e-06	2.592770568e-12	0	0	0	0	0	0	0	0	0	0
7.09147686e-06	2.167787184e-12	0	0	0	0	0	0	0	0	0	0
6.736520288e-06	1.832258679e-12	0	0	0	0	0	0	0	0	0	0
6.386567768e-06	1.569135096e-12	0	0	0	0	0	0	0	0	0	0
6.037857486e-06	1.369753096e-12	0	0	0	0	0	0	0	0	0	0
5.687367375e-06	1.222407532e-12	0	0	0	0	0	0	0	0	0	0
5.333815855e-06	1.107753965e-12	0	0	0	0	0	0	0	0	0	0
4.975727039e-06	1.014797881e-12	0	0	0	0	0	0	0	0	0	0
4.61277868e-06	9.346420554e-13	0	0	0	0	0	0	0	0	0	0
4.244942228e-06	8.597738506e-13	0	0	0	0	0	0	0	0	0	0
3.87319885e-06	7.860307871e-13	0	0	0	0	0	0	0	0	0	0
3.498106092e-06	7.151924216e-13	0	0	0	0	0	0	0	0	0	0
3.121536601e-06	6.441041309e-13	0	0	0	0	0	0	0	0	0	0
2.745665659e-06	5.737159945e-13	0	0	0	0	0	0	0	0	0	0
2.373419244e-06	5.034728966e-13	0	0	0	0	0	0	0	0	0	0
2.008647945e-06	4.379181365e-13	0	0	0	0	0	0	0	0	0	0
1.656255963e-06	3.757157101e-13	0	0	0	0	0	0	0	0	0	0
1.323910355e-06	3.228902831e-13	0	0	0	0	0	0	0	0	0	0
1.02163688e-06	2.7794634e-13	0	0	0	0	0	0	0	0	0	0
7.68576656e-07	2.496222588e-13	0	0	0	0	0	0	0	0	0	0
6.004504578e-07	2.366673381e-13	0	0	0	0	0	0	0	0	0	0
5.639953598e-07	2.440938897e-13	0	0	0	0	0	0	0	0	0	0
6.567840599e-07	2.688575713e-13	0	0	0	0	0	0	0	0	0	0
8.228833191e-07	3.078518077e-13	0	0	0	0	0	0	0	0	0	0
1.022888338e-06	3.585124664e-13	0	0	0	0	0	0	0	0	0	0
1.244008929e-06	4.250148421e-13	0	0	0	0	0	0	0	0	0	0
1.486663575e-06	5.078072177e-13	0	0	0	0	0	0	0	0	0	0
1.756012932e-06	6.126546371e-13	0	0	0	0	0	0	0	0	0	0
2.058483127e-06	7.444395431e-13	0	0	0	0	0	0	0	0	0	0
2.399679322e-06	9.086121098e-13	0	0	0	0	0	0	0	0	0	0
2.783808592e-06	1.106034149e-12	0	0	0	0	0	0	0	0	0	0
3.213425573e-06	1.348003841e-12	0	0	0	0	0	0	0	0	0	0
3.689569761e-06	1.633987281e-12	0	0	0	0	0	0	0	0	0	0
4.211931214e-06	1.975287817e-12	0	0	0	0	0	0	0	0	0	0
4.779251947e-06	2.361458927e-12	0	0	0	0	0	0	0	0	0	0
5.389236022e-06	2.805927838e-12	0	0	0	0	0	0	0	0	0	0
6.038558959e-06	3.305729216e-12	0	0	0	0	0	0	0	0	0	0
6.723043701e-06	3.856361206e-12	0	0	0	0	0	0	0	0	0	0
7.4375524e-06	4.468707219e-12	0	0	0	0	0	0	0	0	0	0
8.176257975e-06	5.131246695e-12	0	0	0	0	0	0	0	0	0	0
8.932729783e-06	5.842926231e-12	0	0	0	0	0	0	0	0	0	0
9.700144104e-06	6.59627972e-12	0	0	0	0	0	0	0	0	0	0
1.047077925e-05	7.392649619e-12	0	0	0	0	0	0	0	0	0	0
1.123667182e-05	8.213039489e-12	0	0	0	0	0	0	0	0	0	0
1.198953469e-05	9.04586547e-12	0	0	0	0	0	0	0	0	0	0
1.272044297e-05	9.886641753e-12	0	0	0	0	0	0	0	0	0	0
1.342016137e-05	1.071965739e-11	0	0	0	0	0	0	0	0	0	0
1.407945819e-05	1.151964754e-11	0	0	0	0	0	0	0	0	0	0
1.468930741e-05	1.227636675e-11	0	0	0	0	0	0	0	0	0	0
1.52414657e-05	1.297873337e-11	0	0	0	0	0	0	0	0	0	0
1.572904588e-05	1.360844971e-11	0	0	0	0	0	0	0	0	0	0
1.614704357e-05	1.415205543e-11	0	0	0	0	0	0	0	0	0	0
1.6492656e-05	1.46059031e-11	0	0	0	0	0	0	0	0	0	0
1.676542896e-05	1.495666362e-11	0	0	0	0	0	0	0	0	0	0
1.696724424e-05	1.522405884e-11	0	0	0	0	0	0	0	0	0	0
1.710181794e-05	1.539262934e-11	0	0	0	0	0	0	0	0	0	0
1.717403749e-05	1.547986955e-11	0	0	0	0	0	0	0	0	0	0
1.718900885e-05	1.548649274e-11	0	0	0	0	0	0	0	0	0	0
1.71514294e-05	1.543013743e-11	0	0	0	0	0	0	0	0	0	0
1.70650555e-05	1.530549607e-11	0	0	0	0	0	0	0	0	0	0
1.693236373e-05	1.51370868e-11	0	0	0	0	0	0	0	0	0	0
1.675457666e-05	1.492198325e-11	0	0	0	0	0	0	0	0	0	0
1.653216501e-05	1.468048825e-11	0	0	0	0	0	0	0	0	0	0
1.626520223e-05	1.439625127e-11	0	0	0	0	0	0	0	0	0	0
1.595414027e-05	1.408846232e-11	0	0	0	0	0	0	0	0	0	0
1.560017868e-05	1.376534838e-11	0	0	0	0	0	0	0	0	0	0
1.520582373e-05	1.342895672e-11	0	0	0	0	0	0	0	0	0	0
1.477484819e-05	1.307541952e-11	0	0	0	0	0	0	0	0	0	0
1.431206738e-05	1.271191735e-11	0	0	0	0	0	0	0	0	0	0
1.382322967e-05	1.233779619e-11	0	0	0	0	0	0	0	0	0	0
1.331410591e-05	1.195136418e-11	0	0	0	0	0	0	0	0	0	0
1.279012753e-05	1.156035393e-11	0	0	0	0	0	0	0	0	0	0
1.225579747e-05	1.115462469e-11	0	0	0	0	0	0	0	0	0	0
1.171433238e-05	1.073859398e-11	0	0	0	0	0	0	0	0	0	0
1.116744033e-05	1.030794131e-11	0	0	0	0	0	0	0	0	0	0
1.061568226e-05	9.865885435e-12	0	0	0	0	0	0	0	0	0	0
1.005879078e-05	9.407121036e-12	0	0	0	0	0	0	0	0	0	0
9.496251936e-06	8.93228565e-12	0	0	0	0	0	0	0	0	0	0
8.928025083e-06	8.445161041e-12	0	0	0	0	0	0	0	0	0	0
8.354924584e-06	7.944477083e-12	0	0	0	0	0	0	0	0	0	0
7.779011339e-06	7.432383946e-12	0	0	0	0	0	0	0	0	0	0
7.203537968e-06	6.915000127e-12	0	0	0	0	0	0	0	0	0	0
6.633000222e-06	6.400710968e-12	0	0	0	0	0	0	0	0	0	0
6.072497554e-06	5.885731404e-12	0	0	0	0	0	0	0	0	0	0
5.527361494e-06	5.37832015e-12	0	0	0	0	0	0	0	0	0	0
5.002723253e-06	4.878718805e-12	0	0	0	0	0	0	0	0	0	0
4.50297831e-06	4.39225887e-12	0	0	0	0	0	0	0	0	0	0
4.031370697e-06	3.926646446e-12	0	0	0	0	0	0	0	0	0	0
3.590091096e-06	3.474237908e-12	0	0	0	0	0	0	0	0	0	0
3.179898923e-06	3.043948422e-12	0	0	0	0	0	0	0	0	0	0
2.800526898e-06	2.63079831e-12	0	0	0	0	0	0	0	0	0	0
2.450595717e-06	2.241743588e-12	0	0	0	0	0	0	0	0	0	0
2.128057345e-06	1.87662125e-12	0	0	0	0	0	0	0	0	0	0
1.83061516e-06	1.538339886e-12	0	0	0	0	0	0	0	0	0	0
1.556321568e-06	1.227860517e-12	0	0	0	0	0	0	0	0	0	0
1.304282747e-06	9.497074535e-13	0	0	0	0	0	0	0	0	0	0
1.07692801e-06	7.039343393e-13	0	0	0	0	0	0	0	0	0	0
8.829701902e-07	4.939147479e-13	0	0	0	0	0	0	0	0	0	0
7.433595264e-07	3.241531234e-13	0	0	0	0	0	0	0	0	0	0
6.9244962e-07	2.026115248e-13	0	0	0	0	0	0	0	0	0	0
7.53953256e-07	1.431734748e-13	0	0	0	0	0	0	0	0	0	0
9.130620485e-07	1.516621352e-13	0	0	0	0	0	0	0	0	0	0
1.13748516e-06	1.896904611e-13	0	0	0	0	0	0	0	0	0	0
1.403704906e-06	2.35844765e-13	0	0	0	0	0	0	0	0	0	0
1.6989781e-06	2.900565051e-13	0	0	0	0	0	0	0	0	0	0
2.016113671e-06	3.566629702e-13	0	0	0	0	0	0	0	0	0	0
2.350727367e-06	4.365451457e-13	0	0	0	0	0	0	0	0	0	0
2.700399373e-06	5.275864202e-13	0	0	0	0	0	0	0	0	0	0
3.062977601e-06	6.266321482e-13	0	0	0	0	0	0	0	0	0	0
3.436949828e-06	7.290988117e-13	0	0	0	0	0	0	0	0	0	0
3.821080186e-06	7.528178025e-13	0	0	0	0	0	0	0	0	0	0
4.214864254e-06	9.234084194e-13	0	0	0	0	0	0	0	0	0	0
4.617894781e-06	1.016513523e-12	0	0	0	0	0	0	0	0	0	0
5.030038319e-06	1.109635979e-12	0	0	0	0	0	0	0	0	0	0
5.450989291e-06	1.198439963e-12	0	0	0	0	0	0	0	0	0	0
5.881001926e-06	1.301446855e-12	0	0	0	0	0	0	0	0	0	0
6.319580873e-06	1.411056685e-12	0	0	0	0	0	0	0	0	0	0
6.766268871e-06	1.566618465e-12	0	0	0	0	0	0	0	0	0	0
7.221110746e-06	1.759673317e-12	0	0	0	0	0	0	0	0	0	0
7.68401159e-06	2.037685831e-12	0	0	0	0	0	0	0	0	0	0
8.155317699e-06	2.406602296e-12	0	0	0	0	0	0	0	0	0	0
8.636548943e-06	2.918022748e-12	0	0	0	0	0	0	0	0	0	0
9.130539707e-06	3.567444951e-12	0	0	0	0	0	0	0	0	0	0
9.641124848e-06	4.403019881e-12	0	0	0	0	0	0	0	0	0	0
1.017397112e-05	5.439984177e-12	0	0	0	0	0	0	0	0	0	0
1.073521609e-05	6.681949451e-12	0	0	0	0	0	0	0	0	0	0
1.13308314e-05	8.132295631e-12	0	0	0	0	0	0	0	0	0	0
1.196559604e-05	9.780692115e-12	0	0	0	0	0	0	0	0	0	0
1.264150022e-05	1.161083056e-11	0	0	0	0	0	0	0	0	0	0
1.335669415e-05	1.358401037e-11	0	0	0	0	0	0	0	0	0	0
1.410491103e-05	1.567181899e-11	0	0	0	0	0	0	0	0	0	0
1.487535726e-05	1.78287911e-11	0	0	0	0	0	0	0	0	0	0
1.565350727e-05	1.998758069e-11	0	0	0	0	0	0	0	0	0	0
1.642188854e-05	2.207319635e-11	0	0	0	0	0	0	0	0	0	0
1.716214034e-05	2.405906819e-11	0	0	0	0	0	0	0	0	0	0
1.785545579e-05	2.587466368e-11	0	0	0	0	0	0	0	0	0	0
1.848457939e-05	2.748593845e-11	0	0	0	0	0	0	0	0	0	0
1.903418994e-05	2.883854207e-11	0	0	0	0	0	0	0	0	0	0
1.949154522e-05	2.994338903e-11	0	0	0	0	0	0	0	0	0	0
1.984655317e-05	3.076188771e-11	0	0	0	0	0	0	0	0	0	0
2.00917077e-05	3.128131621e-11	0	0	0	0	0	0	0	0	0	0
2.02220423e-05	3.153083079e-11	0	0	0	0	0	0	0	0	0	0
2.023473054e-05	3.155447917e-11	0	0	0	0	0	0	0	0	0	0
2.012896414e-05	3.133417244e-11	0	0	0	0	0	0	0	0	0	0
1.990580527e-05	3.087959871e-11	0	0	0	0	0	0	0	0	0	0
1.956826777e-05	3.026528354e-11	0	0	0	0	0	0	0	0	0	0
1.912100839e-05	2.945080393e-11	0	0	0	0	0	0	0	0	0	0
1.857040019e-05	2.849823472e-11	0	0	0	0	0	0	0	0	0	0
1.79243685e-05	2.737233163e-11	0	0	0	0	0	0	0	0	0	0
1.719233286e-05	2.613263005e-11	0	0	0	0	0	0	0	0	0	0
1.638495854e-05	2.475257769e-11	0	0	0	0	0	0	0	0	0	0
1.551404177e-05	2.326044507e-11	0	0	0	0	0	0	0	0	0	0
1.459248841e-05	2.165760405e-11	0	0	0	0	0	0	0	0	0	0
1.363443663e-05	1.995638852e-11	0	0	0	0	0	0	0	0	0	0
1.265455222e-05	1.817637265e-11	0	0	0	0	0	0	0	0	0	0
1.166889186e-05	1.634918559e-11	0	0	0	0	0	0	0	0	0	0
1.069365311e-05	1.449322056e-11	0	0	0	0	0	0	0	0	0	0
9.745357477e-06	1.264206289e-11	0	0	0	0	0	0	0	0	0	0
8.84012326e-06	1.083443341e-11	0	0	0	0	0	0	0	0	0	0
7.992650116e-06	9.09692825e-12	0	0	0	0	0	0	0	0	0	0
7.215046423e-06	7.467061993e-12	0	0	0	0	0	0	0	0	0	0
6.515936574e-06	5.971481226e-12	0	0	0	0	0	0	0	0	0	0
5.899256462e-06	4.634360093e-12	0	0	0	0	0	0	0	0	0	0
5.36396778e-06	3.486816188e-12	0	0	0	0	0	0	0	0	0	0
4.903822172e-06	2.527946755e-12	0	0	0	0	0	0	0	0	0	0
4.508761911e-06	1.767829049e-12	0	0	0	0	0	0	0	0	0	0
4.166235457e-06	1.208034522e-12	0	0	0	0	0	0	0	0	0	0
3.863385457e-06	8.491911885e-13	0	0	0	0	0	0	0	0	0	0
3.588612345e-06	6.630545586e-13	0	0	0	0	0	0	0	0	0	0
3.332432059e-06	5.811903458e-13	0	0	0	0	0	0	0	0	0	0
3.087835205e-06	5.418908659e-13	0	0	0	0	0	0	0	0	0	0
2.850520401e-06	5.288578453e-13	0	0	0	0	0	0	0	0	0	0
2.618373029e-06	5.620191106e-13	0	0	0	0	0	0	0	0	0	0
2.39112013e-06	6.619763497e-13	0	0	0	0	0	0	0	0	0	0
2.169596113e-06	8.210878564e-13	0	0	0	0	0	0	0	0	0	0
1.956294171e-06	1.01682686e-12	0	0	0	0	0	0	0	0	0	0
1.756099872e-06	1.230098403e-12	0	0	0	0	0	0	0	0	0	0
1.575331974e-06	1.441605966e-12	0	0	0	0	0	0	0	0	0	0
1.423358064e-06	1.645155013e-12	0	0	0	0	0	0	0	0	0	0
1.312024584e-06	1.835675515e-12	0	0	0	0	0	0	0	0	0	0
1.253350391e-06	2.009441644e-12	0	0	0	0	0	0	0	0	0	0
1.254899518e-06	2.16574176e-12	0	0	0	0	0	0	0	0	0	0
1.315720913e-06	2.308646358e-12	0	0	0	0	0	0	0	0	0	0
1.427333564e-06	2.440474282e-12	0	0	0	0	0	0	0	0	0	0
1.577503897e-06	2.563543095e-12	0	0	0	0	0	0	0	0	0	0
1.756096241e-06	2.68303227e-12	0	0	0	0	0	0	0	0	0	0
1.955370412e-06	2.7997115e-12	0	0	0	0	0	0	0	0	0	0
2.172077844e-06	2.919171605e-12	0	0	0	0	0	0	0	0	0	0
2.405187547e-06	3.047715109e-12	0	0	0	0	0	0	0	0	0	0
2.657180016e-06	3.182205265e-12	0	0	0	0	0	0	0	0	0	0
2.931641648e-06	3.331099763e-12	0	0	0	0	0	0	0	0	0	0
3.23392939e-06	3.489220791e-12	0	0	0	0	0	0	0	0	0	0
3.570003608e-06	3.6734844e-12	0	0	0	0	0	0	0	0	0	0
3.945940686e-06	3.867703638e-12	0	0	0	0	0	0	0	0	0	0
4.367442246e-06	4.087117708e-12	0	0	0	0	0	0	0	0	0	0
4.839030808e-06	4.325598114e-12	0	0	0	0	0	0	0	0	0	0
5.363955018e-06	4.588180544e-12	0	0	0	0	0	0	0	0	0	0
5.943719738e-06	4.871339996e-12	0	0	0	0	0	0	0	0	0	0
6.578195384e-06	5.183135049e-12	0	0	0	0	0	0	0	0	0	0
7.265118426e-06	5.514294806e-12	0	0	0	0	0	0	0	0	0	0
8.000626044e-06	5.876298825e-12	0	0	0	0	0	0	0	0	0	0
8.778718731e-06	6.266809873e-12	0	0	0	0	0	0	0	0	0	0
9.591288245e-06	6.684609042e-12	0	0	0	0	0	0	0	0	0	0
1.042836769e-05	7.130556321e-12	0	0	0	0	0	0	0	0	0	0
1.127793558e-05	7.605755333e-12	0	0	0	0	0	0	0	0	0	0
1.212591383e-05	8.101673449e-12	0	0	0	0	0	0	0	0	0	0
1.295656643e-05	8.61595138e-12	0	0	0	0	0	0	0	0	0	0
1.37534083e-05	9.134352372e-12	0	0	0	0	0	0	0	0	0	0
1.449962785e-05	9.643758936e-12	0	0	0	0	0	0	0	0	0	0
1.517940152e-05	1.012998732e-11	0	0	0	0	0	0	0	0	0	0
1.577884314e-05	1.057832875e-11	0	0	0	0	0	0	0	0	0	0
1.628719012e-05	1.097340825e-11	0	0	0	0	0	0	0	0	0	0
1.669818537e-05	1.130437022e-11	0	0	0	0	0	0	0	0	0	0
1.70099863e-05	1.157231024e-11	0	0	0	0	0	0	0	0	0	0
1.722531197e-05	1.17720939e-11	0	0	0	0	0	0	0	0	0	0
1.735141144e-05	1.190393622e-11	0	0	0	0	0	0	0	0	0	0
1.739826462e-05	1.200117967e-11	0	0	0	0	0	0	0	0	0	0
1.737759407e-05	1.20669318e-11	0	0	0	0	0	0	0	0	0	0
1.730122837e-05	1.211452331e-11	0	0	0	0	0	0	0	0	0	0
1.717960439e-05	1.214962114e-11	0	0	0	0	0	0	0	0	0	0
1.702086346e-05	1.219263592e-11	0	0	0	0	0	0	0	0	0	0
1.683035081e-05	1.225391535e-11	0	0	0	0	0	0	0	0	0	0
1.661078682e-05	1.233268533e-11	0	0	0	0	0	0	0	0	0	0
1.636283745e-05	1.241785119e-11	0	0	0	0	0	0	0	0	0	0
1.60859592e-05	1.251518237e-11	0	0	0	0	0	0	0	0	0	0
1.577923024e-05	1.261758106e-11	0	0	0	0	0	0	0	0	0	0
1.544219915e-05	1.27364647e-11	0	0	0	0	0	0	0	0	0	0
1.507517505e-05	1.283772648e-11	0	0	0	0	0	0	0	0	0	0
1.467965477e-05	1.294379944e-11	0	0	0	0	0	0	0	0	0	0
1.425776162e-05	1.303440513e-11	0	0	0	0	0	0	0	0	0	0
1.381239389e-05	1.310527708e-11	0	0	0	0	0	0	0	0	0	0
1.334632799e-05	1.315177958e-11	0	0	0	0	0	0	0	0	0	0
1.286203054e-05	1.316442123e-11	0	0	0	0	0	0	0	0	0	0
1.2361383e-05	1.313121317e-11	0	0	0	0	0	0	0	0	0	0
1.184547366e-05	1.305638497e-11	0	0	0	0	0	0	0	0	0	0
1.131481137e-05	1.291765291e-11	0	0	0	0	0	0	0	0	0	0
1.076942245e-05	1.271895496e-11	0	0	0	0	0	0	0	0	0	0
1.020912171e-05	1.244918208e-11	0	0	0	0	0	0	0	0	0	0
9.634296896e-06	1.210308742e-11	0	0	0	0	0	0	0	0	0	0
9.04571552e-06	1.168103268e-11	0	0	0	0	0	0	0	0	0	0
8.445073906e-06	1.117969352e-11	0	0	0	0	0	0	0	0	0	0
7.835098725e-06	1.060162916e-11	0	0	0	0	0	0	0	0	0	0
7.219368762e-06	9.953358902e-12	0	0	0	0	0	0	0	0	0	0
6.602327798e-06	9.242803147e-12	0	0	0	0	0	0	0	0	0	0
5.988992475e-06	8.478432987e-12	0	0	0	0	0	0	0	0	0	0
5.384844391e-06	7.676191837e-12	0	0	0	0	0	0	0	0	0	0
4.795685027e-06	6.843229139e-12	0	0	0	0	0	0	0	0	0	0
4.227199947e-06	6.000953455e-12	0	0	0	0	0	0	0	0	0	0
3.685113801e-06	5.164721666e-12	0	0	0	0	0	0	0	0	0	0
3.174644816e-06	4.347174157e-12	0	0	0	0	0	0	0	0	0	0
2.700810427e-06	3.509780322e-12	0	0	0	0	0	0	0	0	0	0
2.268018965e-06	2.838839401e-12	0	0	0	0	0	0	0	0	0	0
1.879863606e-06	2.175891851e-12	0	0	0	0	0	0	0	0	0	0
1.538992833e-06	1.588149989e-12	0	0	0	0	0	0	0	0	0	0
1.247160858e-06	1.084677835e-12	0	0	0	0	0	0	0	0	0	0
1.004239024e-06	6.743737919e-13	0	0	0	0	0	0	0	0	0	0
8.086618773e-07	3.638408245e-13	0	0	0	0	0	0	0	0	0	0
6.572520167e-07	1.723182438e-13	0	0	0	0	0	0	0	0	0	0
5.473888904e-07	1.33475832e-13	0	0	0	0	0	0	0	0	0	0
4.802953993e-07	1.45436455e-13	0	0	0	0	0	0	0	0	0	0
4.640681168e-07	1.205167577e-13	0	0	0	0	0	0	0	0	0	0
5.091073115e-07	1.129597945e-13	0	0	0	0	0	0	0	0	0	0
6.169163503e-07	2.415965302e-13	0	0	0	0	0	0	0	0	0	0
7.801372834e-07	4.556277602e-13	0	0	0	0	0	0	0	0	0	0
9.901095374e-07	7.18260516e-13	0	0	0	0	0	0	0	0	0	0
1.24020453e-06	1.013405936e-12	0	0	0	0	0	0	0	0	0	0
1.526071519e-06	1.328880497e-12	0	0	0	0	0	0	0	0	0	0
1.844405565e-06	1.654023902e-12	0	0	0	0	0	0	0	0	0	0
2.19277384e-06	1.979473748e-12	0	0	0	0	0	0	0	0	0	0
2.569488143e-06	2.296071839e-12	0	0	0	0	0	0	0	0	0	0
2.973091492e-06	2.604656802e-12	0	0	0	0	0	0	0	0	0	0
3.402652362e-06	2.896867156e-12	0	0	0	0	0	0	0	0	0	0
3.857425306e-06	3.172849431e-12	0	0	0	0	0	0	0	0	0	0
4.336552487e-06	3.431963374e-12	0	0	0	0	0	0	0	0	0	0
4.838955615e-06	3.677780733e-12	0	0	0	0	0	0	0	0	0	0
5.363510949e-06	3.918138367e-12	0	0	0	0	0	0	0	0	0	0
5.908145351e-06	4.157810938e-12	0	0	0	0	0	0	0	0	0	0
6.470331097e-06	4.407950126e-12	0	0	0	0	0	0	0	0	0	0
7.047183315e-06	4.67153814e-12	0	0	0	0	0	0	0	0	0	0
7.634623519e-06	4.947317361e-12	0	0	0	0	0	0	0	0	0	0
8.228697607e-06	5.255430367e-12	0	0	0	0	0	0	0	0	0	0
8.824624413e-06	5.600470721e-12	0	0	0	0	0	0	0	0	0	0
9.417838088e-06	5.983643032e-12	0	0	0	0	0	0	0	0	0	0
1.000342267e-05	6.39490864e-12	0	0	0	0	0	0	0	0	0	0
1.057707632e-05	6.855238299e-12	0	0	0	0	0	0	0	0	0	0
1.11344468e-05	7.33262463e-12	0	0	0	0	0	0	0	0	0	0
1.16720153e-05	7.863009695e-12	0	0	0	0	0	0	0	0	0	0
1.218659133e-05	8.412739366e-12	0	0	0	0	0	0	0	0	0	0
1.267575618e-05	9.00464396e-12	0	0	0	0	0	0	0	0	0	0
1.313757365e-05	9.600178018e-12	0	0	0	0	0	0	0	0	0	0
1.357054658e-05	1.018856738e-11	0	0	0	0	0	0	0	0	0	0
1.397388985e-05	1.080501633e-11	0	0	0	0	0	0	0	0	0	0
1.434704798e-05	1.140458021e-11	0	0	0	0	0	0	0	0	0	0
1.468978313e-05	1.198517281e-11	0	0	0	0	0	0	0	0	0	0
1.500212203e-05	1.255329371e-11	0	0	0	0	0	0	0	0	0	0
1.528396526e-05	1.311575424e-11	0	0	0	0	0	0	0	0	0	0
1.553521245e-05	1.366593228e-11	0	0	0	0	0	0	0	0	0	0
1.575552881e-05	1.420156641e-11	0	0	0	0	0	0	0	0	0	0
1.594409104e-05	1.473703653e-11	0	0	0	0	0	0	0	0	0	0
1.609968346e-05	1.526625031e-11	0	0	0	0	0	0	0	0	0	0
1.622059151e-05	1.581927014e-11	0	0	0	0	0	0	0	0	0	0
1.630468729e-05	1.636869e-11	0	0	0	0	0	0	0	0	0	0
1.634954409e-05	1.694932052e-11	0	0	0	0	0	0	0	0	0	0
1.635259986e-05	1.752391701e-11	0	0	0	0	0	0	0	0	0	0
1.63111897e-05	1.811619996e-11	0	0	0	0	0	0	0	0	0	0
1.622289841e-05	1.869174991e-11	0	0	0	0	0	0	0	0	0	0
1.608509021e-05	1.92289674e-11	0	0	0	0	0	0	0	0	0	0
1.58954351e-05	1.97200388e-11	0	0	0	0	0	0	0	0	0	0
1.565142425e-05	2.013056063e-11	0	0	0	0	0	0	0	0	0	0
1.535028699e-05	2.043226465e-11	0	0	0	0	0	0	0	0	0	0
1.498965987e-05	2.058646296e-11	0	0	0	0	0	0	0	0	0	0
1.456711143e-05	2.056342154e-11	0	0	0	0	0	0	0	0	0	0
1.408061552e-05	2.033644761e-11	0	0	0	0	0	0	0	0	0	0
1.352981191e-05	1.98774387e-11	0	0	0	0	0	0	0	0	0	0
1.291591216e-05	1.919923586e-11	0	0	0	0	0	0	0	0	0	0
1.224269193e-05	1.827437159e-11	0	0	0	0	0	0	0	0	0	0
1.151674647e-05	1.713996368e-11	0	0	0	0	0	0	0	0	0	0
1.074797131e-05	1.581474311e-11	0	0	0	0	0	0	0	0	0	0
9.949084518e-06	1.433335722e-11	0	0	0	0	0	0	0	0	0	0
9.134932445e-06	1.274343576e-11	0	0	0	0	0	0	0	0	0	0
8.321877059e-06	1.109290182e-11	0	0	0	0	0	0	0	0	0	0
7.526225163e-06	9.446697008e-12	0	0	0	0	0	0	0	0	0	0
6.763103229e-06	7.837700497e-12	0	0	0	0	0	0	0	0	0	0
6.045296219e-06	6.328772082e-12	0	0	0	0	0	0	0	0	0	0
5.382092953e-06	4.946394779e-12	0	0	0	0	0	0	0	0	0	0
4.778837743e-06	3.679060694e-12	0	0	0	0	0	0	0	0	0	0
4.236866425e-06	2.68370294e-12	0	0	0	0	0	0	0	0	0	0
3.753930705e-06	1.833989837e-12	0	0	0	0	0	0	0	0	0	0
3.325024323e-06	1.174293507e-12	0	0	0	0	0	0	0	0	0	0
2.943667427e-06	7.107549227e-13	0	0	0	0	0	0	0	0	0	0
2.602744383e-06	4.48925743e-13	0	0	0	0	0	0	0	0	0	0
2.295745729e-06	3.498226055e-13	0	0	0	0	0	0	0	0	0	0
2.017499456e-06	3.149442298e-13	0	0	0	0	0	0	0	0	0	0
1.764394435e-06	2.809351848e-13	0	0	0	0	0	0	0	0	0	0
1.534651501e-06	2.769131053e-13	0	0	0	0	0	0	0	0	0	0
1.329255847e-06	3.717090275e-13	0	0	0	0	0	0	0	0	0	0
1.152217033e-06	5.595353983e-13	0	0	0	0	0	0	0	0	0	0
1.011138263e-06	8.007507234e-13	0	0	0	0	0	0	0	0	0	0
9.185831084e-07	1.068977069e-12	0	0	0	0	0	0	0	0	0	0
8.864207859e-07	1.351412417e-12	0	0	0	0	0	0	0	0	0	0
9.196444454e-07	1.63821151e-12	0	0	0	0	0	0	0	0	0	0
1.011740373e-06	1.92373954e-12	0	0	0	0	0	0	0	0	0	0
1.149321311e-06	2.203590791e-12	0	0	0	0	0	0	0	0	0	0
1.319359334e-06	2.476233934e-12	0	0	0	0	0	0	0	0	0	0
1.512406329e-06	2.690629201e-12	0	0	0	0	0	0	0	0	0	0
1.723033679e-06	2.971602459e-12	0	0	0	0	0	0	0	0	0	0
1.947183812e-06	3.246245775e-12	0	0	0	0	0	0	0	0	0	0
2.18383593e-06	3.488308281e-12	0	0	0	0	0	0	0	0	0	0
2.432015426e-06	3.725196572e-12	0	0	0	0	0	0	0	0	0	0
2.692225911e-06	3.956613758e-12	0	0	0	0	0	0	0	0	0	0
2.964442406e-06	4.184094134e-12	0	0	0	0	0	0	0	0	0	0
3.25038772e-06	4.410952788e-12	0	0	0	0	0	0	0	0	0	0
3.551974654e-06	4.632089085e-12	0	0	0	0	0	0	0	0	0	0
3.871694373e-06	4.854201254e-12	0	0	0	0	0	0	0	0	0	0
4.213413095e-06	5.07595513e-12	0	0	0	0	0	0	0	0	0	0
4.582683188e-06	5.293075726e-12	0	0	0	0	0	0	0	0	0	0
4.986177357e-06	5.512580412e-12	0	0	0	0	0	0	0	0	0	0
5.432372095e-06	5.7310033e-12	0	0	0	0	0	0	0	0	0	0
5.930860584e-06	5.957969776e-12	0	0	0	0	0	0	0	0	0	0
6.491628377e-06	6.185221975e-12	0	0	0	0	0	0	0	0	0	0
7.123663371e-06	6.420436707e-12	0	0	0	0	0	0	0	0	0	0
7.833752451e-06	6.673488182e-12	0	0	0	0	0	0	0	0	0	0
8.625103095e-06	6.942197969e-12	0	0	0	0	0	0	0	0	0	0
9.496033323e-06	7.243347573e-12	0	0	0	0	0	0	0	0	0	0
1.043962439e-05	7.576866297e-12	0	0	0	0	0	0	0	0	0	0
1.144323777e-05	7.955001768e-12	0	0	0	0	0	0	0	0	0	0
1.248905962e-05	8.377295718e-12	0	0	0	0	0	0	0	0	0	0
1.355503409e-05	8.847018555e-12	0	0	0	0	0	0	0	0	0	0
1.461579041e-05	9.357045707e-12	0	0	0	0	0	0	0	0	0	0
1.564431877e-05	9.889250676e-12	0	0	0	0	0	0	0	0	0	0
1.66130392e-05	1.042463266e-11	0	0	0	0	0	0	0	0	0	0
1.749642097e-05	1.093772003e-11	0	0	0	0	0	0	0	0	0	0
1.827127707e-05	1.139566891e-11	0	0	0	0	0	0	0	0	0	0
1.891885712e-05	1.177245273e-11	0	0	0	0	0	0	0	0	0	0
1.942556334e-05	1.204607704e-11	0	0	0	0	0	0	0	0	0	0
1.978362302e-05	1.220528389e-11	0	0	0	0	0	0	0	0	0	0
1.99908492e-05	1.224277571e-11	0	0	0	0	0	0	0	0	0	0
2.00505261e-05	1.216363429e-11	0	0	0	0	0	0	0	0	0	0
1.997074722e-05	1.199924384e-11	0	0	0	0	0	0	0	0	0	0
1.976320101e-05	1.175938894e-11	0	0	0	0	0	0	0	0	0	0
1.944240751e-05	1.147842186e-11	0	0	0	0	0	0	0	0	0	0
1.902413047e-05	1.118110381e-11	0	0	0	0	0	0	0	0	0	0
1.852496782e-05	1.089491083e-11	0	0	0	0	0	0	0	0	0	0
1.796111174e-05	1.064283665e-11	0	0	0	0	0	0	0	0	0	0
1.734793926e-05	1.043985279e-11	0	0	0	0	0	0	0	0	0	0
1.669971652e-05	1.029970059e-11	0	0	0	0	0	0	0	0	0	0
1.602942358e-05	1.020924111e-11	0	0	0	0	0	0	0	0	0	0
1.534876462e-05	1.017887321e-11	0	0	0	0	0	0	0	0	0	0
1.466780111e-05	1.020092308e-11	0	0	0	0	0	0	0	0	0	0
1.399535366e-05	1.026237417e-11	0	0	0	0	0	0	0	0	0	0
1.333888471e-05	1.035703228e-11	0	0	0	0	0	0	0	0	0	0
1.270402399e-05	1.047810145e-11	0	0	0	0	0	0	0	0	0	0
1.209485947e-05	1.06106553e-11	0	0	0	0	0	0	0	0	0	0
1.151384109e-05	1.074419284e-11	0	0	0	0	0	0	0	0	0	0
1.096174501e-05	1.087358016e-11	0	0	0	0	0	0	0	0	0	0
1.043785972e-05	1.09844916e-11	0	0	0	0	0	0	0	0	0	0
9.940371069e-06	1.106957155e-11	0	0	0	0	0	0	0	0	0	0
9.466492863e-06	1.112534538e-11	0	0	0	0	0	0	0	0	0	0
9.01294054e-06	1.114420837e-11	0	0	0	0	0	0	0	0	0	0
8.576255738e-06	1.112048176e-11	0	0	0	0	0	0	0	0	0	0
8.153252696e-06	1.104539937e-11	0	0	0	0	0	0	0	0	0	0
7.740774999e-06	1.092481055e-11	0	0	0	0	0	0	0	0	0	0
7.336240142e-06	1.074419837e-11	0	0	0	0	0	0	0	0	0	0
6.937640993e-06	1.050969807e-11	0	0	0	0	0	0	0	0	0	0
6.543424215e-06	1.021786206e-11	0	0	0	0	0	0	0	0	0	0
6.152457558e-06	9.870953109e-12	0	0	0	0	0	0	0	0	0	0
5.764218751e-06	9.472515495e-12	0	0	0	0	0	0	0	0	0	0
5.378203958e-06	9.018513047e-12	0	0	0	0	0	0	0	0	0	0
4.994621755e-06	8.523326896e-12	0	0	0	0	0	0	0	0	0	0
4.613215589e-06	7.985915927e-12	0	0	0	0	0	0	0	0	0	0
4.23465908e-06	7.409833938e-12	0	0	0	0	0	0	0	0	0	0
3.859081882e-06	6.807530191e-12	0	0	0	0	0	0	0	0	0	0
3.487247016e-06	6.188889505e-12	0	0	0	0	0	0	0	0	0	0
3.119811629e-06	5.554574572e-12	0	0	0	0	0	0	0	0	0	0
2.75829841e-06	4.919722872e-12	0	0	0	0	0	0	0	0	0	0
2.404032167e-06	4.287938493e-12	0	0	0	0	0	0	0	0	0	0
2.059503763e-06	3.671844497e-12	0	0	0	0	0	0	0	0	0	0
1.728726658e-06	3.079315046e-12	0	0	0	0	0	0	0	0	0	0
1.417236468e-06	2.51478094e-12	0	0	0	0	0	0	0	0	0	0
1.135412432e-06	1.98980639e-12	0	0	0	0	0	0	0	0	0	0
9.015976583e-07	1.511430341e-12	0	0	0	0	0	0	0	0	0	0
7.475614725e-07	1.086948366e-12	0	0	0	0	0	0	0	0	0	0
7.102556229e-07	7.219979035e-13	0	0	0	0	0	0	0	0	0	0
7.910657587e-07	4.313754169e-13	0	0	0	0	0	0	0	0	0	0
9.494122862e-07	2.299891479e-13	0	0	0	0	0	0	0	0	0	0
1.146985299e-06	1.576491453e-13	0	0	0	0	0	0	0	0	0	0
1.364788825e-06	1.783944392e-13	0	0	0	0	0	0	0	0	0	0
1.597557978e-06	2.136425378e-13	0	0	0	0	0	0	0	0	0	0
1.847384361e-06	3.111345229e-13	0	0	0	0	0	0	0	0	0	0
2.120549562e-06	5.388230909e-13	0	0	0	0	0	0	0	0	0	0
2.425123939e-06	9.063205199e-13	0	0	0	0	0	0	0	0	0	0
2.770030783e-06	1.41550391e-12	0	0	0	0	0	0	0	0	0	0
3.162618093e-06	2.063338139e-12	0	0	0	0	0	0	0	0	0	0
3.608598269e-06	2.850628285e-12	0	0	0	0	0	0	0	0	0	0
4.110906574e-06	3.771130995e-12	0	0	0	0	0	0	0	0	0	0
4.669586712e-06	4.824526367e-12	0	0	0	0	0	0	0	0	0	0
5.281905864e-06	5.985896209e-12	0	0	0	0	0	0	0	0	0	0
5.942513348e-06	7.247124275e-12	0	0	0	0	0	0	0	0	0	0
6.64381116e-06	8.593718177e-12	0	0	0	0	0	0	0	0	0	0
7.376227713e-06	9.983254261e-12	0	0	0	0	0	0	0	0	0	0
8.129136225e-06	1.137700675e-11	0	0	0	0	0	0	0	0	0	0
8.890964911e-06	1.274094814e-11	0	0	0	0	0	0	0	0	0	0
9.649908425e-06	1.404646658e-11	0	0	0	0	0	0	0	0	0	0
1.039502804e-05	1.5235125e-11	0	0	0	0	0	0	0	0	0	0
1.111608901e-05	1.627190075e-11	0	0	0	0	0	0	0	0	0	0
1.180464385e-05	1.715038584e-11	0	0	0	0	0	0	0	0	0	0
1.245418965e-05	1.780187937e-11	0	0	0	0	0	0	0	0	0	0
1.306051637e-05	1.823550795e-11	0	0	0	0	0	0	0	0	0	0
1.362111878e-05	1.84518586e-11	0	0	0	0	0	0	0	0	0	0
1.413574427e-05	1.84470221e-11	0	0	0	0	0	0	0	0	0	0
1.460535267e-05	1.823365509e-11	0	0	0	0	0	0	0	0	0	0
1.503172525e-05	1.783591516e-11	0	0	0	0	0	0	0	0	0	0
1.541689262e-05	1.728507413e-11	0	0	0	0	0	0	0	0	0	0
1.576248618e-05	1.663835671e-11	0	0	0	0	0	0	0	0	0	0
1.606940842e-05	1.591942277e-11	0	0	0	0	0	0	0	0	0	0
1.633758454e-05	1.519972694e-11	0	0	0	0	0	0	0	0	0	0
1.656577217e-05	1.448110113e-11	0	0	0	0	0	0	0	0	0	0
1.675211913e-05	1.383347116e-11	0	0	0	0	0	0	0	0	0	0
1.689409328e-05	1.325541624e-11	0	0	0	0	0	0	0	0	0	0
1.698928499e-05	1.280982988e-11	0	0	0	0	0	0	0	0	0	0
1.703554453e-05	1.250900688e-11	0	0	0	0	0	0	0	0	0	0
1.703161146e-05	1.234818974e-11	0	0	0	0	0	0	0	0	0	0
1.697725874e-05	1.233804257e-11	0	0	0	0	0	0	0	0	0	0
1.687340611e-05	1.24765911e-11	0	0	0	0	0	0	0	0	0	0
1.672217174e-05	1.277553272e-11	0	0	0	0	0	0	0	0	0	0
1.652644728e-05	1.319841546e-11	0	0	0	0	0	0	0	0	0	0
1.628966607e-05	1.372721035e-11	0	0	0	0	0	0	0	0	0	0
1.601507774e-05	1.434858459e-11	0	0	0	0	0	0	0	0	0	0
1.570565389e-05	1.501787166e-11	0	0	0	0	0	0	0	0	0	0
1.536310365e-05	1.569146383e-11	0	0	0	0	0	0	0	0	0	0
1.498800953e-05	1.632885199e-11	0	0	0	0	0	0	0	0	0	0
1.457957637e-05	1.687888553e-11	0	0	0	0	0	0	0	0	0	0
1.413577927e-05	1.731319374e-11	0	0	0	0	0	0	0	0	0	0
1.365396186e-05	1.757168501e-11	0	0	0	0	0	0	0	0	0	0
1.313126983e-05	1.764800615e-11	0	0	0	0	0	0	0	0	0	0
1.256553154e-05	1.749117826e-11	0	0	0	0	0	0	0	0	0	0
1.195607512e-05	1.711453097e-11	0	0	0	0	0	0	0	0	0	0
1.130418825e-05	1.650564827e-11	0	0	0	0	0	0	0	0	0	0
1.061360123e-05	1.568197345e-11	0	0	0	0	0	0	0	0	0	0
9.8905928e-06	1.466602862e-11	0	0	0	0	0	0	0	0	0	0
9.143995652e-06	1.348687188e-11	0	0	0	0	0	0	0	0	0	0
8.384570035e-06	1.218452954e-11	0	0	0	0	0	0	0	0	0	0
7.624587834e-06	1.08091161e-11	0	0	0	0	0	0	0	0	0	0
6.876847315e-06	9.390834619e-12	0	0	0	0	0	0	0	0	0	0
6.153971631e-06	7.98978854e-12	0	0	0	0	0	0	0	0	0	0
5.467436802e-06	6.634622719e-12	0	0	0	0	0	0	0	0	0	0
4.826824113e-06	5.365816147e-12	0	0	0	0	0	0	0	0	0	0
4.239336355e-06	4.202248477e-12	0	0	0	0	0	0	0	0	0	0
3.709018741e-06	3.176561059e-12	0	0	0	0	0	0	0	0	0	0
3.236824072e-06	2.298720948e-12	0	0	0	0	0	0	0	0	0	0
2.820477458e-06	1.572865801e-12	0	0	0	0	0	0	0	0	0	0
2.454867402e-06	1.000213749e-12	0	0	0	0	0	0	0	0	0	0
2.132600208e-06	5.86845576e-13	0	0	0	0	0	0	0	0	0	0
1.845560513e-06	3.311257163e-13	0	0	0	0	0	0	0	0	0	0
1.585423836e-06	2.186740506e-13	0	0	0	0	0	0	0	0	0	0
1.345929624e-06	1.793796485e-13	0	0	0	0	0	0	0	0	0	0
1.124918931e-06	1.599710993e-13	0	0	0	0	0	0	0	0	0	0
9.266862279e-07	2.352303284e-13	0	0	0	0	0	0	0	0	0	0
7.688264946e-07	4.371100495e-13	0	0	0	0	0	0	0	0	0	0
6.879787773e-07	7.218772859e-13	0	0	0	0	0	0	0	0	0	0
7.231596569e-07	1.069462014e-12	0	0	0	0	0	0	0	0	0	0
8.728426362e-07	1.470677979e-12	0	0	0	0	0	0	0	0	0	0
1.101030686e-06	1.919509318e-12	0	0	0	0	0	0	0	0	0	0
1.377315945e-06	2.405744756e-12	0	0	0	0	0	0	0	0	0	0
1.68336058e-06	2.927861578e-12	0	0	0	0	0	0	0	0	0	0
2.010188614e-06	3.476873501e-12	0	0	0	0	0	0	0	0	0	0
2.3518637e-06	4.055426753e-12	0	0	0	0	0	0	0	0	0	0
2.704625373e-06	4.651049255e-12	0	0	0	0	0	0	0	0	0	0
3.066134442e-06	5.262295625e-12	0	0	0	0	0	0	0	0	0	0
3.434269222e-06	5.881179511e-12	0	0	0	0	0	0	0	0	0	0
3.808240629e-06	6.500077768e-12	0	0	0	0	0	0	0	0	0	0
4.186128423e-06	7.119501302e-12	0	0	0	0	0	0	0	0	0	0
4.567898719e-06	7.718009437e-12	0	0	0	0	0	0	0	0	0	0
4.952358687e-06	8.294887824e-12	0	0	0	0	0	0	0	0	0	0
5.339304929e-06	8.847067606e-12	0	0	0	0	0	0	0	0	0	0
5.728790202e-06	9.346706102e-12	0	0	0	0	0	0	0	0	0	0
6.120589312e-06	9.812120707e-12	0	0	0	0	0	0	0	0	0	0
6.515100633e-06	1.021853825e-11	0	0	0	0	0	0	0	0	0	0
6.913496638e-06	1.056571507e-11	0	0	0	0	0	0	0	0	0	0
7.317151256e-06	1.085546837e-11	0	0	0	0	0	0	0	0	0	0
7.728340857e-06	1.107256304e-11	0	0	0	0	0	0	0	0	0	0
8.149373637e-06	1.100655099e-11	0	0	0	0	0	0	0	0	0	0
8.583977053e-06	1.133021028e-11	0	0	0	0	0	0	0	0	0	0
9.03556355e-06	1.137098918e-11	0	0	0	0	0	0	0	0	0	0
9.507996695e-06	1.135396565e-11	0	0	0	0	0	0	0	0	0	0
1.000514352e-05	1.128783975e-11	0	0	0	0	0	0	0	0	0	0
1.053027568e-05	1.11893718e-11	0	0	0	0	0	0	0	0	0	0
1.108576991e-05	1.105500364e-11	0	0	0	0	0	0	0	0	0	0
1.167295366e-05	1.089823394e-11	0	0	0	0	0	0	0	0	0	0
1.22916969e-05	1.073162494e-11	0	0	0	0	0	0	0	0	0	0
1.293998498e-05	1.056256491e-11	0	0	0	0	0	0	0	0	0	0
1.361409399e-05	1.040502657e-11	0	0	0	0	0	0	0	0	0	0
1.430842817e-05	1.026575819e-11	0	0	0	0	0	0	0	0	0	0
1.5015421e-05	1.0154567e-11	0	0	0	0	0	0	0	0	0	0
1.572589366e-05	1.008308221e-11	0	0	0	0	0	0	0	0	0	0
1.642935863e-05	1.005849123e-11	0	0	0	0	0	0	0	0	0	0
1.711359223e-05	1.007180578e-11	0	0	0	0	0	0	0	0	0	0
1.776585199e-05	1.014267574e-11	0	0	0	0	0	0	0	0	0	0
1.837230697e-05	1.02629024e-11	0	0	0	0	0	0	0	0	0	0
1.891873364e-05	1.041628915e-11	0	0	0	0	0	0	0	0	0	0
1.93908135e-05	1.06035833e-11	0	0	0	0	0	0	0	0	0	0
1.977433009e-05	1.079237028e-11	0	0	0	0	0	0	0	0	0	0
2.005573686e-05	1.098128026e-11	0	0	0	0	0	0	0	0	0	0
2.022255919e-05	1.113747425e-11	0	0	0	0	0	0	0	0	0	0
2.026409414e-05	1.124849762e-11	0	0	0	0	0	0	0	0	0	0
2.017193569e-05	1.129030907e-11	0	0	0	0	0	0	0	0	0	0
1.994064843e-05	1.125796433e-11	0	0	0	0	0	0	0	0	0	0
1.956854444e-05	1.113629218e-11	0	0	0	0	0	0	0	0	0	0
1.905786077e-05	1.092439078e-11	0	0	0	0	0	0	0	0	0	0
1.841581955e-05	1.062962793e-11	0	0	0	0	0	0	0	0	0	0
1.765344541e-05	1.027609403e-11	0	0	0	0	0	0	0	0	0	0
1.678677526e-05	9.879088481e-12	0	0	0	0	0	0	0	0	0	0
1.58353726e-05	9.462256809e-12	0	0	0	0	0	0	0	0	0	0
1.482195429e-05	9.046323109e-12	0	0	0	0	0	0	0	0	0	0
1.377117844e-05	8.65462462e-12	0	0	0	0	0	0	0	0	0	0
1.270824831e-05	8.296687939e-12	0	0	0	0	0	0	0	0	0	0
1.165772282e-05	7.981095626e-12	0	0	0	0	0	0	0	0	0	0
1.064195002e-05	7.705776185e-12	0	0	0	0	0	0	0	0	0	0
9.680221679e-06	7.468645506e-12	0	0	0	0	0	0	0	0	0	0
8.786931948e-06	7.256865279e-12	0	0	0	0	0	0	0	0	0	0
7.971705372e-06	7.067761034e-12	0	0	0	0	0	0	0	0	0	0
7.238331205e-06	6.885478267e-12	0	0	0	0	0	0	0	0	0	0
6.585629481e-06	6.704637937e-12	0	0	0	0	0	0	0	0	0	0
6.007915215e-06	6.515483958e-12	0	0	0	0	0	0	0	0	0	0
5.496205337e-06	6.319650781e-12	0	0	0	0	0	0	0	0	0	0
5.040001506e-06	6.107187922e-12	0	0	0	0	0	0	0	0	0	0
4.628715279e-06	5.879516426e-12	0	0	0	0	0	0	0	0	0	0
4.252265095e-06	5.633816444e-12	0	0	0	0	0	0	0	0	0	0
3.902820695e-06	5.373635952e-12	0	0	0	0	0	0	0	0	0	0
3.574201767e-06	5.098315988e-12	0	0	0	0	0	0	0	0	0	0
3.26191029e-06	4.812376021e-12	0	0	0	0	0	0	0	0	0	0
2.963423908e-06	4.510387789e-12	0	0	0	0	0	0	0	0	0	0
