7.818199842e-08	4.851610161e-12	0	0	0	0	0	0	0	0	0	0
2.033542696e-07	2.158616689e-13	0	0	0	0	0	0	0	0	0	0
2.009528523e-06	9.109477681e-13	0	0	0	0	0	0	0	0	0	0
1.226549145e-05	4.789718714e-12	0	0	0	0	0	0	0	0	0	0
6.156254139e-05	2.198001161e-11	0	0	0	0	0	0	0	0	0	0
0.0002780762335	2.768090135e-10	0	0	0	0	0	0	0	0	0	0
0.001191268633	1.751153914e-08	9.801079282e-15	0	0	0	0	0	0	0	0	0
0.003323285489	2.01539919e-07	1.134807843e-13	0	0	0	0	0	0	0	0	0
0.002320305796	3.627063351e-08	4.563666012e-14	0	0	0	0	0	0	0	0	0
0.001846411415	2.727982131e-08	2.745011849e-14	0	0	0	0	0	0	0	0	0
0.001298882598	2.209081472e-08	1.462791331e-14	0	0	0	0	0	0	0	0	0
0.0008088738538	1.610816663e-08	5.019046163e-15	0	0	0	0	0	0	0	0	0
0.0004826061324	9.272820845e-09	3.370568636e-15	0	0	0	0	0	0	0	0	0
0.0003546827272	4.524564871e-09	6.291995082e-15	0	0	0	0	0	0	0	0	0
0.0003383884682	2.67326023e-09	1.45393567e-15	0	0	0	0	0	0	0	0	0
0.0003494936589	2.856319139e-09	7.030257874e-15	0	0	0	0	0	0	0	0	0
0.0003677960975	3.858311911e-09	1.075162695e-15	0	0	0	0	0	0	0	0	0
0.0003784642858	4.624893654e-09	3.924507313e-15	0	0	0	0	0	0	0	0	0
0.0003648535272	4.438941999e-09	5.835156774e-15	0	0	0	0	0	0	0	0	0
0.0003216603902	3.216300892e-09	4.06684525e-15	0	0	0	0	0	0	0	0	0
0.0002579122976	1.651438176e-09	9.93910657e-16	0	0	0	0	0	0	0	0	0
0.0001930939843	5.276035086e-10	0	0	0	0	0	0	0	0	0	0
0.0001490644067	1.937839863e-10	0	0	0	0	0	0	0	0	0	0
0.00013340381	1.772907934e-10	0	0	0	0	0	0	0	0	0	0
0.0001333050007	3.328351568e-10	0	0	0	0	0	0	0	0	0	0
0.0001403100908	4.234776895e-10	0	0	0	0	0	0	0	0	0	0
0.0001555104635	4.437511589e-10	0	0	0	0	0	0	0	0	0	0
0.0001741842065	4.611503593e-10	0	0	0	0	0	0	0	0	0	0
0.0001854980793	4.572428253e-10	0	0	0	0	0	0	0	0	0	0
0.0001830769546	4.124191013e-10	0	0	0	0	0	0	0	0	0	0
0.0001697342504	3.580026742e-10	0	0	0	0	0	0	0	0	0	0
0.0001547468674	3.338682993e-10	0	0	0	0	0	0	0	0	0	0
0.0001462110588	3.415260593e-10	0	0	0	0	0	0	0	0	0	0
0.0001453115816	3.621732116e-10	0	0	0	0	0	0	0	0	0	0
0.0001501000885	3.825275806e-10	0	0	0	0	0	0	0	0	0	0
0.0001613529946	3.986978214e-10	0	0	0	0	0	0	0	0	0	0
0.0001805483358	4.082152411e-10	0	0	0	0	0	0	0	0	0	0
0.0002047245218	4.222477005e-10	0	0	0	0	0	0	0	0	0	0
0.0002268976601	4.482069999e-10	0	0	0	0	0	0	0	0	0	0
0.0002399805665	4.876188322e-10	0	0	0	0	0	0	0	0	0	0
0.000239675456	5.170136233e-10	0	0	0	0	0	0	0	0	0	0
0.0002258232638	5.329494923e-10	0	0	0	0	0	0	0	0	0	0
0.0002029444037	6.027093809e-10	0	0	0	0	0	0	0	0	0	0
0.0001802319204	8.54858933e-10	0	0	0	0	0	0	0	0	0	0
0.0001692831597	1.354238156e-09	9.704771338e-15	0	0	0	0	0	0	0	0	0
0.000176588165	2.076681908e-09	8.279982203e-15	0	0	0	0	0	0	0	0	0
0.0001979398063	2.99861038e-09	1.216079399e-14	0	0	0	0	0	0	0	0	0
0.000225152198	4.101184308e-09	1.731468707e-14	0	0	0	0	0	0	0	0	0
0.0002532159659	5.368748868e-09	2.34817848e-14	0	0	0	0	0	0	0	0	0
0.0002807740115	6.779559618e-09	2.947245529e-14	0	0	0	0	0	0	0	0	0
0.0003079255711	8.309931647e-09	3.660993047e-14	0	0	0	0	0	0	0	0	0
0.0003346709834	9.918025636e-09	4.463932092e-14	0	0	0	0	0	0	0	0	0
0.0003606123758	1.155425562e-08	5.272746338e-14	0	0	0	0	0	0	0	0	0
0.0003854653244	1.311936481e-08	6.041798151e-14	0	0	0	0	0	0	0	0	0
0.0004093038793	1.451897028e-08	6.894403158e-14	0	0	0	0	0	0	0	0	0
0.0004322453506	1.558992359e-08	7.507308332e-14	0	0	0	0	0	0	0	0	0
0.0004536845554	1.619499415e-08	7.743565207e-14	0	0	0	0	0	0	0	0	0
0.0004716726447	1.616192684e-08	7.812281172e-14	0	0	0	0	0	0	0	0	0
0.0004831328113	1.538461666e-08	7.471948433e-14	0	0	0	0	0	0	0	0	0
0.000484799742	1.386574905e-08	6.573023701e-14	0	0	0	0	0	0	0	0	0
0.0004746656956	1.173787332e-08	5.450599824e-14	0	0	0	0	0	0	0	0	0
0.0004534890676	9.274268654e-09	4.046355012e-14	0	0	0	0	0	0	0	0	0
0.000426215604	6.802968603e-09	2.753849826e-14	0	0	0	0	0	0	0	0	0
0.000401934993	4.638489194e-09	1.641827722e-14	0	0	0	0	0	0	0	0	0
0.0003901719668	2.969819798e-09	8.124157878e-15	0	0	0	0	0	0	0	0	0
0.0003929092146	1.894398819e-09	1.734426595e-15	0	0	0	0	0	0	0	0	0
0.0004004723487	1.403156171e-09	8.2777649e-15	0	0	0	0	0	0	0	0	0
0.0003980665155	1.295714743e-09	7.461471449e-15	0	0	0	0	0	0	0	0	0
0.0003763152624	1.240226865e-09	1.42050631e-15	0	0	0	0	0	0	0	0	0
0.0003381661977	1.062004542e-09	6.0993187e-15	0	0	0	0	0	0	0	0	0
0.0003008684804	7.663591997e-10	0	0	0	0	0	0	0	0	0	0
0.0002877198798	4.718441982e-10	0	0	0	0	0	0	0	0	0	0
0.0003055024983	3.601520335e-10	0	0	0	0	0	0	0	0	0	0
0.000337095241	5.024662643e-10	0	0	0	0	0	0	0	0	0	0
0.0003636241209	8.578902936e-10	0	0	0	0	0	0	0	0	0	0
0.0003776607452	1.65544359e-09	9.55287084e-15	0	0	0	0	0	0	0	0	0
0.0003815629041	3.527494733e-09	1.197393797e-14	0	0	0	0	0	0	0	0	0
0.0003825041779	6.816819261e-09	1.641309037e-14	0	0	0	0	0	0	0	0	0
0.000388918538	1.134424024e-08	2.179262569e-14	0	0	0	0	0	0	0	0	0
0.000409623893	1.695969377e-08	2.775927126e-14	0	0	0	0	0	0	0	0	0
0.0004556231205	2.347800559e-08	3.395936204e-14	0	0	0	0	0	0	0	0	0
0.0005411554013	3.088901796e-08	4.428217075e-14	0	0	0	0	0	0	0	0	0
0.0006799573293	3.908474177e-08	6.621771403e-14	0	0	0	0	0	0	0	0	0
0.0008769052045	4.704320568e-08	9.731833607e-14	0	0	0	0	0	0	0	0	0
0.001121907515	5.265425996e-08	1.494978449e-13	0	0	0	0	0	0	0	0	0
0.001388469479	5.368558214e-08	2.113060424e-13	0	0	0	0	0	0	0	0	0
0.001635699316	4.822176481e-08	2.807400756e-13	0	0	0	0	0	0	0	0	0
0.001814087504	3.838166079e-08	3.395500829e-13	0	0	0	0	0	0	0	0	0
0.001876750212	3.333143333e-08	3.476194487e-13	0	0	0	0	0	0	0	0	0
0.001802485672	3.504944727e-08	3.10552447e-13	0	0	0	0	0	0	0	0	0
0.001568487183	3.416744525e-08	2.167934021e-13	0	0	0	0	0	0	0	0	0
0.001241755941	2.46269592e-08	1.205235767e-13	0	0	0	0	0	0	0	0	0
0.0008901016726	1.288468986e-08	4.301632137e-14	0	0	0	0	0	0	0	0	0
0.0006078074662	1.471398496e-08	1.157196642e-14	0	0	0	0	0	0	0	0	0
0.0004703387021	2.205898567e-08	9.413934921e-15	0	0	0	0	0	0	0	0	0
0.0004579626881	2.462842169e-08	1.260228377e-14	0	0	0	0	0	0	0	0	0
0.0004877859214	2.241777959e-08	1.499724805e-14	0	0	0	0	0	0	0	0	0
0.0005232217086	1.800586567e-08	1.276656893e-14	0	0	0	0	0	0	0	0	0
0.0005564484079	1.338280702e-08	7.396314557e-15	0	0	0	0	0	0	0	0	0
0.0005771106609	1.006942542e-08	4.32626302e-15	0	0	0	0	0	0	0	0	0
0.0005735625738	7.716039927e-09	6.951434929e-15	0	0	0	0	0	0	0	0	0
0.0005410632706	5.574687667e-09	4.868182612e-15	0	0	0	0	0	0	0	0	0
0.0004840601506	3.6799257e-09	3.522181083e-15	0	0	0	0	0	0	0	0	0
0.0004129786863	2.211763455e-09	2.86751178e-15	0	0	0	0	0	0	0	0	0
0.0003389376322	1.192902836e-09	4.063312036e-15	0	0	0	0	0	0	0	0	0
0.0002717238575	5.62830805e-10	0	0	0	0	0	0	0	0	0	0
0.0002279871388	3.194073634e-10	0	0	0	0	0	0	0	0	0	0
0.0002374848281	3.823985481e-10	0	0	0	0	0	0	0	0	0	0
0.0003030409901	9.272387384e-10	0	0	0	0	0	0	0	0	0	0
0.0003865158593	1.948611881e-09	1.619322728e-14	0	0	0	0	0	0	0	0	0
0.0004510737892	3.144291939e-09	2.087456945e-14	0	0	0	0	0	0	0	0	0
0.0004749118062	3.940321262e-09	2.27136636e-14	0	0	0	0	0	0	0	0	0
0.0004530875304	4.09589456e-09	2.283700685e-14	0	0	0	0	0	0	0	0	0
0.0003974148097	3.647036612e-09	1.810357486e-14	0	0	0	0	0	0	0	0	0
0.0003323273499	2.803255418e-09	1.13515367e-14	0	0	0	0	0	0	0	0	0
0.0002839809681	1.95321599e-09	9.167065202e-15	0	0	0	0	0	0	0	0	0
0.0002623363821	1.29406638e-09	8.069252742e-15	0	0	0	0	0	0	0	0	0
0.0002550242574	8.603421523e-10	0	0	0	0	0	0	0	0	0	0
0.0002462574608	5.570250926e-10	0	0	0	0	0	0	0	0	0	0
0.0002305788177	3.554481269e-10	0	0	0	0	0	0	0	0	0	0
0.0002107989026	2.61452519e-10	0	0	0	0	0	0	0	0	0	0
0.0001923464061	2.587339988e-10	0	0	0	0	0	0	0	0	0	0
0.000179839401	3.317074957e-10	0	0	0	0	0	0	0	0	0	0
0.0001760773607	4.532603106e-10	0	0	0	0	0	0	0	0	0	0
0.0001827187408	5.922563146e-10	0	0	0	0	0	0	0	0	0	0
0.0002006134998	7.246070955e-10	0	0	0	0	0	0	0	0	0	0
0.0002284464124	8.38371813e-10	0	0	0	0	0	0	0	0	0	0
0.000261712475	9.292900691e-10	0	0	0	0	0	0	0	0	0	0
0.0002935240076	9.813388744e-10	0	0	0	0	0	0	0	0	0	0
0.0003167180528	9.810761861e-10	0	0	0	0	0	0	0	0	0	0
0.0003259587949	9.234641024e-10	0	0	0	0	0	0	0	0	0	0
0.0003192143863	8.055598484e-10	0	0	0	0	0	0	0	0	0	0
0.0002984074471	6.382265519e-10	0	0	0	0	0	0	0	0	0	0
0.0002693719622	4.392104525e-10	0	0	0	0	0	0	0	0	0	0
0.0002413853573	2.535557385e-10	0	0	0	0	0	0	0	0	0	0
0.0002261150398	1.993281704e-10	0	0	0	0	0	0	0	0	0	0
0.0002337194992	4.037467215e-10	0	0	0	0	0	0	0	0	0	0
0.0002662315794	9.765446304e-10	0	0	0	0	0	0	0	0	0	0
0.0003170749184	2.10570085e-09	5.396715147e-15	0	0	0	0	0	0	0	0	0
0.0003767111619	3.893011417e-09	1.383260044e-14	0	0	0	0	0	0	0	0	0
0.0004358415192	6.269385582e-09	6.242419618e-15	0	0	0	0	0	0	0	0	0
0.0004859988621	8.9734396e-09	7.828217698e-15	0	0	0	0	0	0	0	0	0
0.000520033847	1.155705648e-08	8.958322426e-15	0	0	0	0	0	0	0	0	0
0.0005327050065	1.345898783e-08	6.675094736e-15	0	0	0	0	0	0	0	0	0
0.0005213515597	1.415383596e-08	8.157134112e-15	0	0	0	0	0	0	0	0	0
0.0004863544615	1.332734412e-08	8.581026291e-15	0	0	0	0	0	0	0	0	0
0.0004314249723	1.104362913e-08	6.474731592e-15	0	0	0	0	0	0	0	0	0
0.000363928711	7.836598492e-09	3.28991311e-15	0	0	0	0	0	0	0	0	0
0.0002956833058	4.568487313e-09	5.504024061e-15	0	0	0	0	0	0	0	0	0
0.0002435456255	2.065206861e-09	1.798834383e-15	0	0	0	0	0	0	0	0	0
0.0002244477543	7.507951348e-10	0	0	0	0	0	0	0	0	0	0
0.000241695651	5.755966947e-10	0	0	0	0	0	0	0	0	0	0
0.0002885252664	9.66484084e-10	0	0	0	0	0	0	0	0	0	0
0.0003670493434	1.667030963e-09	1.26232169e-15	0	0	0	0	0	0	0	0	0
0.0004813881509	2.692012682e-09	1.597985361e-15	0	0	0	0	0	0	0	0	0
0.0006196103561	4.110157842e-09	3.345443669e-15	0	0	0	0	0	0	0	0	0
0.0007513856424	5.891503234e-09	4.671758099e-15	0	0	0	0	0	0	0	0	0
0.0008394659878	7.551853829e-09	8.629817212e-15	0	0	0	0	0	0	0	0	0
0.00085504347	8.258264461e-09	7.903618797e-15	0	0	0	0	0	0	0	0	0
0.0007918174267	7.470137766e-09	8.357365191e-15	0	0	0	0	0	0	0	0	0
0.0006735354645	5.494105494e-09	1.406976432e-15	0	0	0	0	0	0	0	0	0
0.0005477561833	3.372885836e-09	1.153122753e-14	0	0	0	0	0	0	0	0	0
0.0004579651133	2.134467602e-09	8.770301484e-15	0	0	0	0	0	0	0	0	0
0.0004052104732	1.725239101e-09	3.741904303e-15	0	0	0	0	0	0	0	0	0
0.0003583612063	1.467043368e-09	3.228711319e-15	0	0	0	0	0	0	0	0	0
0.0003060311656	1.251413603e-09	4.347303248e-15	0	0	0	0	0	0	0	0	0
0.0002738109104	1.554731236e-09	8.673626697e-15	0	0	0	0	0	0	0	0	0
0.0002916469509	2.815156492e-09	1.530707358e-15	0	0	0	0	0	0	0	0	0
0.0003473194368	4.467803122e-09	5.613653467e-15	0	0	0	0	0	0	0	0	0
0.0004118081014	5.525249736e-09	5.163564377e-15	0	0	0	0	0	0	0	0	0
0.000473441584	5.363547385e-09	2.800882776e-15	0	0	0	0	0	0	0	0	0
0.0005339496649	4.615250429e-09	7.839183942e-15	0	0	0	0	0	0	0	0	0
0.0005955929765	5.313497047e-09	9.216378762e-15	0	0	0	0	0	0	0	0	0
0.0006532811278	7.581131633e-09	3.549865389e-15	0	0	0	0	0	0	0	0	0
0.0006952916764	1.046467116e-08	3.524981973e-15	0	0	0	0	0	0	0	0	0
0.0007092099616	1.457274886e-08	6.547814691e-15	0	0	0	0	0	0	0	0	0
0.0006875225636	2.038906447e-08	5.672798134e-15	0	0	0	0	0	0	0	0	0
0.0006304156289	2.671661888e-08	7.054391896e-15	0	0	0	0	0	0	0	0	0
0.0005458743269	3.150039682e-08	9.192954369e-15	0	0	0	0	0	0	0	0	0
0.000447880729	3.305285452e-08	6.361967697e-15	0	0	0	0	0	0	0	0	0
0.0003535830067	3.050817259e-08	6.468260744e-15	0	0	0	0	0	0	0	0	0
0.0002794165988	2.415006073e-08	5.332383024e-15	0	0	0	0	0	0	0	0	0
0.000236812535	1.505156164e-08	3.579767694e-15	0	0	0	0	0	0	0	0	0
0.0002344978171	5.756747268e-09	5.286910769e-15	0	0	0	0	0	0	0	0	0
0.000288892882	1.362740115e-09	3.793232015e-15	0	0	0	0	0	0	0	0	0
0.0004150375037	4.45785002e-09	2.891890845e-15	0	0	0	0	0	0	0	0	0
0.0006126832845	2.502648173e-08	5.125957617e-15	0	0	0	0	0	0	0	0	0
0.000871951221	6.929064705e-08	1.024966239e-14	0	0	0	0	0	0	0	0	0
0.001178069843	1.410245579e-07	1.969012864e-14	0	0	0	0	0	0	0	0	0
0.001510624586	2.367316435e-07	3.352914443e-14	0	0	0	0	0	0	0	0	0
0.001844810076	3.452714839e-07	4.954305236e-14	0	0	0	0	0	0	0	0	0
0.002155603519	4.491634234e-07	6.400817896e-14	0	0	0	0	0	0	0	0	0
0.002422795486	5.223494375e-07	7.498197893e-14	0	0	0	0	0	0	0	0	0
0.002634092234	5.479780415e-07	8.160128612e-14	0	0	0	0	0	0	0	0	0
0.002782187174	5.187129813e-07	8.158896932e-14	0	0	0	0	0	0	0	0	0
0.002857832115	4.368435994e-07	7.602860526e-14	0	0	0	0	0	0	0	0	0
0.002844840813	3.239723197e-07	6.580064595e-14	0	0	0	0	0	0	0	0	0
0.002719982457	2.043968768e-07	5.303439935e-14	0	0	0	0	0	0	0	0	0
0.002462713678	1.056314398e-07	3.90494402e-14	0	0	0	0	0	0	0	0	0
0.002070163603	4.138943465e-08	2.521361124e-14	0	0	0	0	0	0	0	0	0
0.001572751726	1.055365634e-08	1.321747495e-14	0	0	0	0	0	0	0	0	0
0.001040003498	1.863278428e-09	5.420017663e-15	0	0	0	0	0	0	0	0	0
0.0005703186609	1.413908757e-09	2.315835987e-15	0	0	0	0	0	0	0	0	0
0.0002688295479	9.593080308e-10	0	0	0	0	0	0	0	0	0	0
0.0001817018264	7.003930543e-10	0	0	0	0	0	0	0	0	0	0
0.000172059126	4.995258978e-10	0	0	0	0	0	0	0	0	0	0
0.0002287290168	3.921899392e-10	0	0	0	0	0	0	0	0	0	0
0.0003662626608	1.444081576e-09	1.294833507e-15	0	0	0	0	0	0	0	0	0
0.0005092224644	4.804890031e-09	5.672337789e-15	0	0	0	0	0	0	0	0	0
0.0006127214037	9.041971218e-09	4.828877477e-15	0	0	0	0	0	0	0	0	0
0.0006613372818	1.201123046e-08	5.872380427e-15	0	0	0	0	0	0	0	0	0
0.0006546851928	1.235689468e-08	5.881134004e-15	0	0	0	0	0	0	0	0	0
0.0006003767954	1.037032026e-08	6.637334818e-15	0	0	0	0	0	0	0	0	0
0.0005115504795	7.306372581e-09	4.614476081e-15	0	0	0	0	0	0	0	0	0
0.0004057490351	4.415510455e-09	4.516484255e-15	0	0	0	0	0	0	0	0	0
0.0003035747233	2.348473129e-09	2.650642928e-15	0	0	0	0	0	0	0	0	0
0.0002283944343	1.153364068e-09	5.222073655e-15	0	0	0	0	0	0	0	0	0
0.0002043684423	5.91031299e-10	0	0	0	0	0	0	0	0	0	0
0.0002355419756	4.250049747e-10	0	0	0	0	0	0	0	0	0	0
0.0002984224591	5.524201104e-10	0	0	0	0	0	0	0	0	0	0
0.0003683230776	8.529851748e-10	0	0	0	0	0	0	0	0	0	0
0.0004255695483	1.155443314e-09	1.081063024e-14	0	0	0	0	0	0	0	0	0
0.0004543417908	1.300263379e-09	3.120377298e-15	0	0	0	0	0	0	0	0	0
0.0004457326828	1.20754925e-09	1.055852877e-14	0	0	0	0	0	0	0	0	0
0.0004008405533	9.188096567e-10	0	0	0	0	0	0	0	0	0	0
0.0003311531798	5.65722737e-10	0	0	0	0	0	0	0	0	0	0
0.0002557318324	2.923156241e-10	0	0	0	0	0	0	0	0	0	0
0.0001957572666	1.949766414e-10	0	0	0	0	0	0	0	0	0	0
0.0001666755209	2.895795812e-10	0	0	0	0	0	0	0	0	0	0
0.0001715663009	5.382266309e-10	0	0	0	0	0	0	0	0	0	0
0.000205690034	9.879479403e-10	0	0	0	0	0	0	0	0	0	0
0.0002612644602	1.7207308e-09	5.416553244e-15	0	0	0	0	0	0	0	0	0
0.0003248748739	2.742598756e-09	1.33291905e-14	0	0	0	0	0	0	0	0	0
0.0003796630812	3.891032003e-09	9.149514665e-15	0	0	0	0	0	0	0	0	0
0.0004105106642	4.81275484e-09	1.5228445e-14	0	0	0	0	0	0	0	0	0
0.0004081631513	5.168605798e-09	1.616940302e-14	0	0	0	0	0	0	0	0	0
0.0003716767758	4.806499741e-09	1.604664456e-14	0	0	0	0	0	0	0	0	0
0.0003087353846	3.828060625e-09	1.408227731e-14	0	0	0	0	0	0	0	0	0
0.0002337481087	2.586091217e-09	1.039975778e-14	0	0	0	0	0	0	0	0	0
0.0001638833584	1.445895374e-09	8.010870538e-15	0	0	0	0	0	0	0	0	0
0.0001161623106	6.725375353e-10	0	0	0	0	0	0	0	0	0	0
0.0001125532551	3.382255288e-10	0	0	0	0	0	0	0	0	0	0
0.0001667552009	3.896491474e-10	0	0	0	0	0	0	0	0	0	0
0.0002636537685	7.891913907e-10	0	0	0	0	0	0	0	0	0	0
0.0003827604253	1.473970208e-09	1.023783953e-14	0	0	0	0	0	0	0	0	0
0.000501329383	2.29899789e-09	5.572121632e-15	0	0	0	0	0	0	0	0	0
0.0005946729148	3.06763084e-09	3.063809774e-15	0	0	0	0	0	0	0	0	0
0.0006412317701	3.530088417e-09	1.925778927e-15	0	0	0	0	0	0	0	0	0
0.0006289158928	3.537867775e-09	4.289142161e-15	0	0	0	0	0	0	0	0	0
0.0005601045081	3.076064831e-09	4.701018576e-15	0	0	0	0	0	0	0	0	0
0.0004525115718	2.28179149e-09	7.635836119e-15	0	0	0	0	0	0	0	0	0
0.0003355446923	1.350289753e-09	1.817254444e-15	0	0	0	0	0	0	0	0	0
0.0002450128301	5.684947675e-10	0	0	0	0	0	0	0	0	0	0
0.0002187020629	6.48151748e-10	0	0	0	0	0	0	0	0	0	0
0.0002713022806	2.171327227e-09	1.20325725e-14	0	0	0	0	0	0	0	0	0
0.0003828112961	7.066509229e-09	3.719069972e-14	0	0	0	0	0	0	0	0	0
0.0005332641878	1.796561962e-08	9.76999386e-14	0	0	0	0	0	0	0	0	0
0.0007080964725	3.69702442e-08	2.046468351e-13	0	0	0	0	0	0	0	0	0
0.0008948576862	6.493951926e-08	3.528891417e-13	0	0	0	0	0	0	0	0	0
0.001083447281	1.006079759e-07	5.389906954e-13	0	0	0	0	0	0	0	0	0
0.001264577923	1.397659765e-07	7.38478177e-13	0	0	0	0	0	0	0	0	0
0.001427143397	1.750852715e-07	9.058330264e-13	0	0	0	0	0	0	0	0	0
0.001555569856	1.962781702e-07	9.950809566e-13	0	0	0	0	0	0	0	0	0
0.001627541724	1.934268197e-07	9.625116244e-13	0	0	0	0	0	0	0	0	0
0.001614344824	1.633835085e-07	7.99641781e-13	0	0	0	0	0	0	0	0	0
0.001489885922	1.154621296e-07	5.465954586e-13	0	0	0	0	0	0	0	0	0
0.001257974793	6.796421686e-08	2.969792273e-13	0	0	0	0	0	0	0	0	0
0.0009988894875	3.499559527e-08	1.198138423e-13	0	0	0	0	0	0	0	0	0
0.000875151258	1.660926425e-08	3.35009831e-14	0	0	0	0	0	0	0	0	0
0.0009187968422	7.188153861e-09	1.252041646e-14	0	0	0	0	0	0	0	0	0
0.0009655372591	8.719321605e-09	8.139618017e-15	0	0	0	0	0	0	0	0	0
0.001030633781	1.972183137e-08	3.048010277e-14	0	0	0	0	0	0	0	0	0
0.001357132467	3.134479489e-08	1.138250085e-13	0	0	0	0	0	0	0	0	0
0.001946328197	4.371116793e-08	3.033262655e-13	0	0	0	0	0	0	0	0	0
0.002548018152	7.253353397e-08	5.555520346e-13	0	0	0	0	0	0	0	0	0
0.00295171074	9.033802769e-08	7.436334319e-13	0	0	0	0	0	0	0	0	0
0.003065710477	5.868090311e-08	7.76386631e-13	0	0	0	0	0	0	0	0	0
0.002920670423	3.881307067e-08	6.74874697e-13	0	0	0	0	0	0	0	0	0
0.002630567736	1.608002634e-07	5.354630147e-13	0	0	0	0	0	0	0	0	0
0.002324757123	2.827645241e-07	4.433067315e-13	0	0	0	0	0	0	0	0	0
0.002085183089	3.735523376e-07	4.071400995e-13	0	0	0	0	0	0	0	0	0
0.001924027249	4.128540014e-07	4.040979823e-13	0	0	0	0	0	0	0	0	0
0.001806088958	3.926639712e-07	3.865229371e-13	0	0	0	0	0	0	0	0	0
0.001687697401	3.2319719e-07	3.370464226e-13	0	0	0	0	0	0	0	0	0
0.001541460897	2.240762974e-07	2.604194695e-13	0	0	0	0	0	0	0	0	0
0.00136340587	1.207861386e-07	1.682029355e-13	0	0	0	0	0	0	0	0	0
0.001169655429	3.891701228e-08	8.793922623e-14	0	0	0	0	0	0	0	0	0
0.0009890653465	7.398340768e-09	3.463481187e-14	0	0	0	0	0	0	0	0	0
0.0008519693567	9.443184562e-09	1.426227848e-14	0	0	0	0	0	0	0	0	0
0.0007760400148	3.285448339e-08	2.723621697e-14	0	0	0	0	0	0	0	0	0
0.0007558391565	8.781863847e-08	6.405406424e-14	0	0	0	0	0	0	0	0	0
0.0007700672081	1.430377593e-07	1.067718714e-13	0	0	0	0	0	0	0	0	0
0.0007964825164	1.876222314e-07	1.50048702e-13	0	0	0	0	0	0	0	0	0
0.0008157894188	2.114130366e-07	1.753488931e-13	0	0	0	0	0	0	0	0	0
0.0008095722755	2.131186991e-07	1.863219478e-13	0	0	0	0	0	0	0	0	0
0.0007640497232	1.959513939e-07	1.740075705e-13	0	0	0	0	0	0	0	0	0
0.0006783696036	1.649554267e-07	1.458589526e-13	0	0	0	0	0	0	0	0	0
0.0005690988901	1.25714924e-07	1.070041644e-13	0	0	0	0	0	0	0	0	0
0.0004671303862	8.567328093e-08	6.863771404e-14	0	0	0	0	0	0	0	0	0
0.000409533221	5.064506049e-08	4.164897007e-14	0	0	0	0	0	0	0	0	0
0.0004208804243	2.485051729e-08	2.282415147e-14	0	0	0	0	0	0	0	0	0
0.0004886870467	9.574598139e-09	1.064535461e-14	0	0	0	0	0	0	0	0	0
0.0005757599372	3.999593539e-09	2.333785688e-15	0	0	0	0	0	0	0	0	0
0.0006474324959	3.72611756e-09	4.937160691e-15	0	0	0	0	0	0	0	0	0
0.0006816956396	4.393112488e-09	7.311804509e-15	0	0	0	0	0	0	0	0	0
0.0006723768527	5.258516508e-09	6.43343152e-15	0	0	0	0	0	0	0	0	0
0.0006287798609	5.538582187e-09	1.194713749e-14	0	0	0	0	0	0	0	0	0
0.0005698655132	5.112684229e-09	1.242206797e-14	0	0	0	0	0	0	0	0	0
0.0005157042317	4.278192923e-09	1.23538881e-14	0	0	0	0	0	0	0	0	0
0.0004842916314	3.451213401e-09	1.128889465e-14	0	0	0	0	0	0	0	0	0
0.0004917800801	3.078721999e-09	1.268011657e-14	0	0	0	0	0	0	0	0	0
0.0005407644069	3.20541675e-09	1.363077479e-14	0	0	0	0	0	0	0	0	0
0.0006106841635	3.311183911e-09	1.296244273e-14	0	0	0	0	0	0	0	0	0
0.0006750117951	3.06223033e-09	1.15752416e-14	0	0	0	0	0	0	0	0	0
0.000719219683	2.818011587e-09	9.246964468e-15	0	0	0	0	0	0	0	0	0
0.0007384987731	3.105544132e-09	9.742916659e-15	0	0	0	0	0	0	0	0	0
0.0007279732976	3.502447126e-09	7.974446707e-15	0	0	0	0	0	0	0	0	0
0.0006844668129	3.538414734e-09	4.2808999e-15	0	0	0	0	0	0	0	0	0
0.0006177504323	3.107422767e-09	5.154771735e-15	0	0	0	0	0	0	0	0	0
0.0005536164588	2.412095906e-09	6.910505204e-15	0	0	0	0	0	0	0	0	0
0.0005223632228	2.808725335e-09	1.674813807e-14	0	0	0	0	0	0	0	0	0
0.0005399152989	6.046532796e-09	2.839290914e-14	0	0	0	0	0	0	0	0	0
0.0006006535173	1.077990851e-08	4.695283336e-14	0	0	0	0	0	0	0	0	0
0.0006857542224	1.545480447e-08	6.023063011e-14	0	0	0	0	0	0	0	0	0
0.0007724310486	1.909113943e-08	6.961753967e-14	0	0	0	0	0	0	0	0	0
0.0008392435459	2.130135909e-08	6.223279905e-14	0	0	0	0	0	0	0	0	0
0.0008699534344	2.199464119e-08	4.884878919e-14	0	0	0	0	0	0	0	0	0
0.0008565265235	2.089614068e-08	3.468063516e-14	0	0	0	0	0	0	0	0	0
0.0007996330104	1.78656924e-08	1.983571959e-14	0	0	0	0	0	0	0	0	0
0.000709483004	1.332421434e-08	1.164359996e-14	0	0	0	0	0	0	0	0	0
0.000609369663	8.391826276e-09	4.932837483e-15	0	0	0	0	0	0	0	0	0
0.0005406942765	4.326134531e-09	1.193485977e-14	0	0	0	0	0	0	0	0	0
0.0005459859562	1.939246989e-09	1.366115639e-14	0	0	0	0	0	0	0	0	0
0.0006191014722	1.687079811e-09	6.971240282e-15	0	0	0	0	0	0	0	0	0
0.0007089521178	2.69990697e-09	1.459992728e-14	0	0	0	0	0	0	0	0	0
0.0007702231432	3.791599231e-09	3.474389797e-15	0	0	0	0	0	0	0	0	0
0.0007799413045	4.503657372e-09	4.18065249e-15	0	0	0	0	0	0	0	0	0
0.0007327915676	4.563865411e-09	6.76262579e-15	0	0	0	0	0	0	0	0	0
0.0006344920594	3.876076351e-09	1.383889923e-14	0	0	0	0	0	0	0	0	0
0.000500435017	2.694932666e-09	2.531876033e-15	0	0	0	0	0	0	0	0	0
0.0003623615956	1.534566949e-09	4.118697123e-15	0	0	0	0	0	0	0	0	0
0.0002820717206	7.279569835e-10	0	0	0	0	0	0	0	0	0	0
0.0003298737237	5.136702713e-10	0	0	0	0	0	0	0	0	0	0
0.0004858402832	1.262781127e-09	2.72813299e-15	0	0	0	0	0	0	0	0	0
0.0006958775577	4.032055605e-09	6.123015154e-15	0	0	0	0	0	0	0	0	0
0.0009096662254	1.036691059e-08	4.397559709e-15	0	0	0	0	0	0	0	0	0
0.001066808145	1.906597654e-08	8.827464605e-15	0	0	0	0	0	0	0	0	0
0.001109072493	2.500904997e-08	1.113503715e-14	0	0	0	0	0	0	0	0	0
0.001003638177	2.401279915e-08	9.084581094e-15	0	0	0	0	0	0	0	0	0
0.0007676321798	1.715309355e-08	5.861645101e-15	0	0	0	0	0	0	0	0	0
0.0004812290675	9.505358268e-09	1.226151308e-14	0	0	0	0	0	0	0	0	0
0.0002631844718	4.888747658e-09	5.922228767e-15	0	0	0	0	0	0	0	0	0
0.000166137959	4.12470401e-09	1.169366679e-14	0	0	0	0	0	0	0	0	0
0.0003472118096	9.928110764e-09	3.383129473e-15	0	0	0	0	0	0	0	0	0
0.0009147645044	2.798773249e-08	1.024694403e-14	0	0	0	0	0	0	0	0	0
0.001754975617	6.056221772e-08	2.848209185e-14	0	0	0	0	0	0	0	0	0
0.002714005542	8.86818713e-08	5.988191477e-14	0	0	0	0	0	0	0	0	0
0.003550564314	8.064680827e-08	9.410249282e-14	0	0	0	0	0	0	0	0	0
0.003968391735	5.745458021e-08	1.100686797e-13	0	0	0	0	0	0	0	0	0
0.003719594736	8.519947272e-08	9.145196288e-14	0	0	0	0	0	0	0	0	0
0.002771122719	7.783787314e-08	4.846745087e-14	0	0	0	0	0	0	0	0	0
0.001444743971	3.129574613e-08	1.369281202e-14	0	0	0	0	0	0	0	0	0
0.0003666026855	2.111425665e-09	7.838248688e-15	0	0	0	0	0	0	0	0	0
0.0002212065138	8.783180924e-09	5.193479535e-15	0	0	0	0	0	0	0	0	0
0.0002929127804	3.413243876e-09	3.123878561e-15	0	0	0	0	0	0	0	0	0
0.0009680436699	7.119881298e-09	7.410524279e-15	0	0	0	0	0	0	0	0	0
0.001729720144	6.280186359e-08	3.454064148e-14	0	0	0	0	0	0	0	0	0
0.002358432243	1.791073564e-07	7.920645253e-14	0	0	0	0	0	0	0	0	0
0.00280079542	2.975415491e-07	1.219480864e-13	0	0	0	0	0	0	0	0	0
0.003041583867	3.520172939e-07	1.425675622e-13	0	0	0	0	0	0	0	0	0
0.003060134229	3.101715695e-07	1.332158101e-13	0	0	0	0	0	0	0	0	0
0.0028369448	1.942166679e-07	9.839187996e-14	0	0	0	0	0	0	0	0	0
0.002379981801	7.828524368e-08	5.559330218e-14	0	0	0	0	0	0	0	0	0
0.001753634042	4.883850848e-08	2.267298696e-14	0	0	0	0	0	0	0	0	0
0.001096720824	3.097532596e-08	9.220877071e-15	0	0	0	0	0	0	0	0	0
0.0006393322981	3.977913194e-08	1.050154208e-14	0	0	0	0	0	0	0	0	0
0.000530528083	6.183838534e-08	1.202618209e-14	0	0	0	0	0	0	0	0	0
0.0005145458105	3.581756618e-08	8.927319842e-15	0	0	0	0	0	0	0	0	0
0.0009954917368	3.194617118e-08	1.409501485e-14	0	0	0	0	0	0	0	0	0
0.00214447251	9.999767885e-08	5.196954769e-14	0	0	0	0	0	0	0	0	0
0.003545615389	1.773903555e-07	1.272228226e-13	0	0	0	0	0	0	0	0	0
0.004768469756	2.480001207e-07	2.09404541e-13	0	0	0	0	0	0	0	0	0
0.005407920094	2.581942716e-07	2.467014772e-13	0	0	0	0	0	0	0	0	0
0.005227129856	1.612391801e-07	2.116589387e-13	0	0	0	0	0	0	0	0	0
0.004299198656	7.564296277e-08	1.348159056e-13	0	0	0	0	0	0	0	0	0
0.003004840726	1.918710923e-07	7.027348664e-14	0	0	0	0	0	0	0	0	0
0.001840502338	2.330503567e-07	3.967926021e-14	0	0	0	0	0	0	0	0	0
0.001169838292	2.100633813e-07	2.916228708e-14	0	0	0	0	0	0	0	0	0
0.001022096705	1.794657995e-07	2.584531926e-14	0	0	0	0	0	0	0	0	0
0.001113711502	1.594673323e-07	2.554342014e-14	0	0	0	0	0	0	0	0	0
0.001240145356	1.457444983e-07	2.31324507e-14	0	0	0	0	0	0	0	0	0
0.001303557389	1.248096532e-07	1.99856923e-14	0	0	0	0	0	0	0	0	0
0.001245295245	9.176200538e-08	1.528513672e-14	0	0	0	0	0	0	0	0	0
0.001054881096	5.269740634e-08	1.258090513e-14	0	0	0	0	0	0	0	0	0
0.0007776977977	2.16049817e-08	9.062303258e-15	0	0	0	0	0	0	0	0	0
0.0005028218034	5.761208078e-09	6.09807202e-15	0	0	0	0	0	0	0	0	0
0.000326636824	1.225495754e-09	1.361935018e-15	0	0	0	0	0	0	0	0	0
0.0002936285545	8.517828457e-10	0	0	0	0	0	0	0	0	0	0
0.0004043884191	1.459973481e-09	8.650349425e-15	0	0	0	0	0	0	0	0	0
0.0006151916006	3.513624318e-09	2.782035797e-15	0	0	0	0	0	0	0	0	0
0.0008248807798	6.538199308e-09	2.001095901e-15	0	0	0	0	0	0	0	0	0
0.0009564793449	8.385773093e-09	2.924772867e-15	0	0	0	0	0	0	0	0	0
0.000994668702	8.315690297e-09	5.975378405e-15	0	0	0	0	0	0	0	0	0
0.0009602742839	7.311222084e-09	1.982402424e-15	0	0	0	0	0	0	0	0	0
0.0008692590914	5.904413403e-09	4.876816202e-15	0	0	0	0	0	0	0	0	0
0.0007427706852	4.060254499e-09	1.744765405e-15	0	0	0	0	0	0	0	0	0
0.000648180663	2.300779561e-09	2.686532299e-15	0	0	0	0	0	0	0	0	0
0.0006674980727	5.663632334e-09	2.969895642e-15	0	0	0	0	0	0	0	0	0
0.0007808026716	1.55648346e-08	3.443561762e-15	0	0	0	0	0	0	0	0	0
0.0009043654561	2.877212009e-08	7.737334241e-15	0	0	0	0	0	0	0	0	0
0.0009879071008	3.9950805e-08	1.059363894e-14	0	0	0	0	0	0	0	0	0
0.001016424567	4.457710547e-08	9.06622909e-15	0	0	0	0	0	0	0	0	0
0.0009902351323	4.161658761e-08	1.843796086e-14	0	0	0	0	0	0	0	0	0
0.0009148715618	3.319234669e-08	1.503543087e-14	0	0	0	0	0	0	0	0	0
0.000800495578	2.284895846e-08	1.289541833e-14	0	0	0	0	0	0	0	0	0
0.0006671570255	1.364188105e-08	1.273344199e-14	0	0	0	0	0	0	0	0	0
0.0005523716071	7.191409977e-09	1.037173272e-14	0	0	0	0	0	0	0	0	0
0.0005067192836	3.549189984e-09	8.152731702e-15	0	0	0	0	0	0	0	0	0
0.0005483078587	1.930588676e-09	5.541629122e-15	0	0	0	0	0	0	0	0	0
0.0006362098751	1.740881989e-09	1.309924255e-14	0	0	0	0	0	0	0	0	0
0.0007235459189	2.337301312e-09	4.996203467e-15	0	0	0	0	0	0	0	0	0
0.0007849596889	2.905572922e-09	7.223938305e-15	0	0	0	0	0	0	0	0	0
0.0008086281117	3.068685743e-09	7.882094203e-15	0	0	0	0	0	0	0	0	0
0.0007879782753	2.771449521e-09	6.746062901e-15	0	0	0	0	0	0	0	0	0
0.0007209311583	2.177003303e-09	4.115288809e-15	0	0	0	0	0	0	0	0	0
0.0006142039143	1.512172823e-09	5.060933502e-15	0	0	0	0	0	0	0	0	0
0.0004888560212	9.711228451e-10	0	0	0	0	0	0	0	0	0	0
0.0003860618292	6.451642461e-10	0	0	0	0	0	0	0	0	0	0
0.0003608594961	6.956072109e-10	0	0	0	0	0	0	0	0	0	0
0.0004235714419	1.232547479e-09	2.681615206e-15	0	0	0	0	0	0	0	0	0
0.0005252665552	2.069952366e-09	2.860541786e-15	0	0	0	0	0	0	0	0	0
0.0006241920124	2.9492559e-09	8.77225215e-15	0	0	0	0	0	0	0	0	0
0.0006965057227	3.597961528e-09	3.032179127e-15	0	0	0	0	0	0	0	0	0
0.0007268395706	3.827730425e-09	4.200110889e-15	0	0	0	0	0	0	0	0	0
0.0007068665263	3.595110804e-09	4.599586805e-15	0	0	0	0	0	0	0	0	0
0.0006374863274	2.98762932e-09	4.404951851e-15	0	0	0	0	0	0	0	0	0
0.0005302116718	2.191893036e-09	9.644021633e-15	0	0	0	0	0	0	0	0	0
0.0004063037935	1.408990326e-09	6.883314798e-15	0	0	0	0	0	0	0	0	0
0.0002950253552	8.352306483e-10	0	0	0	0	0	0	0	0	0	0
0.0002297646322	6.611574217e-10	0	0	0	0	0	0	0	0	0	0
0.000225504207	8.670504874e-10	0	0	0	0	0	0	0	0	0	0
0.0002587532706	1.236911702e-09	4.573567074e-15	0	0	0	0	0	0	0	0	0
0.0003075731682	1.686477692e-09	2.472797077e-15	0	0	0	0	0	0	0	0	0
0.0003670876216	2.178564816e-09	3.40651283e-15	0	0	0	0	0	0	0	0	0
0.0004319982248	2.688665697e-09	9.441223232e-15	0	0	0	0	0	0	0	0	0
0.0004886990376	3.036675e-09	9.0272714e-15	0	0	0	0	0	0	0	0	0
0.0005215098919	3.006971178e-09	3.091612328e-15	0	0	0	0	0	0	0	0	0
0.0005252495826	2.655029952e-09	6.946732708e-15	0	0	0	0	0	0	0	0	0
0.000516655358	2.400986676e-09	6.848495068e-15	0	0	0	0	0	0	0	0	0
0.0005310183672	2.531772347e-09	1.0846447e-14	0	0	0	0	0	0	0	0	0
0.0005871874834	3.926875529e-09	1.544471765e-14	0	0	0	0	0	0	0	0	0
0.0006573920498	6.692943745e-09	2.236264598e-14	0	0	0	0	0	0	0	0	0
0.0006922553491	9.277272871e-09	3.001788124e-14	0	0	0	0	0	0	0	0	0
0.0006604128965	1.050411643e-08	2.58689287e-14	0	0	0	0	0	0	0	0	0
0.0005741162966	1.034208437e-08	1.641799529e-14	0	0	0	0	0	0	0	0	0
0.0004945000058	9.92941538e-09	1.148648277e-14	0	0	0	0	0	0	0	0	0
0.0004778065583	1.218681514e-08	1.86359719e-14	0	0	0	0	0	0	0	0	0
0.0005300799512	2.236723109e-08	3.003917522e-14	0	0	0	0	0	0	0	0	0
0.0007331116178	5.008773392e-08	6.270484563e-14	0	0	0	0	0	0	0	0	0
0.00120747555	1.083543472e-07	1.638052168e-13	0	0	0	0	0	0	0	0	0
0.00194717742	2.127379969e-07	4.056909598e-13	0	0	0	0	0	0	0	0	0
0.002878923082	3.616574325e-07	8.47774387e-13	0	0	0	0	0	0	0	0	0
0.003899334194	5.060310432e-07	1.469518561e-12	0	0	0	0	0	0	0	0	0
0.004861757931	5.588701183e-07	2.155851872e-12	0	0	0	0	0	0	0	0	0
0.005569784857	4.567257047e-07	2.701060763e-12	0	0	0	0	0	0	0	0	0
0.005806098155	2.558942863e-07	2.811150749e-12	0	0	0	0	0	0	0	0	0
0.00540477693	1.466833963e-07	2.340724884e-12	0	0	0	0	0	0	0	0	0
0.004348901328	1.440645735e-07	1.457201091e-12	0	0	0	0	0	0	0	0	0
0.002848407718	8.473316705e-08	5.969672212e-13	0	0	0	0	0	0	0	0	0
0.001335865632	2.243039708e-08	1.28097806e-13	0	0	0	0	0	0	0	0	0
0.0003520067718	1.409659785e-09	5.281455048e-15	0	0	0	0	0	0	0	0	0
0.0002560741394	1.131410445e-09	4.913078068e-15	0	0	0	0	0	0	0	0	0
0.0003825608357	1.380934935e-09	5.41579671e-15	0	0	0	0	0	0	0	0	0
0.0009077185247	4.795562641e-09	8.890627287e-14	0	0	0	0	0	0	0	0	0
0.001419193305	3.598377066e-08	2.922439449e-13	0	0	0	0	0	0	0	0	0
0.001731704677	9.44417284e-08	5.873764629e-13	0	0	0	0	0	0	0	0	0
0.001842017254	1.527705018e-07	8.220690918e-13	0	0	0	0	0	0	0	0	0
0.00180274199	1.834498887e-07	8.993674201e-13	0	0	0	0	0	0	0	0	0
0.001658275829	1.778414052e-07	8.188139979e-13	0	0	0	0	0	0	0	0	0
0.001434191468	1.450872922e-07	6.360248245e-13	0	0	0	0	0	0	0	0	0
0.001151683218	1.006201487e-07	4.276807127e-13	0	0	0	0	0	0	0	0	0
0.0008411455754	5.924968129e-08	2.471510773e-13	0	0	0	0	0	0	0	0	0
0.0005456532539	2.909138296e-08	1.218385644e-13	0	0	0	0	0	0	0	0	0
0.0003155744256	1.189561219e-08	4.531938333e-14	0	0	0	0	0	0	0	0	0
0.0001971373799	4.532173716e-09	1.274827672e-14	0	0	0	0	0	0	0	0	0
0.0001934177719	2.247720214e-09	6.635916086e-15	0	0	0	0	0	0	0	0	0
0.0002751372793	1.495764925e-09	5.521387013e-15	0	0	0	0	0	0	0	0	0
0.0004325168969	1.456470213e-09	1.753623275e-15	0	0	0	0	0	0	0	0	0
0.0006259722751	2.678994391e-09	4.236040309e-15	0	0	0	0	0	0	0	0	0
0.0007985755277	4.311228226e-09	2.251432571e-15	0	0	0	0	0	0	0	0	0
0.0009006509949	5.302593382e-09	4.463074393e-15	0	0	0	0	0	0	0	0	0
0.0009042108995	5.231107802e-09	5.633470047e-15	0	0	0	0	0	0	0	0	0
0.0008106230212	4.259933217e-09	3.983939434e-15	0	0	0	0	0	0	0	0	0
0.0006493111769	2.926409697e-09	2.628740922e-15	0	0	0	0	0	0	0	0	0
0.0004675692534	1.694911413e-09	4.674194852e-15	0	0	0	0	0	0	0	0	0
0.0003145765665	8.549085084e-10	0	0	0	0	0	0	0	0	0	0
0.0002216513587	4.910356748e-10	0	0	0	0	0	0	0	0	0	0
0.0001872041693	5.044331143e-10	0	0	0	0	0	0	0	0	0	0
0.0002036066988	7.000459776e-10	0	0	0	0	0	0	0	0	0	0
0.0002732743516	1.294902004e-09	4.354124196e-15	0	0	0	0	0	0	0	0	0
0.0003739584171	2.240243772e-09	1.06160879e-14	0	0	0	0	0	0	0	0	0
0.0004721456198	3.040164046e-09	1.159629552e-14	0	0	0	0	0	0	0	0	0
0.0005428698147	3.314436234e-09	1.38782861e-14	0	0	0	0	0	0	0	0	0
0.0005739715513	3.055411821e-09	1.198166062e-14	0	0	0	0	0	0	0	0	0
0.0005653931721	2.593898056e-09	1.073180599e-14	0	0	0	0	0	0	0	0	0
0.0005262016596	2.145852749e-09	8.113939925e-15	0	0	0	0	0	0	0	0	0
0.0004702259294	1.790973639e-09	9.856713572e-15	0	0	0	0	0	0	0	0	0
0.0004123075504	1.729912392e-09	5.749020357e-15	0	0	0	0	0	0	0	0	0
0.0003679161701	2.259164383e-09	5.219553225e-15	0	0	0	0	0	0	0	0	0
0.0003539524961	3.262644605e-09	7.478425362e-15	0	0	0	0	0	0	0	0	0
0.0003805692197	4.47970929e-09	7.99059132e-15	0	0	0	0	0	0	0	0	0
0.0004379112079	5.688201406e-09	6.1646768e-15	0	0	0	0	0	0	0	0	0
0.000502026579	6.651752734e-09	9.187664889e-15	0	0	0	0	0	0	0	0	0
0.0005501231664	7.042763821e-09	1.557111105e-14	0	0	0	0	0	0	0	0	0
0.0005681451179	6.663309962e-09	9.567059555e-15	0	0	0	0	0	0	0	0	0
0.0005525451326	5.595746285e-09	8.488231558e-15	0	0	0	0	0	0	0	0	0
0.0005088120896	4.209356385e-09	7.660437412e-15	0	0	0	0	0	0	0	0	0
0.0004488740752	2.887774172e-09	5.853282089e-15	0	0	0	0	0	0	0	0	0
0.0003899163924	1.840266235e-09	3.683714413e-15	0	0	0	0	0	0	0	0	0
0.0003549145947	1.098718227e-09	3.033176004e-15	0	0	0	0	0	0	0	0	0
0.0003644327576	6.668666059e-10	0	0	0	0	0	0	0	0	0	0
0.0004157585288	8.459615236e-10	0	0	0	0	0	0	0	0	0	0
0.0004840746407	1.473465605e-09	6.66278334e-15	0	0	0	0	0	0	0	0	0
0.0005436260068	2.135519803e-09	7.738914958e-15	0	0	0	0	0	0	0	0	0
0.0005774582678	2.677960243e-09	4.270192226e-15	0	0	0	0	0	0	0	0	0
0.0005781679127	3.125950134e-09	7.964876419e-15	0	0	0	0	0	0	0	0	0
0.0005471576006	3.546921988e-09	6.765261384e-15	0	0	0	0	0	0	0	0	0
0.0004922322211	3.946220283e-09	6.195525201e-15	0	0	0	0	0	0	0	0	0
0.0004235514324	4.223442733e-09	1.001115763e-14	0	0	0	0	0	0	0	0	0
0.0003498711796	4.234256602e-09	1.231129914e-14	0	0	0	0	0	0	0	0	0
0.0002817208463	3.931198831e-09	1.444072305e-14	0	0	0	0	0	0	0	0	0
0.0002496992307	3.445230534e-09	1.224214106e-14	0	0	0	0	0	0	0	0	0
0.0003037810758	3.476177342e-09	1.481365279e-14	0	0	0	0	0	0	0	0	0
0.0004401826879	6.060426077e-09	4.44981891e-15	0	0	0	0	0	0	0	0	0
0.0006188710312	1.290209547e-08	4.687733459e-15	0	0	0	0	0	0	0	0	0
0.0008098862248	2.460774986e-08	6.715802172e-15	0	0	0	0	0	0	0	0	0
0.0009888847874	3.975127696e-08	1.096111285e-14	0	0	0	0	0	0	0	0	0
0.001129092141	5.355021908e-08	1.334299512e-14	0	0	0	0	0	0	0	0	0
0.00119822739	5.903333982e-08	1.484208988e-14	0	0	0	0	0	0	0	0	0
0.001162276483	5.178269394e-08	1.660377849e-14	0	0	0	0	0	0	0	0	0
0.0009994159331	3.468030778e-08	1.056455992e-14	0	0	0	0	0	0	0	0	0
0.0007219820345	1.670120658e-08	6.434902187e-15	0	0	0	0	0	0	0	0	0
0.0003970578375	5.195731463e-09	4.55340082e-15	0	0	0	0	0	0	0	0	0
0.0001747905094	7.874738766e-10	0	0	0	0	0	0	0	0	0	0
0.0001906001347	4.110072278e-10	0	0	0	0	0	0	0	0	0	0
0.0003001861871	2.857635299e-09	3.569256071e-15	0	0	0	0	0	0	0	0	0
0.0007477768774	1.166730823e-08	9.311775665e-15	0	0	0	0	0	0	0	0	0
0.001537451842	3.099099066e-08	1.693921334e-14	0	0	0	0	0	0	0	0	0
0.002529851899	6.276618276e-08	4.436176866e-14	0	0	0	0	0	0	0	0	0
0.003535764165	1.032115682e-07	8.370129977e-14	0	0	0	0	0	0	0	0	0
0.00432332196	1.411361392e-07	1.222262671e-13	0	0	0	0	0	0	0	0	0
0.00466387266	1.557143429e-07	1.389921078e-13	0	0	0	0	0	0	0	0	0
0.004414984123	1.239896694e-07	1.210110814e-13	0	0	0	0	0	0	0	0	0
0.00361282091	5.492318307e-08	7.908866062e-14	0	0	0	0	0	0	0	0	0
0.002508208675	3.893225357e-08	3.859909301e-14	0	0	0	0	0	0	0	0	0
0.001493732379	5.467231869e-08	1.482154545e-14	0	0	0	0	0	0	0	0	0
0.0009523130602	4.210821531e-08	7.465908843e-15	0	0	0	0	0	0	0	0	0
0.0009352017212	2.782504739e-08	7.709893321e-15	0	0	0	0	0	0	0	0	0
0.00111637129	2.718297971e-08	5.656970796e-15	0	0	0	0	0	0	0	0	0
0.001351477456	3.953039041e-08	7.887228697e-15	0	0	0	0	0	0	0	0	0
0.001576922213	5.486448446e-08	1.209625436e-14	0	0	0	0	0	0	0	0	0
0.001720649552	6.146380292e-08	1.105686832e-14	0	0	0	0	0	0	0	0	0
0.001732784418	5.427888306e-08	1.390381211e-14	0	0	0	0	0	0	0	0	0
0.001603566489	3.905385035e-08	1.038367513e-14	0	0	0	0	0	0	0	0	0
0.001366604912	2.619247105e-08	6.345418013e-15	0	0	0	0	0	0	0	0	0
0.001089246219	1.589746765e-08	5.612074352e-15	0	0	0	0	0	0	0	0	0
0.0008368835238	9.116089612e-09	8.415269517e-15	0	0	0	0	0	0	0	0	0
0.0006239281293	1.415080169e-08	4.944070379e-15	0	0	0	0	0	0	0	0	0
0.0004935981624	1.394051308e-08	3.729528063e-15	0	0	0	0	0	0	0	0	0
0.0007417959456	1.485986504e-08	8.897323026e-15	0	0	0	0	0	0	0	0	0
0.001349139406	3.12961278e-08	1.702652676e-14	0	0	0	0	0	0	0	0	0
0.002046078076	5.244774155e-08	2.867328964e-14	0	0	0	0	0	0	0	0	0
0.002613100977	6.960932428e-08	4.097742145e-14	0	0	0	0	0	0	0	0	0
0.002873131291	7.455736155e-08	4.7604886e-14	0	0	0	0	0	0	0	0	0
0.002735814187	6.211473119e-08	3.737972758e-14	0	0	0	0	0	0	0	0	0
0.002236577539	3.778061885e-08	2.165667314e-14	0	0	0	0	0	0	0	0	0
0.001536110313	1.525219021e-08	9.086418031e-15	0	0	0	0	0	0	0	0	0
0.0008728111168	4.330225747e-09	8.857797573e-15	0	0	0	0	0	0	0	0	0
0.0004979096258	3.392061723e-09	5.958154954e-15	0	0	0	0	0	0	0	0	0
0.0004552454574	4.114405263e-09	4.611753808e-15	0	0	0	0	0	0	0	0	0
0.0004733672396	4.720614424e-09	4.42714416e-15	0	0	0	0	0	0	0	0	0
0.0004905421081	5.778680143e-09	6.426811972e-15	0	0	0	0	0	0	0	0	0
0.0005343513411	8.601469484e-09	6.774447056e-15	0	0	0	0	0	0	0	0	0
0.0005761953263	1.207600173e-08	3.270307383e-15	0	0	0	0	0	0	0	0	0
0.0005816497174	1.351648257e-08	4.987889265e-15	0	0	0	0	0	0	0	0	0
0.0005459560213	1.19029018e-08	6.931640472e-15	0	0	0	0	0	0	0	0	0
0.0004885324984	8.41765016e-09	6.320599558e-15	0	0	0	0	0	0	0	0	0
0.0004446880242	4.924906614e-09	3.652284239e-15	0	0	0	0	0	0	0	0	0
0.0004527941751	2.746909541e-09	6.872198737e-15	0	0	0	0	0	0	0	0	0
0.0005217577706	2.698540777e-09	9.076765399e-15	0	0	0	0	0	0	0	0	0
0.0006236282971	3.903717321e-09	4.82613862e-15	0	0	0	0	0	0	0	0	0
0.0007236407018	5.246496817e-09	6.151815334e-15	0	0	0	0	0	0	0	0	0
0.0007963557957	6.241476501e-09	5.002461186e-15	0	0	0	0	0	0	0	0	0
0.0008268017461	6.58825839e-09	4.420009949e-15	0	0	0	0	0	0	0	0	0
0.0008096315348	6.200872334e-09	7.718460889e-15	0	0	0	0	0	0	0	0	0
0.0007487392917	5.212197774e-09	3.81521555e-15	0	0	0	0	0	0	0	0	0
0.000658385854	3.944755472e-09	7.613302905e-15	0	0	0	0	0	0	0	0	0
0.0005668164401	2.747684482e-09	1.010347037e-14	0	0	0	0	0	0	0	0	0
0.0005173554756	1.972578802e-09	1.642420116e-14	0	0	0	0	0	0	0	0	0
0.0005440272711	2.033875744e-09	5.675761562e-15	0	0	0	0	0	0	0	0	0
0.0006315736697	3.052731857e-09	5.254146795e-15	0	0	0	0	0	0	0	0	0
0.0007355613932	4.538896932e-09	1.428921809e-14	0	0	0	0	0	0	0	0	0
0.0008209427362	5.957985609e-09	3.687283746e-15	0	0	0	0	0	0	0	0	0
0.0008687807123	6.819998553e-09	3.099781674e-15	0	0	0	0	0	0	0	0	0
0.0008713195536	6.837676053e-09	9.634373677e-15	0	0	0	0	0	0	0	0	0
0.0008278209904	6.018360368e-09	2.147060348e-15	0	0	0	0	0	0	0	0	0
0.0007436216418	4.646153594e-09	9.965898408e-15	0	0	0	0	0	0	0	0	0
0.0006334282548	3.129077983e-09	2.563928334e-15	0	0	0	0	0	0	0	0	0
0.0005289814874	1.834805844e-09	5.111284078e-15	0	0	0	0	0	0	0	0	0
0.0004805566356	1.128007034e-09	6.707427268e-15	0	0	0	0	0	0	0	0	0
0.0005173764352	1.442062399e-09	5.917284745e-15	0	0	0	0	0	0	0	0	0
0.00060434091	2.336691173e-09	4.595757392e-15	0	0	0	0	0	0	0	0	0
0.0006886889037	3.334644407e-09	6.579866281e-15	0	0	0	0	0	0	0	0	0
0.0007398839623	4.127514803e-09	9.557878827e-15	0	0	0	0	0	0	0	0	0
0.00074789488	4.473546217e-09	1.575253943e-14	0	0	0	0	0	0	0	0	0
0.0007146002781	4.284325195e-09	6.072537601e-15	0	0	0	0	0	0	0	0	0
0.0006475891115	3.626990641e-09	5.854926502e-15	0	0	0	0	0	0	0	0	0
0.0005573469543	2.698924792e-09	1.250618011e-14	0	0	0	0	0	0	0	0	0
0.0004588468928	1.744730647e-09	6.684412464e-15	0	0	0	0	0	0	0	0	0
0.0003774181519	1.061274178e-09	1.186296308e-14	0	0	0	0	0	0	0	0	0
0.0003496886808	1.199873211e-09	4.403860596e-15	0	0	0	0	0	0	0	0	0
0.0003914343129	2.424495046e-09	8.810367221e-15	0	0	0	0	0	0	0	0	0
0.0004720646823	4.571135941e-09	1.735308775e-14	0	0	0	0	0	0	0	0	0
0.0005527275824	7.347883802e-09	2.609208529e-14	0	0	0	0	0	0	0	0	0
0.0006085245128	1.005837679e-08	3.389304871e-14	0	0	0	0	0	0	0	0	0
0.0006267192457	1.17825457e-08	3.929139439e-14	0	0	0	0	0	0	0	0	0
0.0006046506245	1.190551536e-08	3.585418916e-14	0	0	0	0	0	0	0	0	0
0.0005492429128	1.04065292e-08	2.797011729e-14	0	0	0	0	0	0	0	0	0
0.000474932478	8.038576986e-09	1.56879207e-14	0	0	0	0	0	0	0	0	0
0.0003985966301	5.557944718e-09	1.342532994e-14	0	0	0	0	0	0	0	0	0
0.0003356285386	3.457917959e-09	5.019323285e-15	0	0	0	0	0	0	0	0	0
0.00031163082	1.914647018e-09	3.256705314e-15	0	0	0	0	0	0	0	0	0
0.0003714041525	1.489576752e-09	1.0000253e-14	0	0	0	0	0	0	0	0	0
0.0005177884777	3.265853274e-09	9.472632977e-15	0	0	0	0	0	0	0	0	0
0.0006921256774	5.700018933e-09	1.328003186e-14	0	0	0	0	0	0	0	0	0
0.0008198655676	7.127893025e-09	2.411770819e-14	0	0	0	0	0	0	0	0	0
0.0008366824395	6.537625784e-09	3.471236166e-14	0	0	0	0	0	0	0	0	0
0.0007180737665	4.630100006e-09	3.1002548e-14	0	0	0	0	0	0	0	0	0
0.0005107955161	2.774119167e-09	1.295757404e-14	0	0	0	0	0	0	0	0	0
0.000339296025	1.459463273e-09	3.439351459e-15	0	0	0	0	0	0	0	0	0
0.0002881475201	9.249517296e-10	0	0	0	0	0	0	0	0	0	0
0.0002643342587	6.736285975e-10	0	0	0	0	0	0	0	0	0	0
0.0003425174937	2.18600418e-09	1.749762648e-14	0	0	0	0	0	0	0	0	0
0.0006398018519	1.404012693e-08	7.56754542e-14	0	0	0	0	0	0	0	0	0
0.001036144502	4.231897e-08	2.15103547e-13	0	0	0	0	0	0	0	0	0
0.001430167047	8.00281792e-08	4.14062354e-13	0	0	0	0	0	0	0	0	0
0.001748841234	1.079009783e-07	6.056890582e-13	0	0	0	0	0	0	0	0	0
0.001926656342	1.04167861e-07	6.986795538e-13	0	0	0	0	0	0	0	0	0
0.001903088495	6.522593497e-08	6.171950901e-13	0	0	0	0	0	0	0	0	0
0.00164067346	2.035069483e-08	4.089891357e-13	0	0	0	0	0	0	0	0	0
0.001167034613	1.600533858e-08	1.843200051e-13	0	0	0	0	0	0	0	0	0
0.0006193230287	9.348437521e-09	3.985538351e-14	0	0	0	0	0	0	0	0	0
0.0002835888774	6.507235112e-09	8.869760645e-15	0	0	0	0	0	0	0	0	0
0.0002854149183	1.101435188e-08	8.148056817e-15	0	0	0	0	0	0	0	0	0
0.0003174210793	2.664952241e-09	4.638595043e-15	0	0	0	0	0	0	0	0	0
0.001009353433	2.787165293e-08	1.996736752e-13	0	0	0	0	0	0	0	0	0
0.002294749124	1.177705593e-07	9.399639711e-13	0	0	0	0	0	0	0	0	0
0.003987507396	3.39946467e-07	2.522760962e-12	0	0	0	0	0	0	0	0	0
0.005839542363	6.17662371e-07	4.908872449e-12	0	0	0	0	0	0	0	0	0
0.007460571396	7.710478726e-07	7.442127915e-12	0	0	0	0	0	0	0	0	0
0.008372430988	7.286644027e-07	8.810233948e-12	0	0	0	0	0	0	0	0	0
0.008200095321	5.803246161e-07	7.937162182e-12	0	0	0	0	0	0	0	0	0
0.006908964897	3.348597123e-07	5.222389653e-12	0	0	0	0	0	0	0	0	0
0.00489784783	1.620451572e-07	2.398369542e-12	0	0	0	0	0	0	0	0	0
0.002832089302	1.869845305e-07	7.580413543e-13	0	0	0	0	0	0	0	0	0
0.001312958912	1.507810437e-07	2.014312445e-13	0	0	0	0	0	0	0	0	0
0.000637325965	9.304698898e-08	1.099362486e-13	0	0	0	0	0	0	0	0	0
0.0005535879976	6.787804225e-08	9.853034466e-14	0	0	0	0	0	0	0	0	0
0.0006513684062	7.352433189e-08	1.375790615e-13	0	0	0	0	0	0	0	0	0
0.0008441173812	9.325268152e-08	2.250341357e-13	0	0	0	0	0	0	0	0	0
0.0009938539518	1.094309437e-07	3.147366183e-13	0	0	0	0	0	0	0	0	0
0.001007556135	1.050445615e-07	3.215986166e-13	0	0	0	0	0	0	0	0	0
0.0008711417545	7.889116927e-08	2.457145435e-13	0	0	0	0	0	0	0	0	0
0.0006255632546	4.42891352e-08	1.431154546e-13	0	0	0	0	0	0	0	0	0
0.0003496093304	1.748353966e-08	5.671864492e-14	0	0	0	0	0	0	0	0	0
0.0001520415072	4.358923658e-09	1.777028453e-14	0	0	0	0	0	0	0	0	0
0.0001286197455	6.22665274e-10	0	0	0	0	0	0	0	0	0	0
0.0001809152833	2.169038925e-10	0	0	0	0	0	0	0	0	0	0
0.000338464411	1.136723202e-09	4.411317949e-15	0	0	0	0	0	0	0	0	0
0.0005694350699	3.279916529e-09	3.208710789e-15	0	0	0	0	0	0	0	0	0
0.0007830362592	6.093167646e-09	4.109278899e-15	0	0	0	0	0	0	0	0	0
0.0009224158802	8.642339407e-09	4.412127877e-15	0	0	0	0	0	0	0	0	0
0.0009711881604	1.007069836e-08	3.307348914e-15	0	0	0	0	0	0	0	0	0
0.0009379118427	9.906380535e-09	1.174730786e-14	0	0	0	0	0	0	0	0	0
0.0008401985414	8.231415972e-09	1.201044866e-14	0	0	0	0	0	0	0	0	0
0.0007033968076	5.675258717e-09	6.729114564e-15	0	0	0	0	0	0	0	0	0
0.0005690469719	3.300469239e-09	4.251791357e-15	0	0	0	0	0	0	0	0	0
0.0004915587054	3.47035094e-09	1.636590039e-14	0	0	0	0	0	0	0	0	0
0.0004934562602	7.600576018e-09	3.601332181e-14	0	0	0	0	0	0	0	0	0
0.0005350349364	1.295196498e-08	5.928934123e-14	0	0	0	0	0	0	0	0	0
0.000572711371	1.696779113e-08	8.246801892e-14	0	0	0	0	0	0	0	0	0
0.0005944276632	1.802498785e-08	8.10974158e-14	0	0	0	0	0	0	0	0	0
0.0006069897595	1.600887449e-08	7.23624414e-14	0	0	0	0	0	0	0	0	0
0.0006179191618	1.209346826e-08	5.475184311e-14	0	0	0	0	0	0	0	0	0
0.000627137448	7.918350982e-09	3.097578852e-14	0	0	0	0	0	0	0	0	0
0.0006290731128	4.715141857e-09	1.865815904e-14	0	0	0	0	0	0	0	0	0
0.0006180455635	2.864241074e-09	3.835266847e-15	0	0	0	0	0	0	0	0	0
0.0005924078776	1.903244626e-09	3.644417262e-15	0	0	0	0	0	0	0	0	0
0.000556537291	1.361398911e-09	9.477350872e-15	0	0	0	0	0	0	0	0	0
0.0005225676351	1.03197695e-09	6.809850738e-15	0	0	0	0	0	0	0	0	0
0.0005050436902	1.201333345e-09	5.201620575e-15	0	0	0	0	0	0	0	0	0
0.0005106959654	1.914580787e-09	1.338084274e-14	0	0	0	0	0	0	0	0	0
0.0005314211895	2.950030383e-09	1.915097301e-15	0	0	0	0	0	0	0	0	0
0.0005513777397	4.120776818e-09	7.144427512e-15	0	0	0	0	0	0	0	0	0
0.0005587027689	5.205341175e-09	4.133682802e-15	0	0	0	0	0	0	0	0	0
0.000550167718	5.949256976e-09	1.136524849e-14	0	0	0	0	0	0	0	0	0
0.000528589708	6.080194797e-09	2.871498796e-15	0	0	0	0	0	0	0	0	0
0.0004979935481	5.471941698e-09	6.013756399e-15	0	0	0	0	0	0	0	0	0
0.0004612200491	4.23861572e-09	1.179759805e-14	0	0	0	0	0	0	0	0	0
0.000422714237	2.79065427e-09	6.158229162e-15	0	0	0	0	0	0	0	0	0
0.0003934756466	1.629300496e-09	1.908737197e-15	0	0	0	0	0	0	0	0	0
0.0003890276687	1.07401875e-09	3.665494068e-15	0	0	0	0	0	0	0	0	0
0.0004154186372	1.068200257e-09	2.798559426e-15	0	0	0	0	0	0	0	0	0
0.0004627739336	1.425539835e-09	8.930021903e-15	0	0	0	0	0	0	0	0	0
0.0005216159063	2.268421192e-09	7.942752682e-15	0	0	0	0	0	0	0	0	0
0.0005951933894	4.260870895e-09	6.143852735e-15	0	0	0	0	0	0	0	0	0
0.0006863998369	8.164531074e-09	8.151997628e-15	0	0	0	0	0	0	0	0	0
0.0007742310882	1.308851686e-08	7.548649353e-15	0	0	0	0	0	0	0	0	0
0.0008140018342	1.657751543e-08	1.202916213e-14	0	0	0	0	0	0	0	0	0
0.0007656676797	1.656425081e-08	8.140872088e-15	0	0	0	0	0	0	0	0	0
0.0006277796858	1.324654759e-08	9.883619287e-15	0	0	0	0	0	0	0	0	0
0.0004579985616	8.688771882e-09	1.152716014e-14	0	0	0	0	0	0	0	0	0
0.0003554551098	5.416400784e-09	7.34644035e-15	0	0	0	0	0	0	0	0	0
0.0003486170075	3.765273285e-09	4.095479728e-15	0	0	0	0	0	0	0	0	0
0.0003802183039	3.172714439e-09	5.308086643e-15	0	0	0	0	0	0	0	0	0
0.0004742748616	4.977704057e-09	1.051576869e-14	0	0	0	0	0	0	0	0	0
0.0006599263626	1.134258949e-08	1.50335502e-14	0	0	0	0	0	0	0	0	0
0.000880556935	2.14273945e-08	6.421620406e-15	0	0	0	0	0	0	0	0	0
0.001058247379	3.036640891e-08	8.331315747e-15	0	0	0	0	0	0	0	0	0
0.001132787779	3.226915682e-08	1.208467529e-14	0	0	0	0	0	0	0	0	0
0.001071434805	2.553319685e-08	1.11399159e-14	0	0	0	0	0	0	0	0	0
0.0008787951921	1.477640968e-08	6.285630146e-15	0	0	0	0	0	0	0	0	0
0.0006075409726	6.008112527e-09	6.675364411e-15	0	0	0	0	0	0	0	0	0
0.0003612954335	1.471158656e-09	4.042722485e-15	0	0	0	0	0	0	0	0	0
0.0002400170518	5.112909281e-10	0	0	0	0	0	0	0	0	0	0
0.0001824518908	8.866029704e-10	0	0	0	0	0	0	0	0	0	0
0.0004018891493	9.070076662e-09	8.878622213e-15	0	0	0	0	0	0	0	0	0
0.001034480834	3.590426745e-08	1.557383107e-14	0	0	0	0	0	0	0	0	0
0.001935064971	8.731378787e-08	4.453507493e-14	0	0	0	0	0	0	0	0	0
0.002951508632	1.443136324e-07	9.293228084e-14	0	0	0	0	0	0	0	0	0
0.003870809156	1.652871372e-07	1.460378063e-13	0	0	0	0	0	0	0	0	0
0.004445953136	1.28961447e-07	1.774071786e-13	0	0	0	0	0	0	0	0	0
0.004465168728	7.854848464e-08	1.64119776e-13	0	0	0	0	0	0	0	0	0
0.003849889718	6.265357614e-08	1.13008516e-13	0	0	0	0	0	0	0	0	0
0.002737571597	3.712652056e-08	5.316151069e-14	0	0	0	0	0	0	0	0	0
0.001480450005	9.993510002e-09	1.486722545e-14	0	0	0	0	0	0	0	0	0
0.0005211051361	2.873839789e-09	8.450986286e-15	0	0	0	0	0	0	0	0	0
0.0002267922294	1.080164596e-09	3.432843549e-15	0	0	0	0	0	0	0	0	0
0.0002438933175	1.014571259e-09	8.628930984e-15	0	0	0	0	0	0	0	0	0
0.0005409480789	4.73060948e-09	2.190948193e-15	0	0	0	0	0	0	0	0	0
0.0009839857097	2.092662635e-08	8.196582012e-15	0	0	0	0	0	0	0	0	0
0.001359926654	5.010859112e-08	1.852426819e-14	0	0	0	0	0	0	0	0	0
0.001597503058	7.884589599e-08	2.573324968e-14	0	0	0	0	0	0	0	0	0
0.001682537512	8.914336048e-08	2.662010617e-14	0	0	0	0	0	0	0	0	0
0.001620437318	7.687028185e-08	2.124140727e-14	0	0	0	0	0	0	0	0	0
0.001430100186	5.013771287e-08	1.539063171e-14	0	0	0	0	0	0	0	0	0
0.001150248864	2.351624478e-08	7.843348247e-15	0	0	0	0	0	0	0	0	0
0.0008445552569	7.395091285e-09	2.55864276e-15	0	0	0	0	0	0	0	0	0
0.0005896471006	1.982048239e-09	9.692513584e-15	0	0	0	0	0	0	0	0	0
0.0004217565946	1.024363103e-09	1.131230372e-14	0	0	0	0	0	0	0	0	0
0.0002995819911	9.554590647e-10	0	0	0	0	0	0	0	0	0	0
0.0003168517975	1.255651119e-09	2.362392228e-15	0	0	0	0	0	0	0	0	0
0.0006269632367	2.288003072e-09	7.617483796e-15	0	0	0	0	0	0	0	0	0
0.001041400106	5.886055833e-09	1.061444025e-14	0	0	0	0	0	0	0	0	0
0.001403147774	1.027408164e-08	1.545574401e-14	0	0	0	0	0	0	0	0	0
0.001606964734	1.267108972e-08	1.625064119e-14	0	0	0	0	0	0	0	0	0
0.001606373556	1.279257074e-08	1.636386933e-14	0	0	0	0	0	0	0	0	0
0.001424727414	1.096355605e-08	1.060950631e-14	0	0	0	0	0	0	0	0	0
0.001144860044	8.143704309e-09	8.126674584e-15	0	0	0	0	0	0	0	0	0
0.0008751771673	5.533928608e-09	7.918215053e-15	0	0	0	0	0	0	0	0	0
0.0006943816331	3.775902139e-09	7.703004315e-15	0	0	0	0	0	0	0	0	0
0.000596788462	2.965459341e-09	8.641529801e-15	0	0	0	0	0	0	0	0	0
0.0005214496251	2.383165988e-09	1.191127276e-14	0	0	0	0	0	0	0	0	0
0.0004337019761	1.79222978e-09	5.282961255e-15	0	0	0	0	0	0	0	0	0
0.0003401531695	1.298692405e-09	1.35407012e-14	0	0	0	0	0	0	0	0	0
0.0002646295679	9.851604795e-10	0	0	0	0	0	0	0	0	0	0
0.0002261788258	8.347276335e-10	0	0	0	0	0	0	0	0	0	0
0.0002269970047	7.600967454e-10	0	0	0	0	0	0	0	0	0	0
0.0002626153857	7.19783216e-10	0	0	0	0	0	0	0	0	0	0
0.000330702164	7.37448385e-10	0	0	0	0	0	0	0	0	0	0
0.000421241992	8.682838851e-10	0	0	0	0	0	0	0	0	0	0
0.0005149251924	1.105080561e-09	4.931285577e-15	0	0	0	0	0	0	0	0	0
0.0005906581582	1.373273319e-09	3.945287434e-15	0	0	0	0	0	0	0	0	0
0.0006319612844	1.563430441e-09	7.819847325e-15	0	0	0	0	0	0	0	0	0
0.0006310313262	1.639055739e-09	1.374036248e-14	0	0	0	0	0	0	0	0	0
0.0005909845227	1.72217051e-09	5.361212537e-15	0	0	0	0	0	0	0	0	0
0.0005267554864	2.056910604e-09	8.763131449e-15	0	0	0	0	0	0	0	0	0
0.0004630750148	2.695647909e-09	1.743156424e-14	0	0	0	0	0	0	0	0	0
0.0004251109054	3.401372158e-09	1.080772934e-14	0	0	0	0	0	0	0	0	0
0.0004200716383	3.832740508e-09	1.323915726e-14	0	0	0	0	0	0	0	0	0
0.0004321046823	3.68856554e-09	1.696914923e-14	0	0	0	0	0	0	0	0	0
0.0004428891902	2.931486712e-09	1.410584215e-14	0	0	0	0	0	0	0	0	0
0.0004488263879	1.939791463e-09	1.007447822e-14	0	0	0	0	0	0	0	0	0
0.0004583847679	1.326917929e-09	1.242199637e-14	0	0	0	0	0	0	0	0	0
0.0004763379737	1.173032972e-09	6.951291903e-15	0	0	0	0	0	0	0	0	0
0.0004945579832	1.09299929e-09	7.870351405e-15	0	0	0	0	0	0	0	0	0
0.0005111854631	1.057179268e-09	1.018959689e-14	0	0	0	0	0	0	0	0	0
0.0005665138469	1.650376389e-09	5.720750503e-15	0	0	0	0	0	0	0	0	0
0.000726555165	4.412175365e-09	8.850425873e-15	0	0	0	0	0	0	0	0	0
0.0009874132658	1.018297974e-08	3.756528869e-14	0	0	0	0	0	0	0	0	0
0.001264157717	1.745389651e-08	7.633128454e-14	0	0	0	0	0	0	0	0	0
0.00144944884	2.26493986e-08	1.146668903e-13	0	0	0	0	0	0	0	0	0
0.00145612811	2.265694103e-08	1.276707905e-13	0	0	0	0	0	0	0	0	0
0.001255712118	1.766096983e-08	1.003097849e-13	0	0	0	0	0	0	0	0	0
0.0009051660262	1.0689984e-08	6.091135343e-14	0	0	0	0	0	0	0	0	0
0.0005417342221	5.172418361e-09	2.249816669e-14	0	0	0	0	0	0	0	0	0
0.0003326443885	2.504533166e-09	1.009250903e-14	0	0	0	0	0	0	0	0	0
0.0003073157398	2.305940598e-09	5.642551449e-15	0	0	0	0	0	0	0	0	0
0.0003773679019	5.157399924e-09	1.778610074e-14	0	0	0	0	0	0	0	0	0
0.0005780839023	1.45538239e-08	4.465018374e-14	0	0	0	0	0	0	0	0	0
0.0008614449843	3.283709844e-08	9.538528481e-14	0	0	0	0	0	0	0	0	0
0.001130435533	5.635566399e-08	1.555597878e-13	0	0	0	0	0	0	0	0	0
0.001310998522	7.494749598e-08	2.089246347e-13	0	0	0	0	0	0	0	0	0
0.001356838969	7.873199145e-08	2.174868236e-13	0	0	0	0	0	0	0	0	0
0.001250768932	6.494378377e-08	1.811223649e-13	0	0	0	0	0	0	0	0	0
0.00101132459	4.073055167e-08	1.115202982e-13	0	0	0	0	0	0	0	0	0
0.0007013792666	1.835683483e-08	5.127688252e-14	0	0	0	0	0	0	0	0	0
0.0004378464482	7.103238314e-09	2.451405255e-14	0	0	0	0	0	0	0	0	0
0.0003567701222	5.518109819e-09	1.132287704e-14	0	0	0	0	0	0	0	0	0
0.0003869975074	5.082294059e-09	8.245884638e-15	0	0	0	0	0	0	0	0	0
0.0004503629059	5.025959239e-09	4.102624801e-15	0	0	0	0	0	0	0	0	0
0.0007243761566	6.396820864e-09	7.870033903e-15	0	0	0	0	0	0	0	0	0
0.001252563749	1.198582043e-08	7.98268592e-14	0	0	0	0	0	0	0	0	0
0.001892686983	2.286144958e-08	2.219055712e-13	0	0	0	0	0	0	0	0	0
0.00246809359	3.918512089e-08	4.136788085e-13	0	0	0	0	0	0	0	0	0
0.002799218827	5.771873284e-08	5.305313831e-13	0	0	0	0	0	0	0	0	0
0.002749453858	6.626922673e-08	5.045378357e-13	0	0	0	0	0	0	0	0	0
0.002290020101	5.410938653e-08	3.379905941e-13	0	0	0	0	0	0	0	0	0
0.001546043455	2.838502131e-08	1.511882265e-13	0	0	0	0	0	0	0	0	0
0.0007728350119	7.853351239e-09	2.89582804e-14	0	0	0	0	0	0	0	0	0
0.0002683023579	9.396275222e-10	0	0	0	0	0	0	0	0	0	0
0.0002529647657	1.003239712e-09	5.133915959e-15	0	0	0	0	0	0	0	0	0
0.0004168004208	2.176085039e-09	9.818845369e-15	0	0	0	0	0	0	0	0	0
0.0007190127149	7.871529144e-09	7.480842636e-15	0	0	0	0	0	0	0	0	0
0.001069082033	2.271000133e-08	4.633246918e-14	0	0	0	0	0	0	0	0	0
0.0013509176	4.048569047e-08	8.995852111e-14	0	0	0	0	0	0	0	0	0
0.00149636731	5.032467913e-08	1.084371279e-13	0	0	0	0	0	0	0	0	0
0.001477927477	4.573054306e-08	8.69011514e-14	0	0	0	0	0	0	0	0	0
0.001304658209	3.017584843e-08	5.103581881e-14	0	0	0	0	0	0	0	0	0
0.001024267679	1.335407046e-08	1.74831004e-14	0	0	0	0	0	0	0	0	0
0.0007166532872	3.399632989e-09	8.618491598e-15	0	0	0	0	0	0	0	0	0
0.0004593756753	1.772608139e-09	3.780289054e-15	0	0	0	0	0	0	0	0	0
0.0002828099355	1.384723259e-09	4.407796301e-15	0	0	0	0	0	0	0	0	0
0.0003576174982	3.546630487e-09	1.264665245e-14	0	0	0	0	0	0	0	0	0
0.0008041728575	9.566566004e-09	6.039413114e-14	0	0	0	0	0	0	0	0	0
0.001426331351	1.893742105e-08	1.650463365e-13	0	0	0	0	0	0	0	0	0
0.002061579453	2.663148973e-08	3.102944982e-13	0	0	0	0	0	0	0	0	0
0.002540082724	2.657703549e-08	4.21131283e-13	0	0	0	0	0	0	0	0	0
0.002716578037	1.833618923e-08	4.424346668e-13	0	0	0	0	0	0	0	0	0
0.002522161253	1.024708274e-08	3.480295569e-13	0	0	0	0	0	0	0	0	0
0.001999848144	6.903792332e-09	2.115573464e-13	0	0	0	0	0	0	0	0	0
0.001305507111	5.631529663e-09	8.51595672e-14	0	0	0	0	0	0	0	0	0
0.0006632122579	3.49253753e-09	2.199913264e-14	0	0	0	0	0	0	0	0	0
0.0003148238615	1.996872356e-09	6.730565031e-15	0	0	0	0	0	0	0	0	0
0.0003081951371	1.933798187e-09	2.430768841e-15	0	0	0	0	0	0	0	0	0
0.0003539150734	2.337745685e-09	1.26416459e-14	0	0	0	0	0	0	0	0	0
0.0004572455871	4.099760645e-09	1.207545098e-14	0	0	0	0	0	0	0	0	0
0.0006103445887	9.00392773e-09	4.369615306e-14	0	0	0	0	0	0	0	0	0
0.0007392078228	1.550918207e-08	7.304999384e-14	0	0	0	0	0	0	0	0	0
0.0008061452192	1.995721243e-08	9.875165868e-14	0	0	0	0	0	0	0	0	0
0.0008094361839	2.04543012e-08	9.657055453e-14	0	0	0	0	0	0	0	0	0
0.0007656513024	1.709321048e-08	8.339283242e-14	0	0	0	0	0	0	0	0	0
0.0006978987733	1.20962762e-08	5.951338965e-14	0	0	0	0	0	0	0	0	0
0.0006280106764	7.389873993e-09	3.807355697e-14	0	0	0	0	0	0	0	0	0
0.0005688883332	4.043117963e-09	2.207010162e-14	0	0	0	0	0	0	0	0	0
0.0005208804789	2.167599378e-09	1.201213583e-14	0	0	0	0	0	0	0	0	0
0.0004765845922	1.362628008e-09	7.005054816e-15	0	0	0	0	0	0	0	0	0
0.0004305884525	1.056333649e-09	6.941652192e-15	0	0	0	0	0	0	0	0	0
0.0003853481653	8.746613816e-10	0	0	0	0	0	0	0	0	0	0
0.000349030403	7.318028165e-10	0	0	0	0	0	0	0	0	0	0
0.0003277000569	6.387638571e-10	0	0	0	0	0	0	0	0	0	0
0.0003198736544	6.028694932e-10	0	0	0	0	0	0	0	0	0	0
0.0003208850112	6.09491477e-10	0	0	0	0	0	0	0	0	0	0
0.0003304485219	6.52178441e-10	0	0	0	0	0	0	0	0	0	0
0.0003519657779	7.324771113e-10	0	0	0	0	0	0	0	0	0	0
0.0003843564926	8.41984576e-10	0	0	0	0	0	0	0	0	0	0
0.0004182342229	9.612330187e-10	0	0	0	0	0	0	0	0	0	0
0.0004409139334	1.071524782e-09	1.088581577e-14	0	0	0	0	0	0	0	0	0
0.0004435184484	1.156018589e-09	4.022946474e-15	0	0	0	0	0	0	0	0	0
0.0004250694156	1.204911529e-09	5.803500271e-15	0	0	0	0	0	0	0	0	0
0.0003938424573	1.2075687e-09	1.186771072e-14	0	0	0	0	0	0	0	0	0
0.0003666460223	1.177843875e-09	7.061304667e-15	0	0	0	0	0	0	0	0	0
0.0003640565419	1.156964282e-09	8.893255809e-15	0	0	0	0	0	0	0	0	0
0.0003972969971	1.278369399e-09	6.853814248e-15	0	0	0	0	0	0	0	0	0
0.0004578286963	1.72919331e-09	7.866279462e-15	0	0	0	0	0	0	0	0	0
0.0005247276502	2.41122847e-09	4.330353437e-15	0	0	0	0	0	0	0	0	0
0.0005769768494	2.918457706e-09	5.918267133e-15	0	0	0	0	0	0	0	0	0
0.00060053059	2.866571522e-09	8.580668049e-15	0	0	0	0	0	0	0	0	0
0.000591886055	2.304842434e-09	7.151632735e-15	0	0	0	0	0	0	0	0	0
0.0005574896466	1.764519289e-09	1.57567152e-14	0	0	0	0	0	0	0	0	0
0.000507694399	1.612395409e-09	1.123645246e-14	0	0	0	0	0	0	0	0	0
0.0004492867129	1.49264442e-09	2.451111998e-15	0	0	0	0	0	0	0	0	0
0.0003861024128	1.059605667e-09	5.292530245e-15	0	0	0	0	0	0	0	0	0
0.0003320441103	5.041611391e-10	0	0	0	0	0	0	0	0	0	0
0.0003237028095	8.219242312e-10	0	0	0	0	0	0	0	0	0	0
0.0003900145105	4.70792441e-09	1.107207837e-14	0	0	0	0	0	0	0	0	0
0.0005102039681	1.431554988e-08	1.063365147e-14	0	0	0	0	0	0	0	0	0
0.0006505401676	3.132987672e-08	9.860040887e-15	0	0	0	0	0	0	0	0	0
0.0007920202295	5.635007048e-08	1.167480871e-14	0	0	0	0	0	0	0	0	0
0.0009283659434	8.899745561e-08	3.063805627e-14	0	0	0	0	0	0	0	0	0
0.001059844775	1.283524024e-07	2.230794509e-14	0	0	0	0	0	0	0	0	0
0.001188291829	1.730621299e-07	3.016320399e-14	0	0	0	0	0	0	0	0	0
0.001314372372	2.210681412e-07	2.560945554e-14	0	0	0	0	0	0	0	0	0
0.001436943239	2.686558415e-07	4.032718979e-14	0	0	0	0	0	0	0	0	0
0.001554342919	3.093536361e-07	3.229244937e-14	0	0	0	0	0	0	0	0	0
0.00166432348	3.333111002e-07	4.236710139e-14	0	0	0	0	0	0	0	0	0
0.001761238725	3.291896131e-07	4.080257689e-14	0	0	0	0	0	0	0	0	0
0.001830919673	2.900218336e-07	3.92291004e-14	0	0	0	0	0	0	0	0	0
0.001853728558	2.214820197e-07	3.714555715e-14	0	0	0	0	0	0	0	0	0
0.001830279786	1.445491655e-07	2.55744005e-14	0	0	0	0	0	0	0	0	0
0.00182255063	8.320164516e-08	1.574406312e-14	0	0	0	0	0	0	0	0	0
0.001925578944	4.820514741e-08	8.4265534e-15	0	0	0	0	0	0	0	0	0
0.002114221281	3.227797633e-08	6.711968447e-15	0	0	0	0	0	0	0	0	0
0.002224703062	3.054829426e-08	9.041859853e-15	0	0	0	0	0	0	0	0	0
0.002158346235	4.080704573e-08	1.213405499e-14	0	0	0	0	0	0	0	0	0
0.002004398093	5.251458722e-08	1.236808171e-14	0	0	0	0	0	0	0	0	0
0.001913973054	5.047386406e-08	1.327288723e-14	0	0	0	0	0	0	0	0	0
0.001865583905	4.095168929e-08	1.130987653e-14	0	0	0	0	0	0	0	0	0
0.001742283205	3.551866895e-08	1.096269163e-14	0	0	0	0	0	0	0	0	0
0.001556524525	2.253058567e-08	1.033673592e-14	0	0	0	0	0	0	0	0	0
0.001440734859	2.20590121e-08	9.51967618e-15	0	0	0	0	0	0	0	0	0
0.001492245751	1.072517472e-07	1.598364733e-14	0	0	0	0	0	0	0	0	0
0.001687964783	2.592238624e-07	3.378349375e-14	0	0	0	0	0	0	0	0	0
0.001941829901	4.64797558e-07	6.381522658e-14	0	0	0	0	0	0	0	0	0
0.002168216245	6.857325467e-07	9.398062629e-14	0	0	0	0	0	0	0	0	0
0.002299249966	8.596855708e-07	1.210285047e-13	0	0	0	0	0	0	0	0	0
0.002293030977	9.418128884e-07	1.342006113e-13	0	0	0	0	0	0	0	0	0
0.002145316548	9.153966848e-07	1.309280167e-13	0	0	0	0	0	0	0	0	0
0.00189780071	8.076152621e-07	1.15340133e-13	0	0	0	0	0	0	0	0	0
0.001635762579	6.663783112e-07	9.71648857e-14	0	0	0	0	0	0	0	0	0
0.00148822118	5.367702773e-07	7.56032617e-14	0	0	0	0	0	0	0	0	0
0.001614026514	4.346978933e-07	6.020965288e-14	0	0	0	0	0	0	0	0	0
0.002078518539	3.419739908e-07	5.44075961e-14	0	0	0	0	0	0	0	0	0
0.002767362229	2.28606555e-07	6.235439715e-14	0	0	0	0	0	0	0	0	0
0.003458780781	1.209714081e-07	8.071837682e-14	0	0	0	0	0	0	0	0	0
0.003888019558	1.823091468e-07	9.41161121e-14	0	0	0	0	0	0	0	0	0
0.003822900268	2.376568742e-07	8.920322785e-14	0	0	0	0	0	0	0	0	0
0.003179052135	1.685658205e-07	6.095597241e-14	0	0	0	0	0	0	0	0	0
0.002123518403	3.957734377e-08	3.090416805e-14	0	0	0	0	0	0	0	0	0
0.001101540941	7.118160771e-08	1.700192878e-14	0	0	0	0	0	0	0	0	0
0.0006686914792	9.272932799e-08	1.502641763e-14	0	0	0	0	0	0	0	0	0
0.0005872658089	7.199325688e-08	1.190398271e-14	0	0	0	0	0	0	0	0	0
0.0005737807525	3.274419845e-08	1.088943204e-14	0	0	0	0	0	0	0	0	0
0.0009359923989	1.173325948e-08	4.147327402e-15	0	0	0	0	0	0	0	0	0
0.001357107307	6.838177843e-09	9.391298821e-15	0	0	0	0	0	0	0	0	0
0.00163174539	5.255550856e-08	2.148129687e-14	0	0	0	0	0	0	0	0	0
0.001739233882	1.070190081e-07	3.187295517e-14	0	0	0	0	0	0	0	0	0
0.001703315234	1.333983131e-07	3.516325139e-14	0	0	0	0	0	0	0	0	0
0.001546372931	1.229168541e-07	2.805103849e-14	0	0	0	0	0	0	0	0	0
0.001295446499	8.877172283e-08	2.106884393e-14	0	0	0	0	0	0	0	0	0
0.001000774636	5.087556148e-08	9.399419916e-15	0	0	0	0	0	0	0	0	0
0.0007431695389	2.330640968e-08	7.342060034e-15	0	0	0	0	0	0	0	0	0
0.0006058941266	9.520361254e-09	5.282515372e-15	0	0	0	0	0	0	0	0	0
0.0005911494523	4.562622337e-09	1.724385738e-15	0	0	0	0	0	0	0	0	0
0.0006388984811	2.780983845e-09	6.593382707e-15	0	0	0	0	0	0	0	0	0
0.0007417497517	2.674809899e-09	1.38709269e-14	0	0	0	0	0	0	0	0	0
0.0009013334491	4.352741612e-09	1.279368173e-14	0	0	0	0	0	0	0	0	0
0.001061977592	6.81619492e-09	1.840866958e-15	0	0	0	0	0	0	0	0	0
0.001147091078	8.093642496e-09	1.183436297e-14	0	0	0	0	0	0	0	0	0
0.001112395374	7.271095461e-09	8.109883169e-15	0	0	0	0	0	0	0	0	0
0.0009664178348	5.171763366e-09	4.595965557e-15	0	0	0	0	0	0	0	0	0
0.0007625208115	3.357726759e-09	9.803576913e-15	0	0	0	0	0	0	0	0	0
0.0005733212328	2.550561344e-09	6.376690643e-15	0	0	0	0	0	0	0	0	0
0.0004690262265	2.61441166e-09	1.314071881e-14	0	0	0	0	0	0	0	0	0
0.0004960125694	3.285986234e-09	7.052028961e-15	0	0	0	0	0	0	0	0	0
0.0006319089887	4.463249545e-09	1.188178698e-14	0	0	0	0	0	0	0	0	0
0.0008107746693	6.545599685e-09	7.515679834e-15	0	0	0	0	0	0	0	0	0
0.0009723825176	9.797961236e-09	1.017444709e-14	0	0	0	0	0	0	0	0	0
0.001071770491	1.305895682e-08	1.061421404e-14	0	0	0	0	0	0	0	0	0
0.001083459301	1.445866033e-08	1.005485011e-14	0	0	0	0	0	0	0	0	0
0.001005252873	1.317837582e-08	6.614596624e-15	0	0	0	0	0	0	0	0	0
0.0008574579973	9.838012295e-09	4.759861956e-15	0	0	0	0	0	0	0	0	0
0.0006770563119	5.96608379e-09	5.512211935e-15	0	0	0	0	0	0	0	0	0
0.0005118543752	2.960384112e-09	1.017576173e-14	0	0	0	0	0	0	0	0	0
0.0004221659516	1.585575402e-09	5.084354977e-15	0	0	0	0	0	0	0	0	0
0.0004583961417	1.705674893e-09	8.414703993e-15	0	0	0	0	0	0	0	0	0
0.0005939626234	2.505200746e-09	7.19174516e-15	0	0	0	0	0	0	0	0	0
0.0007641832748	3.786066541e-09	1.186628118e-14	0	0	0	0	0	0	0	0	0
0.0009175910038	5.064860784e-09	9.63634347e-15	0	0	0	0	0	0	0	0	0
0.001017418023	5.587744906e-09	1.074101172e-14	0	0	0	0	0	0	0	0	0
0.001044988584	5.103216728e-09	1.665903458e-14	0	0	0	0	0	0	0	0	0
0.001002478435	4.269107247e-09	1.016036272e-14	0	0	0	0	0	0	0	0	0
0.0009057209678	3.554529102e-09	1.322159587e-14	0	0	0	0	0	0	0	0	0
0.0007721884074	2.669452646e-09	2.15559466e-15	0	0	0	0	0	0	0	0	0
0.0006216121472	1.518378116e-09	8.739632721e-15	0	0	0	0	0	0	0	0	0
0.0005068029501	8.84588464e-10	0	0	0	0	0	0	0	0	0	0
0.000538059367	4.681704383e-09	2.13955497e-14	0	0	0	0	0	0	0	0	0
0.0007399521868	1.847470655e-08	9.187664436e-14	0	0	0	0	0	0	0	0	0
0.00101785696	4.722774918e-08	2.142635583e-13	0	0	0	0	0	0	0	0	0
0.001302408962	9.33211123e-08	4.42372895e-13	0	0	0	0	0	0	0	0	0
0.001560087521	1.554920011e-07	7.584445186e-13	0	0	0	0	0	0	0	0	0
0.001775497574	2.28627252e-07	1.119057912e-12	0	0	0	0	0	0	0	0	0
0.001941209996	3.035826206e-07	1.486280812e-12	0	0	0	0	0	0	0	0	0
0.002050394509	3.657749587e-07	1.773012967e-12	0	0	0	0	0	0	0	0	0
0.002091022625	3.956188253e-07	1.876094271e-12	0	0	0	0	0	0	0	0	0
0.002042138493	3.742310627e-07	1.71644431e-12	0	0	0	0	0	0	0	0	0
0.001876353032	2.974032753e-07	1.305415632e-12	0	0	0	0	0	0	0	0	0
0.001583702969	1.886525427e-07	7.658567596e-13	0	0	0	0	0	0	0	0	0
0.001248198779	9.06793849e-08	3.281778498e-13	0	0	0	0	0	0	0	0	0
0.001182388271	3.453980813e-08	8.810502493e-14	0	0	0	0	0	0	0	0	0
