2.502239934e-08	2.154472285e-12	0	0	0	0	0	0	0	0	0	0
2.792672767e-08	9.268989189e-14	0	0	0	0	0	0	0	0	0	0
1.649114147e-07	8.492271329e-14	0	0	0	0	0	0	0	0	0	0
9.125871448e-07	3.764942921e-13	0	0	0	0	0	0	0	0	0	0
4.605825837e-06	1.73377912e-12	0	0	0	0	0	0	0	0	0	0
2.072384251e-05	7.63448709e-12	0	0	0	0	0	0	0	0	0	0
8.902315114e-05	3.741930802e-11	0	0	0	0	0	0	0	0	0	0
0.0002477640173	2.911176321e-10	0	0	0	0	0	0	0	0	0	0
0.0001886964985	1.000179019e-10	0	0	0	0	0	0	0	0	0	0
0.0001704561341	9.547429178e-11	0	0	0	0	0	0	0	0	0	0
0.0001474382114	8.988561502e-11	0	0	0	0	0	0	0	0	0	0
0.0001221137551	8.347003714e-11	0	0	0	0	0	0	0	0	0	0
9.710785139e-05	7.608626243e-11	0	0	0	0	0	0	0	0	0	0
7.505147275e-05	6.85468598e-11	0	0	0	0	0	0	0	0	0	0
5.85182829e-05	6.080296029e-11	0	0	0	0	0	0	0	0	0	0
4.95056446e-05	5.303376903e-11	0	0	0	0	0	0	0	0	0	0
4.779155396e-05	4.549153351e-11	0	0	0	0	0	0	0	0	0	0
5.039990383e-05	3.863826012e-11	0	0	0	0	0	0	0	0	0	0
5.40544327e-05	3.140793959e-11	0	0	0	0	0	0	0	0	0	0
5.674231817e-05	2.446537717e-11	0	0	0	0	0	0	0	0	0	0
5.751064465e-05	1.845591284e-11	0	0	0	0	0	0	0	0	0	0
5.609007342e-05	1.369957302e-11	0	0	0	0	0	0	0	0	0	0
5.274235319e-05	1.102855118e-11	0	0	0	0	0	0	0	0	0	0
4.822398693e-05	9.709981268e-12	0	0	0	0	0	0	0	0	0	0
4.370030675e-05	9.205219831e-12	0	0	0	0	0	0	0	0	0	0
4.052070447e-05	1.12247196e-11	0	0	0	0	0	0	0	0	0	0
3.971554123e-05	1.679639684e-11	0	0	0	0	0	0	0	0	0	0
4.142227838e-05	2.476540506e-11	0	0	0	0	0	0	0	0	0	0
4.489611871e-05	3.334742275e-11	0	0	0	0	0	0	0	0	0	0
4.906529273e-05	4.301649452e-11	0	0	0	0	0	0	0	0	0	0
5.292717837e-05	5.347179314e-11	0	0	0	0	0	0	0	0	0	0
5.564708701e-05	6.285602594e-11	0	0	0	0	0	0	0	0	0	0
5.66025394e-05	7.105145006e-11	0	0	0	0	0	0	0	0	0	0
5.546004876e-05	7.619944637e-11	0	0	0	0	0	0	0	0	0	0
5.226864211e-05	7.592713765e-11	0	0	0	0	0	0	0	0	0	0
4.753388384e-05	6.792068577e-11	0	0	0	0	0	0	0	0	0	0
4.224316462e-05	5.237273243e-11	0	0	0	0	0	0	0	0	0	0
3.784470786e-05	3.216652785e-11	0	0	0	0	0	0	0	0	0	0
3.599537741e-05	1.851941112e-11	0	0	0	0	0	0	0	0	0	0
3.776866876e-05	2.724232282e-11	0	0	0	0	0	0	0	0	0	0
4.290633435e-05	5.156917835e-11	0	0	0	0	0	0	0	0	0	0
5.024119192e-05	9.481218266e-11	0	0	0	0	0	0	0	0	0	0
5.846324735e-05	1.577703788e-10	0	0	0	0	0	0	0	0	0	0
6.636349888e-05	2.289459555e-10	0	0	0	0	0	0	0	0	0	0
7.281881983e-05	2.907011363e-10	0	0	0	0	0	0	0	0	0	0
7.686639286e-05	3.272081283e-10	0	0	0	0	0	0	0	0	0	0
7.784285169e-05	3.291187536e-10	0	0	0	0	0	0	0	0	0	0
7.555272976e-05	2.993285368e-10	0	0	0	0	0	0	0	0	0	0
7.036156275e-05	2.494890042e-10	0	0	0	0	0	0	0	0	0	0
6.314092962e-05	1.965050244e-10	0	0	0	0	0	0	0	0	0	0
5.502229526e-05	1.505881993e-10	0	0	0	0	0	0	0	0	0	0
4.707627444e-05	1.253418453e-10	0	0	0	0	0	0	0	0	0	0
4.030047986e-05	1.250503782e-10	0	0	0	0	0	0	0	0	0	0
3.662440364e-05	1.561369595e-10	0	0	0	0	0	0	0	0	0	0
3.982989986e-05	2.294104813e-10	0	0	0	0	0	0	0	0	0	0
5.214782273e-05	3.570907502e-10	0	0	0	0	0	0	0	0	0	0
7.126741285e-05	5.371106977e-10	0	0	0	0	0	0	0	0	0	0
9.327060213e-05	7.482236821e-10	0	0	0	0	0	0	0	0	0	0
0.0001143950604	9.633256215e-10	0	0	0	0	0	0	0	0	0	0
0.0001313298163	1.091026027e-09	1.205003186e-15	0	0	0	0	0	0	0	0	0
0.0001415365299	1.124489871e-09	4.143376706e-15	0	0	0	0	0	0	0	0	0
0.0001436321738	1.020987423e-09	3.597445883e-15	0	0	0	0	0	0	0	0	0
0.0001376171015	8.095545167e-10	0	0	0	0	0	0	0	0	0	0
0.0001248677523	5.570573929e-10	0	0	0	0	0	0	0	0	0	0
0.0001078298465	3.118609681e-10	0	0	0	0	0	0	0	0	0	0
8.945149932e-05	1.394886239e-10	0	0	0	0	0	0	0	0	0	0
7.238830591e-05	5.564455022e-11	0	0	0	0	0	0	0	0	0	0
5.816394399e-05	3.330451105e-11	0	0	0	0	0	0	0	0	0	0
4.678451517e-05	2.581703795e-11	0	0	0	0	0	0	0	0	0	0
3.757854513e-05	1.984459042e-11	0	0	0	0	0	0	0	0	0	0
3.143764658e-05	1.040783052e-11	0	0	0	0	0	0	0	0	0	0
3.206991729e-05	2.831396679e-11	0	0	0	0	0	0	0	0	0	0
4.121633852e-05	1.014020482e-10	0	0	0	0	0	0	0	0	0	0
5.557190974e-05	2.430106589e-10	0	0	0	0	0	0	0	0	0	0
7.174102508e-05	4.581795055e-10	0	0	0	0	0	0	0	0	0	0
8.779805055e-05	7.277534084e-10	0	0	0	0	0	0	0	0	0	0
0.0001027254914	1.026291241e-09	4.813510042e-15	0	0	0	0	0	0	0	0	0
0.0001159423088	1.305456961e-09	9.8173116e-15	0	0	0	0	0	0	0	0	0
0.000127113282	1.562719206e-09	5.124068919e-15	0	0	0	0	0	0	0	0	0
0.0001360451678	1.749963865e-09	4.258324314e-15	0	0	0	0	0	0	0	0	0
0.0001427394787	1.881827536e-09	6.454607949e-15	0	0	0	0	0	0	0	0	0
0.0001474236734	1.960478762e-09	9.129552824e-15	0	0	0	0	0	0	0	0	0
0.0001505786814	1.984850668e-09	9.436847443e-15	0	0	0	0	0	0	0	0	0
0.0001527697096	1.980200497e-09	4.911438517e-15	0	0	0	0	0	0	0	0	0
0.0001544624449	1.948021926e-09	5.263592677e-15	0	0	0	0	0	0	0	0	0
0.0001559080389	1.90736619e-09	6.369378581e-15	0	0	0	0	0	0	0	0	0
0.0001571115007	1.856809582e-09	6.286892871e-15	0	0	0	0	0	0	0	0	0
0.0001581411208	1.803949025e-09	7.60122318e-15	0	0	0	0	0	0	0	0	0
0.0001591824843	1.744889117e-09	3.299988665e-15	0	0	0	0	0	0	0	0	0
0.0001605692069	1.685226383e-09	4.850218911e-15	0	0	0	0	0	0	0	0	0
0.0001624757848	1.61550786e-09	4.714962765e-15	0	0	0	0	0	0	0	0	0
0.000164645089	1.535736445e-09	4.041095129e-15	0	0	0	0	0	0	0	0	0
0.000166355865	1.438818037e-09	4.495679688e-15	0	0	0	0	0	0	0	0	0
0.0001667071526	1.327088736e-09	1.39984235e-14	0	0	0	0	0	0	0	0	0
0.0001650613862	1.200212853e-09	3.401383904e-15	0	0	0	0	0	0	0	0	0
0.0001613427105	1.062367008e-09	2.892453959e-15	0	0	0	0	0	0	0	0	0
0.0001560593478	9.195985377e-10	0	0	0	0	0	0	0	0	0	0
0.0001500481395	7.786648615e-10	0	0	0	0	0	0	0	0	0	0
0.0001441218951	6.465671309e-10	0	0	0	0	0	0	0	0	0	0
0.000138864967	5.306486684e-10	0	0	0	0	0	0	0	0	0	0
0.0001347837528	4.375905761e-10	0	0	0	0	0	0	0	0	0	0
0.0001325134677	3.742437949e-10	0	0	0	0	0	0	0	0	0	0
0.0001327941246	3.417210099e-10	0	0	0	0	0	0	0	0	0	0
0.0001358915362	3.328560444e-10	0	0	0	0	0	0	0	0	0	0
0.0001410181371	3.33265886e-10	0	0	0	0	0	0	0	0	0	0
0.0001463502164	3.280727134e-10	0	0	0	0	0	0	0	0	0	0
0.0001497322129	3.089142248e-10	0	0	0	0	0	0	0	0	0	0
0.000149531863	2.737661715e-10	0	0	0	0	0	0	0	0	0	0
0.000145242114	2.271904339e-10	0	0	0	0	0	0	0	0	0	0
0.0001378422018	1.783237491e-10	0	0	0	0	0	0	0	0	0	0
0.000129933643	1.368901498e-10	0	0	0	0	0	0	0	0	0	0
0.0001255767245	1.127571012e-10	0	0	0	0	0	0	0	0	0	0
0.0001288902177	1.271568028e-10	0	0	0	0	0	0	0	0	0	0
0.0001413915763	1.940551398e-10	0	0	0	0	0	0	0	0	0	0
0.0001607060476	2.955304054e-10	0	0	0	0	0	0	0	0	0	0
0.0001821137403	4.062921259e-10	0	0	0	0	0	0	0	0	0	0
0.0002005395037	4.947621017e-10	0	0	0	0	0	0	0	0	0	0
0.0002116425456	5.326948123e-10	0	0	0	0	0	0	0	0	0	0
0.0002125909148	5.121612874e-10	0	0	0	0	0	0	0	0	0	0
0.0002028726892	4.376554166e-10	0	0	0	0	0	0	0	0	0	0
0.0001849935844	3.41962101e-10	0	0	0	0	0	0	0	0	0	0
0.0001644928598	2.500069225e-10	0	0	0	0	0	0	0	0	0	0
0.0001482976479	1.785301374e-10	0	0	0	0	0	0	0	0	0	0
0.0001422680686	1.330698461e-10	0	0	0	0	0	0	0	0	0	0
0.0001517264524	1.371469755e-10	0	0	0	0	0	0	0	0	0	0
0.000183938786	2.791849491e-10	0	0	0	0	0	0	0	0	0	0
0.000241786467	6.371505025e-10	0	0	0	0	0	0	0	0	0	0
0.0003159815282	1.203495758e-09	7.595992955e-15	0	0	0	0	0	0	0	0	0
0.0003879767127	1.835986752e-09	6.982539068e-15	0	0	0	0	0	0	0	0	0
0.0004370445636	2.301064783e-09	7.270132704e-15	0	0	0	0	0	0	0	0	0
0.0004473904085	2.41944787e-09	9.914393595e-15	0	0	0	0	0	0	0	0	0
0.0004141144448	2.169243658e-09	8.39716339e-15	0	0	0	0	0	0	0	0	0
0.000346144631	1.695118876e-09	5.145047616e-15	0	0	0	0	0	0	0	0	0
0.0002648580391	1.219034648e-09	3.751862849e-15	0	0	0	0	0	0	0	0	0
0.0001992809673	8.323810295e-10	0	0	0	0	0	0	0	0	0	0
0.0001758388958	5.785701354e-10	0	0	0	0	0	0	0	0	0	0
0.0001955716806	4.56464168e-10	0	0	0	0	0	0	0	0	0	0
0.0002375552305	4.852281405e-10	0	0	0	0	0	0	0	0	0	0
0.0002839560826	6.46435645e-10	0	0	0	0	0	0	0	0	0	0
0.0003210372938	8.135637346e-10	0	0	0	0	0	0	0	0	0	0
0.0003384255685	8.35345191e-10	0	0	0	0	0	0	0	0	0	0
0.0003325509817	6.433943058e-10	0	0	0	0	0	0	0	0	0	0
0.0003087127041	3.927542829e-10	0	0	0	0	0	0	0	0	0	0
0.0002782153871	3.01080422e-10	0	0	0	0	0	0	0	0	0	0
0.0002507322446	2.731880881e-10	0	0	0	0	0	0	0	0	0	0
0.0002303176048	4.164179469e-10	0	0	0	0	0	0	0	0	0	0
0.0002277776824	1.024554426e-09	3.943371807e-15	0	0	0	0	0	0	0	0	0
0.0002707418223	2.384544511e-09	3.300489506e-15	0	0	0	0	0	0	0	0	0
0.0003671206491	5.03632975e-09	1.200380162e-14	0	0	0	0	0	0	0	0	0
0.0004854803161	9.197762905e-09	2.104630647e-14	0	0	0	0	0	0	0	0	0
0.0005844293022	1.492015592e-08	3.33843543e-14	0	0	0	0	0	0	0	0	0
0.000631470461	2.14833213e-08	3.985717682e-14	0	0	0	0	0	0	0	0	0
0.0006127485936	2.769895082e-08	4.632799823e-14	0	0	0	0	0	0	0	0	0
0.0005378179458	3.211091272e-08	4.779908646e-14	0	0	0	0	0	0	0	0	0
0.0004364550829	3.38984798e-08	4.662544232e-14	0	0	0	0	0	0	0	0	0
0.0003463639413	3.29854047e-08	4.24878591e-14	0	0	0	0	0	0	0	0	0
0.0002921522179	3.028017079e-08	4.063792149e-14	0	0	0	0	0	0	0	0	0
0.0002684333207	2.634583071e-08	3.548711855e-14	0	0	0	0	0	0	0	0	0
0.0002548010945	2.194116078e-08	3.092585661e-14	0	0	0	0	0	0	0	0	0
0.0002397864459	1.708475285e-08	2.687378412e-14	0	0	0	0	0	0	0	0	0
0.0002218448481	1.189402752e-08	1.874736472e-14	0	0	0	0	0	0	0	0	0
0.0002040415018	6.743549838e-09	9.062648998e-15	0	0	0	0	0	0	0	0	0
0.0001942879353	2.492535897e-09	6.219380737e-15	0	0	0	0	0	0	0	0	0
0.000204740263	2.927269611e-10	0	0	0	0	0	0	0	0	0	0
0.0002409726603	7.180757931e-10	0	0	0	0	0	0	0	0	0	0
0.0002944887376	3.362771075e-09	7.602249724e-15	0	0	0	0	0	0	0	0	0
0.0003500098341	7.183063562e-09	5.436278747e-15	0	0	0	0	0	0	0	0	0
0.0003924787295	9.994007908e-09	6.959964723e-15	0	0	0	0	0	0	0	0	0
0.0004099102716	1.037474769e-08	6.818710313e-15	0	0	0	0	0	0	0	0	0
0.0003956962952	7.873716172e-09	7.490580716e-15	0	0	0	0	0	0	0	0	0
0.000350861994	3.675502945e-09	2.613820731e-15	0	0	0	0	0	0	0	0	0
0.0002854683101	5.957274593e-10	0	0	0	0	0	0	0	0	0	0
0.0002182692527	1.097674166e-09	7.113061617e-15	0	0	0	0	0	0	0	0	0
0.0001729354628	7.903731237e-09	1.452134613e-14	0	0	0	0	0	0	0	0	0
0.0001649723015	2.174548801e-08	3.500687932e-14	0	0	0	0	0	0	0	0	0
0.0001886697948	4.104259484e-08	6.176157453e-14	0	0	0	0	0	0	0	0	0
0.0002339130301	6.205171354e-08	9.035952204e-14	0	0	0	0	0	0	0	0	0
0.0002931746389	7.992084966e-08	1.150300727e-13	0	0	0	0	0	0	0	0	0
0.0003531339385	9.155374536e-08	1.279720165e-13	0	0	0	0	0	0	0	0	0
0.0003965489246	9.097796881e-08	1.258037289e-13	0	0	0	0	0	0	0	0	0
0.0004101845141	8.056226857e-08	1.112314103e-13	0	0	0	0	0	0	0	0	0
0.0003907987341	6.295937412e-08	8.742174779e-14	0	0	0	0	0	0	0	0	0
0.0003480709836	4.167065251e-08	6.040095221e-14	0	0	0	0	0	0	0	0	0
0.0003049987868	2.306498886e-08	3.256399859e-14	0	0	0	0	0	0	0	0	0
0.0002917813824	8.58209381e-09	1.66796812e-14	0	0	0	0	0	0	0	0	0
0.0003222171387	4.582228981e-10	0	0	0	0	0	0	0	0	0	0
0.0003773769786	2.976202095e-09	1.09773809e-14	0	0	0	0	0	0	0	0	0
0.0004259556811	6.196305362e-09	1.751415708e-14	0	0	0	0	0	0	0	0	0
0.0004429389572	1.466572641e-08	2.765434566e-14	0	0	0	0	0	0	0	0	0
0.0004165204569	2.615404869e-08	3.682704187e-14	0	0	0	0	0	0	0	0	0
0.0003545383618	3.639717146e-08	4.683136462e-14	0	0	0	0	0	0	0	0	0
0.0002833365214	4.112230228e-08	4.755927352e-14	0	0	0	0	0	0	0	0	0
0.000229462061	3.881010298e-08	4.482029261e-14	0	0	0	0	0	0	0	0	0
0.0001918367527	2.955621167e-08	3.817381198e-14	0	0	0	0	0	0	0	0	0
0.0001565468968	1.731347632e-08	2.167185738e-14	0	0	0	0	0	0	0	0	0
0.0001457204799	6.761822079e-09	9.303168235e-15	0	0	0	0	0	0	0	0	0
0.0001931770831	1.398345769e-09	3.543105873e-15	0	0	0	0	0	0	0	0	0
0.000268373722	1.092626228e-09	8.922897399e-15	0	0	0	0	0	0	0	0	0
0.0003355291017	6.696674276e-09	2.568312723e-14	0	0	0	0	0	0	0	0	0
0.0003803506799	1.467616129e-08	4.393130699e-14	0	0	0	0	0	0	0	0	0
0.0004017131355	2.203800645e-08	5.802019268e-14	0	0	0	0	0	0	0	0	0
0.0004050432291	2.69591507e-08	6.474910941e-14	0	0	0	0	0	0	0	0	0
0.0003981624878	2.872826705e-08	6.573945759e-14	0	0	0	0	0	0	0	0	0
0.000388366742	2.737725816e-08	5.801358313e-14	0	0	0	0	0	0	0	0	0
0.0003811699642	2.411300405e-08	4.892963569e-14	0	0	0	0	0	0	0	0	0
0.0003801306936	1.962392901e-08	3.830662761e-14	0	0	0	0	0	0	0	0	0
0.0003861324936	1.479934478e-08	2.644381839e-14	0	0	0	0	0	0	0	0	0
0.0003961792338	1.047403834e-08	1.667951923e-14	0	0	0	0	0	0	0	0	0
0.0004036702129	6.905904541e-09	1.136399467e-14	0	0	0	0	0	0	0	0	0
0.0004010748535	4.188948243e-09	7.482679835e-15	0	0	0	0	0	0	0	0	0
0.0003835742125	2.340976972e-09	8.11952351e-15	0	0	0	0	0	0	0	0	0
0.0003517190355	1.195141666e-09	2.700004691e-15	0	0	0	0	0	0	0	0	0
0.0003119729562	5.710458544e-10	0	0	0	0	0	0	0	0	0	0
0.0002752962872	3.325080328e-10	0	0	0	0	0	0	0	0	0	0
0.0002528653052	3.36031894e-10	0	0	0	0	0	0	0	0	0	0
0.0002485395967	3.821092216e-10	0	0	0	0	0	0	0	0	0	0
0.0002541375395	3.717112748e-10	0	0	0	0	0	0	0	0	0	0
0.0002550344415	3.227958524e-10	0	0	0	0	0	0	0	0	0	0
0.0002387297844	3.164227362e-10	0	0	0	0	0	0	0	0	0	0
0.0002007658918	3.557981934e-10	0	0	0	0	0	0	0	0	0	0
0.000149279986	3.054652687e-10	0	0	0	0	0	0	0	0	0	0
0.0001075463241	1.973882016e-10	0	0	0	0	0	0	0	0	0	0
9.308525213e-05	1.672007533e-10	0	0	0	0	0	0	0	0	0	0
8.710776477e-05	5.259163129e-10	0	0	0	0	0	0	0	0	0	0
0.0001352794203	1.895464529e-09	5.974705293e-15	0	0	0	0	0	0	0	0	0
0.0003043262573	5.386607949e-09	1.273002497e-14	0	0	0	0	0	0	0	0	0
0.0005599925694	1.074641514e-08	2.924055968e-14	0	0	0	0	0	0	0	0	0
0.0008548467867	1.750965119e-08	5.921716738e-14	0	0	0	0	0	0	0	0	0
0.001132885544	2.452503307e-08	9.577265229e-14	0	0	0	0	0	0	0	0	0
0.001338136305	2.952164527e-08	1.297566456e-13	0	0	0	0	0	0	0	0	0
0.001429986125	3.128564175e-08	1.381273725e-13	0	0	0	0	0	0	0	0	0
0.001395425897	2.992805313e-08	1.24392727e-13	0	0	0	0	0	0	0	0	0
0.001252740274	2.604436917e-08	9.931457284e-14	0	0	0	0	0	0	0	0	0
0.001045691318	2.064891368e-08	6.074144346e-14	0	0	0	0	0	0	0	0	0
0.0008293876187	1.470653667e-08	3.696458719e-14	0	0	0	0	0	0	0	0	0
0.0006533854617	9.416262003e-09	2.210756926e-14	0	0	0	0	0	0	0	0	0
0.0005439634021	5.232591708e-09	6.403758592e-15	0	0	0	0	0	0	0	0	0
0.0004929723178	2.512965323e-09	6.257812089e-15	0	0	0	0	0	0	0	0	0
0.0004708339484	1.056958104e-09	3.144958991e-15	0	0	0	0	0	0	0	0	0
0.0004523769145	5.982478707e-10	0	0	0	0	0	0	0	0	0	0
0.0004254771034	4.926865687e-10	0	0	0	0	0	0	0	0	0	0
0.0003872430704	3.597167793e-10	0	0	0	0	0	0	0	0	0	0
0.0003400191333	2.021186948e-10	0	0	0	0	0	0	0	0	0	0
0.0002892295436	2.183779658e-10	0	0	0	0	0	0	0	0	0	0
0.0002418564282	3.69367468e-10	0	0	0	0	0	0	0	0	0	0
0.0002048844146	5.029255757e-10	0	0	0	0	0	0	0	0	0	0
0.0001826861719	5.848416723e-10	0	0	0	0	0	0	0	0	0	0
0.0001734023922	6.008238167e-10	0	0	0	0	0	0	0	0	0	0
0.0001690364349	5.664083857e-10	0	0	0	0	0	0	0	0	0	0
0.0001609102938	4.888049755e-10	0	0	0	0	0	0	0	0	0	0
0.0001440683526	3.792737933e-10	0	0	0	0	0	0	0	0	0	0
0.0001185160717	2.575748715e-10	0	0	0	0	0	0	0	0	0	0
8.85177282e-05	1.464645621e-10	0	0	0	0	0	0	0	0	0	0
6.223799242e-05	6.465784953e-11	0	0	0	0	0	0	0	0	0	0
5.087275584e-05	2.204827734e-11	0	0	0	0	0	0	0	0	0	0
5.739819221e-05	2.216115014e-11	0	0	0	0	0	0	0	0	0	0
7.094480125e-05	2.844400991e-11	0	0	0	0	0	0	0	0	0	0
8.481862386e-05	3.438018415e-11	0	0	0	0	0	0	0	0	0	0
9.770965144e-05	4.841595671e-11	0	0	0	0	0	0	0	0	0	0
0.0001094544817	7.652254227e-11	0	0	0	0	0	0	0	0	0	0
0.0001195786962	1.204792012e-10	0	0	0	0	0	0	0	0	0	0
0.0001276146069	1.769605785e-10	0	0	0	0	0	0	0	0	0	0
0.0001336045535	2.410819918e-10	0	0	0	0	0	0	0	0	0	0
0.0001383281162	3.051883863e-10	0	0	0	0	0	0	0	0	0	0
0.0001430293189	3.647930028e-10	0	0	0	0	0	0	0	0	0	0
0.0001489469203	4.188619158e-10	0	0	0	0	0	0	0	0	0	0
0.0001567374167	4.647895868e-10	0	0	0	0	0	0	0	0	0	0
0.0001661796865	5.067067965e-10	0	0	0	0	0	0	0	0	0	0
0.0001761682518	5.437237984e-10	0	0	0	0	0	0	0	0	0	0
0.0001850250748	5.779496479e-10	0	0	0	0	0	0	0	0	0	0
0.0001909092774	6.096749226e-10	0	0	0	0	0	0	0	0	0	0
0.0001922552648	6.352646404e-10	0	0	0	0	0	0	0	0	0	0
0.0001881514363	6.520561167e-10	0	0	0	0	0	0	0	0	0	0
0.0001785899655	6.604088772e-10	0	0	0	0	0	0	0	0	0	0
0.0001645194831	6.539972751e-10	0	0	0	0	0	0	0	0	0	0
0.0001476319166	6.309621352e-10	0	0	0	0	0	0	0	0	0	0
0.0001298744516	5.904742516e-10	0	0	0	0	0	0	0	0	0	0
0.0001128010314	5.330930649e-10	0	0	0	0	0	0	0	0	0	0
9.705673831e-05	4.616993982e-10	0	0	0	0	0	0	0	0	0	0
8.237411995e-05	3.813962637e-10	0	0	0	0	0	0	0	0	0	0
6.840369687e-05	2.9842304e-10	0	0	0	0	0	0	0	0	0	0
5.585816154e-05	2.197175893e-10	0	0	0	0	0	0	0	0	0	0
4.741567195e-05	1.508171498e-10	0	0	0	0	0	0	0	0	0	0
4.659997996e-05	9.536148027e-11	0	0	0	0	0	0	0	0	0	0
5.319359392e-05	5.487858573e-11	0	0	0	0	0	0	0	0	0	0
6.294297652e-05	2.969145331e-11	0	0	0	0	0	0	0	0	0	0
7.220928048e-05	2.042377763e-11	0	0	0	0	0	0	0	0	0	0
7.930129356e-05	2.141089205e-11	0	0	0	0	0	0	0	0	0	0
8.397776705e-05	2.369666242e-11	0	0	0	0	0	0	0	0	0	0
8.68839314e-05	2.455454244e-11	0	0	0	0	0	0	0	0	0	0
8.904016599e-05	2.427479323e-11	0	0	0	0	0	0	0	0	0	0
9.134735014e-05	2.313405825e-11	0	0	0	0	0	0	0	0	0	0
9.422637565e-05	2.174368493e-11	0	0	0	0	0	0	0	0	0	0
9.754414636e-05	2.132494657e-11	0	0	0	0	0	0	0	0	0	0
0.0001008040325	2.286624826e-11	0	0	0	0	0	0	0	0	0	0
0.0001034756119	2.712129122e-11	0	0	0	0	0	0	0	0	0	0
0.0001052569675	3.423387866e-11	0	0	0	0	0	0	0	0	0	0
0.0001062308145	4.438022832e-11	0	0	0	0	0	0	0	0	0	0
0.0001068652801	5.862780802e-11	0	0	0	0	0	0	0	0	0	0
0.0001078770351	7.86799895e-11	0	0	0	0	0	0	0	0	0	0
0.0001099345465	1.05425908e-10	0	0	0	0	0	0	0	0	0	0
0.0001133040101	1.381955159e-10	0	0	0	0	0	0	0	0	0	0
0.0001176435295	1.736675919e-10	0	0	0	0	0	0	0	0	0	0
0.0001220798826	2.076402663e-10	0	0	0	0	0	0	0	0	0	0
0.0001254867599	2.327638925e-10	0	0	0	0	0	0	0	0	0	0
0.0001267993199	2.445091766e-10	0	0	0	0	0	0	0	0	0	0
0.0001252593748	2.379987896e-10	0	0	0	0	0	0	0	0	0	0
0.0001205509132	2.130761036e-10	0	0	0	0	0	0	0	0	0	0
0.000112851054	1.73025442e-10	0	0	0	0	0	0	0	0	0	0
0.0001028241438	1.248804687e-10	0	0	0	0	0	0	0	0	0	0
9.15512628e-05	7.730657379e-11	0	0	0	0	0	0	0	0	0	0
8.04011364e-05	4.150265317e-11	0	0	0	0	0	0	0	0	0	0
7.081217316e-05	2.721157253e-11	0	0	0	0	0	0	0	0	0	0
6.391952537e-05	2.794637615e-11	0	0	0	0	0	0	0	0	0	0
6.010917618e-05	4.125970069e-11	0	0	0	0	0	0	0	0	0	0
5.884702385e-05	8.026449737e-11	0	0	0	0	0	0	0	0	0	0
5.904574506e-05	1.420205968e-10	0	0	0	0	0	0	0	0	0	0
5.970584593e-05	2.162355998e-10	0	0	0	0	0	0	0	0	0	0
6.016836418e-05	2.950027647e-10	0	0	0	0	0	0	0	0	0	0
6.012028066e-05	3.641422453e-10	0	0	0	0	0	0	0	0	0	0
5.950738503e-05	4.084679115e-10	0	0	0	0	0	0	0	0	0	0
5.849055095e-05	4.155858052e-10	0	0	0	0	0	0	0	0	0	0
5.747506159e-05	3.739904449e-10	0	0	0	0	0	0	0	0	0	0
5.714342945e-05	2.88199511e-10	0	0	0	0	0	0	0	0	0	0
5.83807295e-05	1.776702499e-10	0	0	0	0	0	0	0	0	0	0
6.197278041e-05	1.065732159e-10	0	0	0	0	0	0	0	0	0	0
6.82637049e-05	1.386881762e-10	0	0	0	0	0	0	0	0	0	0
7.699976323e-05	2.517933277e-10	0	0	0	0	0	0	0	0	0	0
8.754962494e-05	5.607753579e-10	0	0	0	0	0	0	0	0	0	0
9.913645336e-05	1.16413959e-09	1.419748824e-15	0	0	0	0	0	0	0	0	0
0.0001110132166	2.105023899e-09	8.27148696e-15	0	0	0	0	0	0	0	0	0
0.0001225026196	3.347118304e-09	5.268763423e-15	0	0	0	0	0	0	0	0	0
0.0001330531679	4.828250033e-09	4.97547044e-15	0	0	0	0	0	0	0	0	0
0.0001421544871	6.420010195e-09	1.92196269e-15	0	0	0	0	0	0	0	0	0
0.0001493866444	8.004030853e-09	3.826979812e-15	0	0	0	0	0	0	0	0	0
0.0001543924729	9.353206026e-09	8.733708504e-15	0	0	0	0	0	0	0	0	0
0.000156883715	1.037514898e-08	3.250037738e-15	0	0	0	0	0	0	0	0	0
0.0001566562113	1.084936169e-08	1.077260693e-14	0	0	0	0	0	0	0	0	0
0.0001535997293	1.076775656e-08	5.508346553e-15	0	0	0	0	0	0	0	0	0
0.0001477198078	1.013106058e-08	9.398299456e-15	0	0	0	0	0	0	0	0	0
0.000139145124	8.99846098e-09	5.749531382e-15	0	0	0	0	0	0	0	0	0
0.0001281450406	7.485118769e-09	3.699452537e-15	0	0	0	0	0	0	0	0	0
0.0001151335379	5.81795592e-09	1.777736348e-15	0	0	0	0	0	0	0	0	0
0.0001006730102	4.165799324e-09	2.82425405e-15	0	0	0	0	0	0	0	0	0
8.547453165e-05	2.687993992e-09	2.587713611e-15	0	0	0	0	0	0	0	0	0
7.041797456e-05	1.525367882e-09	3.182035248e-15	0	0	0	0	0	0	0	0	0
5.660206334e-05	7.182064392e-10	0	0	0	0	0	0	0	0	0	0
4.550198529e-05	2.570697271e-10	0	0	0	0	0	0	0	0	0	0
3.903923079e-05	8.307731716e-11	0	0	0	0	0	0	0	0	0	0
3.864258495e-05	4.382925496e-11	0	0	0	0	0	0	0	0	0	0
4.34627942e-05	8.304892522e-11	0	0	0	0	0	0	0	0	0	0
5.104071093e-05	1.343617823e-10	0	0	0	0	0	0	0	0	0	0
5.916696528e-05	1.459842891e-10	0	0	0	0	0	0	0	0	0	0
6.62584438e-05	1.177636903e-10	0	0	0	0	0	0	0	0	0	0
7.115127794e-05	7.208338438e-11	0	0	0	0	0	0	0	0	0	0
7.307885203e-05	3.570486603e-11	0	0	0	0	0	0	0	0	0	0
7.175831403e-05	4.435953199e-11	0	0	0	0	0	0	0	0	0	0
6.746151312e-05	1.139519464e-10	0	0	0	0	0	0	0	0	0	0
6.10308084e-05	2.298373315e-10	0	0	0	0	0	0	0	0	0	0
5.380182167e-05	3.719434493e-10	0	0	0	0	0	0	0	0	0	0
4.756407871e-05	5.341939913e-10	0	0	0	0	0	0	0	0	0	0
4.44242063e-05	6.702149957e-10	0	0	0	0	0	0	0	0	0	0
4.595218557e-05	7.904886648e-10	0	0	0	0	0	0	0	0	0	0
5.184041752e-05	8.957612984e-10	0	0	0	0	0	0	0	0	0	0
6.00984963e-05	9.780574574e-10	0	0	0	0	0	0	0	0	0	0
6.835980741e-05	1.017548245e-09	2.744895928e-15	0	0	0	0	0	0	0	0	0
7.464923158e-05	1.025937965e-09	8.049685444e-15	0	0	0	0	0	0	0	0	0
7.76500597e-05	1.02552446e-09	4.926109513e-15	0	0	0	0	0	0	0	0	0
7.689397398e-05	9.939359966e-10	0	0	0	0	0	0	0	0	0	0
7.285080054e-05	9.454668049e-10	0	0	0	0	0	0	0	0	0	0
6.683716368e-05	8.948954328e-10	0	0	0	0	0	0	0	0	0	0
6.064644985e-05	8.296820922e-10	0	0	0	0	0	0	0	0	0	0
5.589311307e-05	7.752597405e-10	0	0	0	0	0	0	0	0	0	0
5.33816335e-05	7.087564046e-10	0	0	0	0	0	0	0	0	0	0
5.311457775e-05	6.48868649e-10	0	0	0	0	0	0	0	0	0	0
5.492891511e-05	5.623196057e-10	0	0	0	0	0	0	0	0	0	0
5.879326246e-05	4.650821255e-10	0	0	0	0	0	0	0	0	0	0
6.435632079e-05	3.545491172e-10	0	0	0	0	0	0	0	0	0	0
7.056015695e-05	2.360540449e-10	0	0	0	0	0	0	0	0	0	0
7.594786538e-05	1.352804054e-10	0	0	0	0	0	0	0	0	0	0
7.928332682e-05	7.366434585e-11	0	0	0	0	0	0	0	0	0	0
7.998748376e-05	5.000288372e-11	0	0	0	0	0	0	0	0	0	0
7.823341138e-05	5.90142196e-11	0	0	0	0	0	0	0	0	0	0
7.471932417e-05	1.278373963e-10	0	0	0	0	0	0	0	0	0	0
7.029201671e-05	2.239564217e-10	0	0	0	0	0	0	0	0	0	0
6.567015725e-05	3.097072153e-10	0	0	0	0	0	0	0	0	0	0
6.14603327e-05	3.590967579e-10	0	0	0	0	0	0	0	0	0	0
5.848593343e-05	3.628063672e-10	0	0	0	0	0	0	0	0	0	0
5.782339169e-05	3.223750805e-10	0	0	0	0	0	0	0	0	0	0
6.017586262e-05	2.56864639e-10	0	0	0	0	0	0	0	0	0	0
6.501301525e-05	1.932494559e-10	0	0	0	0	0	0	0	0	0	0
7.063488543e-05	1.410002968e-10	0	0	0	0	0	0	0	0	0	0
7.503586391e-05	1.064301405e-10	0	0	0	0	0	0	0	0	0	0
7.664372908e-05	8.558856032e-11	0	0	0	0	0	0	0	0	0	0
7.465350226e-05	7.086139563e-11	0	0	0	0	0	0	0	0	0	0
6.90940507e-05	5.899608312e-11	0	0	0	0	0	0	0	0	0	0
6.069675073e-05	4.683960271e-11	0	0	0	0	0	0	0	0	0	0
5.063838285e-05	3.506363491e-11	0	0	0	0	0	0	0	0	0	0
4.013907509e-05	2.492016398e-11	0	0	0	0	0	0	0	0	0	0
3.013798883e-05	1.663448509e-11	0	0	0	0	0	0	0	0	0	0
2.162154387e-05	1.142199067e-11	0	0	0	0	0	0	0	0	0	0
1.795748092e-05	9.715136545e-12	0	0	0	0	0	0	0	0	0	0
2.434283411e-05	1.138566395e-11	0	0	0	0	0	0	0	0	0	0
3.820053013e-05	1.542708597e-11	0	0	0	0	0	0	0	0	0	0
5.525906139e-05	2.381086358e-11	0	0	0	0	0	0	0	0	0	0
7.299672028e-05	3.674804939e-11	0	0	0	0	0	0	0	0	0	0
8.946124367e-05	5.015026763e-11	0	0	0	0	0	0	0	0	0	0
0.0001030603306	5.756175977e-11	0	0	0	0	0	0	0	0	0	0
0.0001127158731	5.705711447e-11	0	0	0	0	0	0	0	0	0	0
0.0001179714679	5.019411408e-11	0	0	0	0	0	0	0	0	0	0
0.0001190187384	4.191022757e-11	0	0	0	0	0	0	0	0	0	0
0.0001166178865	3.772814102e-11	0	0	0	0	0	0	0	0	0	0
0.0001119574179	3.610337796e-11	0	0	0	0	0	0	0	0	0	0
0.0001064512101	3.254262817e-11	0	0	0	0	0	0	0	0	0	0
0.0001015009984	2.53987362e-11	0	0	0	0	0	0	0	0	0	0
9.815374878e-05	1.803109366e-11	0	0	0	0	0	0	0	0	0	0
9.676998123e-05	2.580126553e-11	0	0	0	0	0	0	0	0	0	0
9.687845341e-05	5.243683074e-11	0	0	0	0	0	0	0	0	0	0
9.737951556e-05	9.201768191e-11	0	0	0	0	0	0	0	0	0	0
9.701795085e-05	1.417199786e-10	0	0	0	0	0	0	0	0	0	0
9.475053524e-05	1.924815877e-10	0	0	0	0	0	0	0	0	0	0
9.000058578e-05	2.358720423e-10	0	0	0	0	0	0	0	0	0	0
8.273387148e-05	2.606394284e-10	0	0	0	0	0	0	0	0	0	0
7.344358294e-05	2.619649916e-10	0	0	0	0	0	0	0	0	0	0
6.307442765e-05	2.388865846e-10	0	0	0	0	0	0	0	0	0	0
5.286778768e-05	1.991870891e-10	0	0	0	0	0	0	0	0	0	0
4.411358085e-05	1.532721998e-10	0	0	0	0	0	0	0	0	0	0
3.777601844e-05	1.122096335e-10	0	0	0	0	0	0	0	0	0	0
3.402866615e-05	8.305955025e-11	0	0	0	0	0	0	0	0	0	0
3.232955128e-05	6.619314667e-11	0	0	0	0	0	0	0	0	0	0
3.21170274e-05	5.632578581e-11	0	0	0	0	0	0	0	0	0	0
3.343149345e-05	5.371175012e-11	0	0	0	0	0	0	0	0	0	0
3.667451213e-05	6.346285078e-11	0	0	0	0	0	0	0	0	0	0
4.188046732e-05	8.2222484e-11	0	0	0	0	0	0	0	0	0	0
4.843857967e-05	1.006753461e-10	0	0	0	0	0	0	0	0	0	0
5.5407081e-05	1.119541491e-10	0	0	0	0	0	0	0	0	0	0
6.192734121e-05	1.119316331e-10	0	0	0	0	0	0	0	0	0	0
6.744414363e-05	1.008281115e-10	0	0	0	0	0	0	0	0	0	0
7.175588264e-05	8.18582179e-11	0	0	0	0	0	0	0	0	0	0
7.496144256e-05	6.239184899e-11	0	0	0	0	0	0	0	0	0	0
7.734513208e-05	5.557581649e-11	0	0	0	0	0	0	0	0	0	0
7.92457469e-05	7.151071311e-11	0	0	0	0	0	0	0	0	0	0
8.094566261e-05	1.101681201e-10	0	0	0	0	0	0	0	0	0	0
8.264675001e-05	1.774519908e-10	0	0	0	0	0	0	0	0	0	0
8.448296126e-05	2.774118935e-10	0	0	0	0	0	0	0	0	0	0
8.655977053e-05	4.081525619e-10	0	0	0	0	0	0	0	0	0	0
8.897318045e-05	5.667644424e-10	0	0	0	0	0	0	0	0	0	0
9.168989782e-05	7.263699925e-10	0	0	0	0	0	0	0	0	0	0
9.456842648e-05	8.632902286e-10	0	0	0	0	0	0	0	0	0	0
9.726852692e-05	9.71030111e-10	0	0	0	0	0	0	0	0	0	0
9.938021826e-05	1.02082703e-09	2.990655202e-15	0	0	0	0	0	0	0	0	0
0.0001004332458	1.00349394e-09	3.584875504e-15	0	0	0	0	0	0	0	0	0
0.0001000904962	9.261391385e-10	0	0	0	0	0	0	0	0	0	0
9.816764422e-05	7.972372264e-10	0	0	0	0	0	0	0	0	0	0
9.474952265e-05	6.397301617e-10	0	0	0	0	0	0	0	0	0	0
9.015375145e-05	4.734736148e-10	0	0	0	0	0	0	0	0	0	0
8.488556189e-05	3.216467133e-10	0	0	0	0	0	0	0	0	0	0
7.954539826e-05	1.979180681e-10	0	0	0	0	0	0	0	0	0	0
7.471620297e-05	1.087279731e-10	0	0	0	0	0	0	0	0	0	0
7.096159319e-05	5.389806225e-11	0	0	0	0	0	0	0	0	0	0
6.903149931e-05	2.934262922e-11	0	0	0	0	0	0	0	0	0	0
7.010724531e-05	2.637511052e-11	0	0	0	0	0	0	0	0	0	0
7.570740854e-05	3.766584397e-11	0	0	0	0	0	0	0	0	0	0
8.684846911e-05	6.640600721e-11	0	0	0	0	0	0	0	0	0	0
0.0001031550918	1.173248512e-10	0	0	0	0	0	0	0	0	0	0
0.0001229340822	1.918471199e-10	0	0	0	0	0	0	0	0	0	0
0.0001437559854	2.847422638e-10	0	0	0	0	0	0	0	0	0	0
0.0001630273783	3.840284337e-10	0	0	0	0	0	0	0	0	0	0
0.0001783614873	4.700020185e-10	0	0	0	0	0	0	0	0	0	0
0.0001878576622	5.234582783e-10	0	0	0	0	0	0	0	0	0	0
0.000190366814	5.320192574e-10	0	0	0	0	0	0	0	0	0	0
0.0001856235784	4.93651807e-10	0	0	0	0	0	0	0	0	0	0
0.0001742764758	4.18142398e-10	0	0	0	0	0	0	0	0	0	0
0.0001577677088	3.233130772e-10	0	0	0	0	0	0	0	0	0	0
0.0001380443755	2.285954177e-10	0	0	0	0	0	0	0	0	0	0
0.0001171192582	1.494955761e-10	0	0	0	0	0	0	0	0	0	0
9.654853582e-05	9.336693953e-11	0	0	0	0	0	0	0	0	0	0
7.698794747e-05	5.906513077e-11	0	0	0	0	0	0	0	0	0	0
5.840940273e-05	3.974429773e-11	0	0	0	0	0	0	0	0	0	0
4.167403771e-05	2.586031443e-11	0	0	0	0	0	0	0	0	0	0
3.341819005e-05	1.459150118e-11	0	0	0	0	0	0	0	0	0	0
4.496950615e-05	3.924988162e-11	0	0	0	0	0	0	0	0	0	0
7.067345574e-05	1.099707888e-10	0	0	0	0	0	0	0	0	0	0
0.0001022011665	2.448184213e-10	0	0	0	0	0	0	0	0	0	0
0.000136011588	4.772171442e-10	0	0	0	0	0	0	0	0	0	0
0.0001704879208	8.428823475e-10	0	0	0	0	0	0	0	0	0	0
0.0002048611566	1.377970277e-09	1.623094772e-14	0	0	0	0	0	0	0	0	0
0.00023904358	2.115766928e-09	1.495210163e-14	0	0	0	0	0	0	0	0	0
0.0002734607965	3.084578415e-09	1.149121489e-14	0	0	0	0	0	0	0	0	0
0.0003088514018	4.304267805e-09	1.613213971e-14	0	0	0	0	0	0	0	0	0
0.0003460435597	5.786405912e-09	2.027631857e-14	0	0	0	0	0	0	0	0	0
0.0003856241342	7.527625175e-09	2.304177761e-14	0	0	0	0	0	0	0	0	0
0.00042756689	9.476245213e-09	3.659709598e-14	0	0	0	0	0	0	0	0	0
0.0004708318785	1.157008652e-08	4.239705668e-14	0	0	0	0	0	0	0	0	0
0.000513196505	1.361406748e-08	4.71112593e-14	0	0	0	0	0	0	0	0	0
0.0005512015932	1.540541057e-08	6.127932225e-14	0	0	0	0	0	0	0	0	0
0.0005803476885	1.662122168e-08	5.419380279e-14	0	0	0	0	0	0	0	0	0
0.0005953973563	1.695380859e-08	5.593891682e-14	0	0	0	0	0	0	0	0	0
0.000590886473	1.613083058e-08	4.915242168e-14	0	0	0	0	0	0	0	0	0
0.0005621011351	1.415638734e-08	4.872168696e-14	0	0	0	0	0	0	0	0	0
0.0005068535662	1.126415571e-08	2.654751893e-14	0	0	0	0	0	0	0	0	0
0.0004284449136	7.986844626e-09	2.256586294e-14	0	0	0	0	0	0	0	0	0
0.0003406748796	4.950500344e-09	9.997331689e-15	0	0	0	0	0	0	0	0	0
0.0002741441272	2.606986504e-09	1.195197262e-14	0	0	0	0	0	0	0	0	0
0.0002647894798	1.090068908e-09	8.145414907e-15	0	0	0	0	0	0	0	0	0
0.0003024075067	4.917236153e-10	0	0	0	0	0	0	0	0	0	0
0.0003438584277	6.968246129e-10	0	0	0	0	0	0	0	0	0	0
0.0003705625774	1.040283326e-09	3.84113619e-15	0	0	0	0	0	0	0	0	0
0.0003948269735	1.495050485e-09	4.317710553e-15	0	0	0	0	0	0	0	0	0
0.0004382763779	1.765855467e-09	5.860512048e-15	0	0	0	0	0	0	0	0	0
0.0005019655896	1.515424021e-09	1.13703156e-14	0	0	0	0	0	0	0	0	0
0.0005647389104	8.537023092e-10	0	0	0	0	0	0	0	0	0	0
0.0006060358568	6.77267774e-10	0	0	0	0	0	0	0	0	0	0
0.0006193149154	2.372628996e-09	1.286954087e-14	0	0	0	0	0	0	0	0	0
0.000612462433	5.533448619e-09	1.014335533e-14	0	0	0	0	0	0	0	0	0
0.0006007961702	1.013220509e-08	2.029945927e-14	0	0	0	0	0	0	0	0	0
0.0005978161155	1.569700836e-08	2.565146356e-14	0	0	0	0	0	0	0	0	0
0.0006075960781	2.127463146e-08	2.37230226e-14	0	0	0	0	0	0	0	0	0
0.0006238017783	2.561713691e-08	1.994533234e-14	0	0	0	0	0	0	0	0	0
0.0006358762049	2.774274601e-08	2.888075893e-14	0	0	0	0	0	0	0	0	0
0.0006363480138	2.695983098e-08	6.452952166e-14	0	0	0	0	0	0	0	0	0
0.0006243375417	2.361621552e-08	2.008038147e-14	0	0	0	0	0	0	0	0	0
0.0006063220368	1.886124686e-08	1.613541847e-14	0	0	0	0	0	0	0	0	0
0.0005947048848	1.35999934e-08	1.310452369e-14	0	0	0	0	0	0	0	0	0
0.0006037645593	8.981276219e-09	1.357705239e-14	0	0	0	0	0	0	0	0	0
0.0006407215229	6.010735142e-09	1.525132411e-14	0	0	0	0	0	0	0	0	0
0.0006967298191	5.867681093e-09	1.48643674e-14	0	0	0	0	0	0	0	0	0
0.0007479884942	7.523091644e-09	1.297103666e-14	0	0	0	0	0	0	0	0	0
0.000766845888	8.631873203e-09	2.02125856e-14	0	0	0	0	0	0	0	0	0
0.0007343459196	8.220056655e-09	2.285588576e-14	0	0	0	0	0	0	0	0	0
0.0006493575487	7.229040482e-09	1.942502623e-14	0	0	0	0	0	0	0	0	0
0.0005312824924	7.268696413e-09	9.959792251e-15	0	0	0	0	0	0	0	0	0
0.0004141193527	7.611134291e-09	1.45585816e-14	0	0	0	0	0	0	0	0	0
0.0003301515005	6.472566387e-09	1.270139787e-14	0	0	0	0	0	0	0	0	0
0.0002890032192	4.008472481e-09	1.220989954e-14	0	0	0	0	0	0	0	0	0
0.000276791656	1.548168854e-09	5.154257435e-15	0	0	0	0	0	0	0	0	0
0.0002798652873	8.960685952e-10	0	0	0	0	0	0	0	0	0	0
0.0002901096728	1.066057216e-09	4.730501958e-15	0	0	0	0	0	0	0	0	0
0.0002978043677	3.57668938e-09	5.307312041e-15	0	0	0	0	0	0	0	0	0
0.0002955191259	6.450498711e-09	6.979191088e-15	0	0	0	0	0	0	0	0	0
0.0002867275587	7.989884624e-09	1.27016336e-14	0	0	0	0	0	0	0	0	0
0.0002850008241	7.902696015e-09	1.071741699e-14	0	0	0	0	0	0	0	0	0
0.000299954085	6.620162105e-09	9.678830317e-15	0	0	0	0	0	0	0	0	0
0.0003242733746	5.088232712e-09	6.374414545e-15	0	0	0	0	0	0	0	0	0
0.0003430513601	3.756698752e-09	5.505940296e-15	0	0	0	0	0	0	0	0	0
0.0003501589166	2.96222794e-09	5.888541774e-15	0	0	0	0	0	0	0	0	0
0.0003513756133	2.559058306e-09	2.146134527e-15	0	0	0	0	0	0	0	0	0
0.0003528068024	2.362398041e-09	3.140830366e-15	0	0	0	0	0	0	0	0	0
0.0003484852621	2.184322569e-09	6.931090268e-15	0	0	0	0	0	0	0	0	0
0.0003271548308	2.136317239e-09	6.79150736e-15	0	0	0	0	0	0	0	0	0
0.0002926801656	2.09282994e-09	8.140534161e-15	0	0	0	0	0	0	0	0	0
0.0002741371209	2.275297517e-09	1.478005388e-14	0	0	0	0	0	0	0	0	0
0.0002977884835	2.779905595e-09	5.909633894e-15	0	0	0	0	0	0	0	0	0
0.0003479671736	4.569853378e-09	9.521804688e-15	0	0	0	0	0	0	0	0	0
0.0003948465251	8.068541545e-09	1.475142651e-14	0	0	0	0	0	0	0	0	0
0.000424453994	1.404639194e-08	2.849571162e-14	0	0	0	0	0	0	0	0	0
0.0004355277468	2.2178643e-08	4.103570632e-14	0	0	0	0	0	0	0	0	0
0.000431354108	3.075610937e-08	6.196139515e-14	0	0	0	0	0	0	0	0	0
0.0004166061895	3.863306456e-08	8.37017991e-14	0	0	0	0	0	0	0	0	0
0.0003971668765	4.376100502e-08	9.59435589e-14	0	0	0	0	0	0	0	0	0
0.0003787025549	4.523616764e-08	9.785085737e-14	0	0	0	0	0	0	0	0	0
0.0003644916856	4.275465138e-08	9.922015444e-14	0	0	0	0	0	0	0	0	0
0.0003582364208	3.715040387e-08	8.948198145e-14	0	0	0	0	0	0	0	0	0
0.0003681331832	3.010929715e-08	6.81114273e-14	0	0	0	0	0	0	0	0	0
0.000402398246	2.29894164e-08	5.62294027e-14	0	0	0	0	0	0	0	0	0
0.0004554881008	1.682827516e-08	4.074994066e-14	0	0	0	0	0	0	0	0	0
0.0005062396912	1.230246866e-08	2.966555863e-14	0	0	0	0	0	0	0	0	0
0.0005303203108	9.320369059e-09	1.878163215e-14	0	0	0	0	0	0	0	0	0
0.0005118643686	7.877576436e-09	1.247638444e-14	0	0	0	0	0	0	0	0	0
0.0004500673035	7.965967956e-09	1.073880985e-14	0	0	0	0	0	0	0	0	0
0.00036097341	9.156059506e-09	1.291750339e-14	0	0	0	0	0	0	0	0	0
0.0002750316716	1.252506556e-08	2.49531576e-14	0	0	0	0	0	0	0	0	0
0.0002246615925	1.793054426e-08	3.678958661e-14	0	0	0	0	0	0	0	0	0
0.00021241017	2.565085793e-08	4.683423424e-14	0	0	0	0	0	0	0	0	0
0.0002115462778	3.486285112e-08	5.959103286e-14	0	0	0	0	0	0	0	0	0
0.0002169148529	4.419074516e-08	7.534883675e-14	0	0	0	0	0	0	0	0	0
0.000254358989	5.283514444e-08	8.648440897e-14	0	0	0	0	0	0	0	0	0
0.0003363516438	5.925357487e-08	8.60354207e-14	0	0	0	0	0	0	0	0	0
0.0004439843364	6.227719099e-08	8.281915211e-14	0	0	0	0	0	0	0	0	0
0.0005555886563	6.240864511e-08	8.265865364e-14	0	0	0	0	0	0	0	0	0
0.0006601982161	5.683122423e-08	7.437133896e-14	0	0	0	0	0	0	0	0	0
0.0007573540639	4.812154792e-08	6.830741027e-14	0	0	0	0	0	0	0	0	0
0.0008502222241	3.587037298e-08	6.65892835e-14	0	0	0	0	0	0	0	0	0
0.0009363744571	2.157406847e-08	6.602193575e-14	0	0	0	0	0	0	0	0	0
0.00100011454	7.477927855e-09	7.291372989e-14	0	0	0	0	0	0	0	0	0
0.001014532897	9.435875694e-09	7.449172602e-14	0	0	0	0	0	0	0	0	0
0.0009516519023	1.490539105e-08	6.248732127e-14	0	0	0	0	0	0	0	0	0
0.0007998540818	1.283083756e-08	4.916678759e-14	0	0	0	0	0	0	0	0	0
0.0005778858057	8.778461318e-09	3.649144212e-14	0	0	0	0	0	0	0	0	0
0.0003406828412	1.46296602e-08	2.625022788e-14	0	0	0	0	0	0	0	0	0
0.0001777500825	1.998000168e-08	2.257126637e-14	0	0	0	0	0	0	0	0	0
0.0001551589836	1.908739605e-08	1.885314637e-14	0	0	0	0	0	0	0	0	0
0.0001674458807	1.290333287e-08	1.566017095e-14	0	0	0	0	0	0	0	0	0
0.0002083758188	5.322021307e-09	7.468848159e-15	0	0	0	0	0	0	0	0	0
0.0003233877221	2.148814466e-09	1.002445239e-14	0	0	0	0	0	0	0	0	0
0.0004621958657	8.933716969e-10	0	0	0	0	0	0	0	0	0	0
0.0005726680792	4.581702861e-09	2.631493208e-14	0	0	0	0	0	0	0	0	0
0.0006301837186	1.035548944e-08	4.830398731e-14	0	0	0	0	0	0	0	0	0
0.0006311788941	1.392554195e-08	5.596709335e-14	0	0	0	0	0	0	0	0	0
0.0005872293373	1.396476982e-08	4.496715499e-14	0	0	0	0	0	0	0	0	0
0.0005209789973	1.09266033e-08	3.634522081e-14	0	0	0	0	0	0	0	0	0
0.00046113468	6.769407964e-09	1.966884074e-14	0	0	0	0	0	0	0	0	0
0.0004311117585	3.255793727e-09	1.329366794e-14	0	0	0	0	0	0	0	0	0
0.0004328525592	1.423426057e-09	4.931445925e-15	0	0	0	0	0	0	0	0	0
0.0004476856349	9.116469737e-10	0	0	0	0	0	0	0	0	0	0
0.0004562862569	7.06675189e-10	0	0	0	0	0	0	0	0	0	0
0.0004493820522	6.961845543e-10	0	0	0	0	0	0	0	0	0	0
0.0004257139037	7.31479967e-10	0	0	0	0	0	0	0	0	0	0
0.0003866404639	6.806947095e-10	0	0	0	0	0	0	0	0	0	0
0.0003341485245	5.909217496e-10	0	0	0	0	0	0	0	0	0	0
0.0002721507374	5.328679411e-10	0	0	0	0	0	0	0	0	0	0
0.0002105864288	4.830167138e-10	0	0	0	0	0	0	0	0	0	0
0.0001712048351	3.999467827e-10	0	0	0	0	0	0	0	0	0	0
0.0001832379969	3.561508592e-10	0	0	0	0	0	0	0	0	0	0
0.0002438513126	3.5930238e-10	0	0	0	0	0	0	0	0	0	0
0.0003250604681	1.404775092e-09	4.031468436e-15	0	0	0	0	0	0	0	0	0
0.0004058534835	3.560397794e-09	9.275217732e-15	0	0	0	0	0	0	0	0	0
0.0004728513804	6.635219521e-09	3.822867218e-15	0	0	0	0	0	0	0	0	0
0.0005195663371	1.028803519e-08	1.757846656e-14	0	0	0	0	0	0	0	0	0
0.0005488328429	1.41303831e-08	1.679512939e-14	0	0	0	0	0	0	0	0	0
0.0005750519357	1.782216392e-08	2.056383477e-14	0	0	0	0	0	0	0	0	0
0.0006217722019	2.126994984e-08	2.015517907e-14	0	0	0	0	0	0	0	0	0
0.0007081976127	2.378938438e-08	2.407799471e-14	0	0	0	0	0	0	0	0	0
0.0008319256959	2.496085528e-08	4.330894827e-14	0	0	0	0	0	0	0	0	0
0.0009665358596	2.426547531e-08	5.101819977e-14	0	0	0	0	0	0	0	0	0
0.001073511142	2.167468569e-08	6.519211041e-14	0	0	0	0	0	0	0	0	0
0.001115275956	1.749460039e-08	5.735304313e-14	0	0	0	0	0	0	0	0	0
0.001067037632	1.265916301e-08	5.148150404e-14	0	0	0	0	0	0	0	0	0
0.0009255652765	8.080044651e-09	3.731980646e-14	0	0	0	0	0	0	0	0	0
0.0007130450151	4.413319242e-09	2.233920267e-14	0	0	0	0	0	0	0	0	0
0.0004727362779	1.92469451e-09	7.8347355e-15	0	0	0	0	0	0	0	0	0
0.0002574696522	6.03812065e-10	0	0	0	0	0	0	0	0	0	0
0.0001215409548	1.277213185e-10	0	0	0	0	0	0	0	0	0	0
9.805706872e-05	4.954429693e-11	0	0	0	0	0	0	0	0	0	0
0.0001095141564	5.231588334e-11	0	0	0	0	0	0	0	0	0	0
0.0001318241417	9.199152333e-11	0	0	0	0	0	0	0	0	0	0
0.0001843984045	4.132358125e-10	0	0	0	0	0	0	0	0	0	0
0.0002499148458	1.091332305e-09	8.415649648e-15	0	0	0	0	0	0	0	0	0
0.0003053128717	1.950545826e-09	1.240775992e-14	0	0	0	0	0	0	0	0	0
0.0003387792386	2.679273877e-09	1.594546014e-14	0	0	0	0	0	0	0	0	0
0.000347525859	3.037663743e-09	1.403630001e-14	0	0	0	0	0	0	0	0	0
0.0003343862059	2.967600539e-09	7.773488308e-15	0	0	0	0	0	0	0	0	0
0.0003051585084	2.561531609e-09	8.558507421e-15	0	0	0	0	0	0	0	0	0
0.0002667963244	1.998391146e-09	1.131359077e-14	0	0	0	0	0	0	0	0	0
0.0002260537934	1.432556411e-09	1.118584117e-14	0	0	0	0	0	0	0	0	0
0.0001884166862	9.570306528e-10	0	0	0	0	0	0	0	0	0	0
0.0001573328879	6.037516369e-10	0	0	0	0	0	0	0	0	0	0
0.0001338737073	3.658743855e-10	0	0	0	0	0	0	0	0	0	0
0.000117307596	2.174885589e-10	0	0	0	0	0	0	0	0	0	0
0.0001063591421	1.316560209e-10	0	0	0	0	0	0	0	0	0	0
0.0001001516313	8.67665208e-11	0	0	0	0	0	0	0	0	0	0
9.827462348e-05	6.88882583e-11	0	0	0	0	0	0	0	0	0	0
0.0001000270918	6.826014079e-11	0	0	0	0	0	0	0	0	0	0
0.0001041271793	7.574528575e-11	0	0	0	0	0	0	0	0	0	0
0.000109107411	8.643311533e-11	0	0	0	0	0	0	0	0	0	0
0.0001140562251	9.80515049e-11	0	0	0	0	0	0	0	0	0	0
0.0001191816494	1.100055665e-10	0	0	0	0	0	0	0	0	0	0
0.0001257020715	1.223733957e-10	0	0	0	0	0	0	0	0	0	0
0.0001350839823	1.351343856e-10	0	0	0	0	0	0	0	0	0	0
0.0001477366066	1.486902218e-10	0	0	0	0	0	0	0	0	0	0
0.0001623374084	1.650090792e-10	0	0	0	0	0	0	0	0	0	0
0.000176222343	1.843579514e-10	0	0	0	0	0	0	0	0	0	0
0.0001865059124	2.072008587e-10	0	0	0	0	0	0	0	0	0	0
0.0001909824156	2.323844762e-10	0	0	0	0	0	0	0	0	0	0
0.0001886551124	2.528092203e-10	0	0	0	0	0	0	0	0	0	0
0.0001799147058	2.687976648e-10	0	0	0	0	0	0	0	0	0	0
0.0001663867136	2.772431648e-10	0	0	0	0	0	0	0	0	0	0
0.0001505629987	2.755371816e-10	0	0	0	0	0	0	0	0	0	0
0.0001352139977	2.648022249e-10	0	0	0	0	0	0	0	0	0	0
0.0001227302853	2.433773388e-10	0	0	0	0	0	0	0	0	0	0
0.0001145461402	2.151038761e-10	0	0	0	0	0	0	0	0	0	0
0.0001109804403	1.924358895e-10	0	0	0	0	0	0	0	0	0	0
0.0001116273633	2.001064758e-10	0	0	0	0	0	0	0	0	0	0
0.0001158738844	2.571359808e-10	0	0	0	0	0	0	0	0	0	0
0.0001231336671	3.643460362e-10	0	0	0	0	0	0	0	0	0	0
0.0001328183702	5.3392658e-10	0	0	0	0	0	0	0	0	0	0
0.0001442825274	8.009567153e-10	0	0	0	0	0	0	0	0	0	0
0.0001569087708	1.211745978e-09	1.122970144e-14	0	0	0	0	0	0	0	0	0
0.0001701321578	1.808837939e-09	3.276953906e-15	0	0	0	0	0	0	0	0	0
0.0001833854454	2.56616309e-09	6.205649186e-15	0	0	0	0	0	0	0	0	0
0.0001958583704	3.460644907e-09	1.118235328e-14	0	0	0	0	0	0	0	0	0
0.0002065392759	4.438701062e-09	8.104448999e-15	0	0	0	0	0	0	0	0	0
0.0002143192255	5.381821208e-09	1.244407346e-14	0	0	0	0	0	0	0	0	0
0.000218228911	6.098682722e-09	6.569953481e-15	0	0	0	0	0	0	0	0	0
0.0002176665463	6.51292267e-09	1.473106929e-14	0	0	0	0	0	0	0	0	0
0.0002126149619	6.525577839e-09	6.844323647e-15	0	0	0	0	0	0	0	0	0
0.0002035368354	6.100964039e-09	9.830544284e-15	0	0	0	0	0	0	0	0	0
0.0001911551293	5.266453149e-09	5.432701738e-15	0	0	0	0	0	0	0	0	0
0.000176135876	4.17723569e-09	3.300713846e-15	0	0	0	0	0	0	0	0	0
0.0001588652918	2.976509024e-09	9.380602555e-15	0	0	0	0	0	0	0	0	0
0.000139518102	1.860683984e-09	1.609738782e-15	0	0	0	0	0	0	0	0	0
0.0001185066834	9.836148698e-10	0	0	0	0	0	0	0	0	0	0
9.70837427e-05	4.092089968e-10	0	0	0	0	0	0	0	0	0	0
7.79268038e-05	1.197863773e-10	0	0	0	0	0	0	0	0	0	0
6.557183033e-05	2.741188714e-11	0	0	0	0	0	0	0	0	0	0
6.474766465e-05	5.199525284e-11	0	0	0	0	0	0	0	0	0	0
7.54031356e-05	7.157338887e-11	0	0	0	0	0	0	0	0	0	0
9.297571948e-05	6.288991787e-11	0	0	0	0	0	0	0	0	0	0
0.0001129935515	7.011066015e-11	0	0	0	0	0	0	0	0	0	0
0.0001317361044	1.323399193e-10	0	0	0	0	0	0	0	0	0	0
0.0001457566248	2.707955148e-10	0	0	0	0	0	0	0	0	0	0
0.0001522116325	4.98847535e-10	0	0	0	0	0	0	0	0	0	0
0.0001496702668	7.741783601e-10	0	0	0	0	0	0	0	0	0	0
0.000138696427	1.036314123e-09	7.55466696e-15	0	0	0	0	0	0	0	0	0
0.0001218699857	1.229983473e-09	1.040013767e-14	0	0	0	0	0	0	0	0	0
0.0001032537294	1.329581089e-09	5.751840155e-15	0	0	0	0	0	0	0	0	0
8.747914844e-05	1.333199671e-09	3.166193607e-15	0	0	0	0	0	0	0	0	0
7.868299496e-05	1.268733741e-09	8.395966911e-15	0	0	0	0	0	0	0	0	0
7.917881486e-05	1.1714666e-09	4.151792036e-15	0	0	0	0	0	0	0	0	0
8.831717463e-05	1.067390759e-09	1.551434454e-14	0	0	0	0	0	0	0	0	0
0.0001028806791	9.854034315e-10	0	0	0	0	0	0	0	0	0	0
0.0001184089766	9.02097221e-10	0	0	0	0	0	0	0	0	0	0
0.0001302652777	8.33439114e-10	0	0	0	0	0	0	0	0	0	0
0.0001345930715	7.439983566e-10	0	0	0	0	0	0	0	0	0	0
0.0001291515579	6.465669298e-10	0	0	0	0	0	0	0	0	0	0
0.0001139156567	5.284434836e-10	0	0	0	0	0	0	0	0	0	0
9.120294007e-05	3.937854159e-10	0	0	0	0	0	0	0	0	0	0
6.532879324e-05	2.745893386e-10	0	0	0	0	0	0	0	0	0	0
4.190987477e-05	1.769336443e-10	0	0	0	0	0	0	0	0	0	0
2.662461612e-05	1.005917408e-10	0	0	0	0	0	0	0	0	0	0
2.090352222e-05	4.750135674e-11	0	0	0	0	0	0	0	0	0	0
2.076211711e-05	1.67709218e-11	0	0	0	0	0	0	0	0	0	0
2.909603052e-05	8.236620819e-12	0	0	0	0	0	0	0	0	0	0
4.777363402e-05	2.426903629e-11	0	0	0	0	0	0	0	0	0	0
7.11652052e-05	6.574369093e-11	0	0	0	0	0	0	0	0	0	0
9.309470461e-05	1.200899369e-10	0	0	0	0	0	0	0	0	0	0
0.0001086792808	1.65599978e-10	0	0	0	0	0	0	0	0	0	0
0.0001148399201	1.77230922e-10	0	0	0	0	0	0	0	0	0	0
0.0001108505304	1.406762379e-10	0	0	0	0	0	0	0	0	0	0
9.863710877e-05	7.03454363e-11	0	0	0	0	0	0	0	0	0	0
8.298829663e-05	3.389104541e-11	0	0	0	0	0	0	0	0	0	0
7.147086466e-05	1.505714168e-10	0	0	0	0	0	0	0	0	0	0
7.124553653e-05	5.596672452e-10	0	0	0	0	0	0	0	0	0	0
8.178110731e-05	1.391469171e-09	8.508136129e-15	0	0	0	0	0	0	0	0	0
9.725956707e-05	2.780838881e-09	1.159789732e-14	0	0	0	0	0	0	0	0	0
0.0001142362758	4.603373172e-09	6.900526212e-15	0	0	0	0	0	0	0	0	0
0.0001324247499	6.810456744e-09	6.324547473e-15	0	0	0	0	0	0	0	0	0
0.0001524854226	8.850666563e-09	8.691576027e-15	0	0	0	0	0	0	0	0	0
0.0001739373447	1.059034132e-08	2.807882762e-15	0	0	0	0	0	0	0	0	0
0.0001944412281	1.149155162e-08	3.339549215e-15	0	0	0	0	0	0	0	0	0
0.0002102940659	1.132126991e-08	3.159842057e-15	0	0	0	0	0	0	0	0	0
0.0002175496246	1.017180314e-08	8.395094591e-15	0	0	0	0	0	0	0	0	0
0.0002131664464	8.078532458e-09	1.011428486e-14	0	0	0	0	0	0	0	0	0
0.0001959641949	5.687999469e-09	4.84296433e-15	0	0	0	0	0	0	0	0	0
0.0001674534287	3.360574237e-09	7.130543079e-15	0	0	0	0	0	0	0	0	0
0.000132142317	1.591864045e-09	6.019040385e-15	0	0	0	0	0	0	0	0	0
9.743106771e-05	5.250929313e-10	0	0	0	0	0	0	0	0	0	0
7.205123991e-05	8.188335367e-11	0	0	0	0	0	0	0	0	0	0
6.052870195e-05	2.198920575e-11	0	0	0	0	0	0	0	0	0	0
5.9201761e-05	6.1198546e-11	0	0	0	0	0	0	0	0	0	0
6.979471585e-05	8.505132834e-11	0	0	0	0	0	0	0	0	0	0
0.0001016204326	9.423897708e-11	0	0	0	0	0	0	0	0	0	0
0.0001528885257	1.153747427e-10	0	0	0	0	0	0	0	0	0	0
0.0002129673672	3.309320368e-10	0	0	0	0	0	0	0	0	0	0
0.0002700529992	7.517907089e-10	0	0	0	0	0	0	0	0	0	0
0.0003137372453	1.221016318e-09	1.177897751e-14	0	0	0	0	0	0	0	0	0
0.0003365421367	1.547041817e-09	1.171669971e-14	0	0	0	0	0	0	0	0	0
0.0003353429813	1.621088923e-09	4.96303679e-15	0	0	0	0	0	0	0	0	0
0.0003116733397	1.457474663e-09	5.381627233e-15	0	0	0	0	0	0	0	0	0
0.0002712667039	1.185168314e-09	8.393031832e-15	0	0	0	0	0	0	0	0	0
0.000222880094	8.892680583e-10	0	0	0	0	0	0	0	0	0	0
0.0001778615474	6.41974891e-10	0	0	0	0	0	0	0	0	0	0
0.0001504275517	5.513903045e-10	0	0	0	0	0	0	0	0	0	0
0.0001523202143	5.021345004e-10	0	0	0	0	0	0	0	0	0	0
0.0001790585507	5.521796494e-10	0	0	0	0	0	0	0	0	0	0
0.0002150299692	6.614369406e-10	0	0	0	0	0	0	0	0	0	0
0.0002472014418	7.786557302e-10	0	0	0	0	0	0	0	0	0	0
0.0002668284064	8.438563186e-10	0	0	0	0	0	0	0	0	0	0
0.0002684716175	8.220045156e-10	0	0	0	0	0	0	0	0	0	0
0.0002500553141	7.122982583e-10	0	0	0	0	0	0	0	0	0	0
0.0002132521707	5.64384993e-10	0	0	0	0	0	0	0	0	0	0
0.0001634583963	4.301484853e-10	0	0	0	0	0	0	0	0	0	0
0.0001091531634	3.599094175e-10	0	0	0	0	0	0	0	0	0	0
6.131363357e-05	3.899469437e-10	0	0	0	0	0	0	0	0	0	0
3.726387901e-05	5.362620527e-10	0	0	0	0	0	0	0	0	0	0
4.935576836e-05	8.32160149e-10	0	0	0	0	0	0	0	0	0	0
7.683473515e-05	1.292530075e-09	1.007237364e-14	0	0	0	0	0	0	0	0	0
0.0001146802676	1.771827763e-09	8.774461259e-15	0	0	0	0	0	0	0	0	0
0.0001613079864	2.154409855e-09	8.446557318e-15	0	0	0	0	0	0	0	0	0
0.0002096332715	2.302685182e-09	8.386549046e-15	0	0	0	0	0	0	0	0	0
0.0002506400342	2.07048077e-09	8.591825965e-15	0	0	0	0	0	0	0	0	0
0.0002772022683	1.478144913e-09	6.264145755e-15	0	0	0	0	0	0	0	0	0
0.0002858512903	8.387512415e-10	0	0	0	0	0	0	0	0	0	0
0.0002769854417	4.284765803e-10	0	0	0	0	0	0	0	0	0	0
0.0002538759854	2.634380424e-10	0	0	0	0	0	0	0	0	0	0
0.0002211468646	2.645033532e-10	0	0	0	0	0	0	0	0	0	0
0.0001836862529	4.323763464e-10	0	0	0	0	0	0	0	0	0	0
0.0001465531244	4.255418727e-10	0	0	0	0	0	0	0	0	0	0
0.0001166238014	2.069049472e-10	0	0	0	0	0	0	0	0	0	0
0.0001042251694	5.041651374e-11	0	0	0	0	0	0	0	0	0	0
0.0001165053929	4.339479014e-10	0	0	0	0	0	0	0	0	0	0
0.0001470213486	1.743807357e-09	6.094075196e-15	0	0	0	0	0	0	0	0	0
0.000185339715	4.15218713e-09	1.390652454e-14	0	0	0	0	0	0	0	0	0
0.0002243871231	7.320514336e-09	6.193072895e-15	0	0	0	0	0	0	0	0	0
0.0002594191534	1.090046221e-08	1.129584618e-14	0	0	0	0	0	0	0	0	0
0.0002867059308	1.380097262e-08	1.853420613e-14	0	0	0	0	0	0	0	0	0
0.0003032547902	1.555811992e-08	7.106398413e-15	0	0	0	0	0	0	0	0	0
0.0003069742027	1.579888535e-08	1.069155019e-14	0	0	0	0	0	0	0	0	0
0.0002968856902	1.454693997e-08	1.145368617e-14	0	0	0	0	0	0	0	0	0
0.0002733039802	1.201021616e-08	7.28733481e-15	0	0	0	0	0	0	0	0	0
0.0002379637335	8.888689299e-09	1.100886763e-14	0	0	0	0	0	0	0	0	0
0.0001939960064	5.825477135e-09	7.891205158e-15	0	0	0	0	0	0	0	0	0
0.0001459234763	3.252121563e-09	4.972088141e-15	0	0	0	0	0	0	0	0	0
9.975688495e-05	1.46185509e-09	5.309154824e-15	0	0	0	0	0	0	0	0	0
6.375532263e-05	4.925987214e-10	0	0	0	0	0	0	0	0	0	0
4.833210738e-05	1.038857436e-10	0	0	0	0	0	0	0	0	0	0
5.223883466e-05	1.480535834e-11	0	0	0	0	0	0	0	0	0	0
6.236883801e-05	2.409221469e-11	0	0	0	0	0	0	0	0	0	0
7.894583295e-05	4.549448287e-11	0	0	0	0	0	0	0	0	0	0
0.0001090812092	1.56139128e-10	0	0	0	0	0	0	0	0	0	0
0.0001528125527	4.475081436e-10	0	0	0	0	0	0	0	0	0	0
0.0002031419803	9.694208341e-10	0	0	0	0	0	0	0	0	0	0
0.0002511110628	1.663080585e-09	2.602944279e-15	0	0	0	0	0	0	0	0	0
0.0002885165772	2.289525157e-09	2.777027106e-15	0	0	0	0	0	0	0	0	0
0.000309574232	2.662784771e-09	6.569375909e-15	0	0	0	0	0	0	0	0	0
0.0003121179286	2.638690223e-09	5.475067242e-15	0	0	0	0	0	0	0	0	0
0.0002981687453	2.241188404e-09	4.99631197e-15	0	0	0	0	0	0	0	0	0
0.0002734569464	1.634553193e-09	4.362870916e-15	0	0	0	0	0	0	0	0	0
0.0002456534739	1.01253862e-09	1.639611245e-15	0	0	0	0	0	0	0	0	0
0.000221208553	5.46861162e-10	0	0	0	0	0	0	0	0	0	0
0.0002021565585	2.809776477e-10	0	0	0	0	0	0	0	0	0	0
0.0001857701571	1.718289406e-10	0	0	0	0	0	0	0	0	0	0
0.0001679066829	1.24935336e-10	0	0	0	0	0	0	0	0	0	0
0.0001464825556	9.290109793e-11	0	0	0	0	0	0	0	0	0	0
0.0001225358319	6.427018235e-11	0	0	0	0	0	0	0	0	0	0
9.970215557e-05	4.443662874e-11	0	0	0	0	0	0	0	0	0	0
8.400333567e-05	7.51064411e-11	0	0	0	0	0	0	0	0	0	0
8.299863304e-05	1.720853971e-10	0	0	0	0	0	0	0	0	0	0
9.907708805e-05	3.208847413e-10	0	0	0	0	0	0	0	0	0	0
0.0001262090118	5.083376529e-10	0	0	0	0	0	0	0	0	0	0
0.0001567856359	7.173724551e-10	0	0	0	0	0	0	0	0	0	0
0.0001849766623	9.37060641e-10	0	0	0	0	0	0	0	0	0	0
0.0002069281234	1.157289052e-09	8.408943427e-15	0	0	0	0	0	0	0	0	0
0.0002210606923	1.386930171e-09	3.365706336e-15	0	0	0	0	0	0	0	0	0
0.0002281590446	1.631589923e-09	1.306079186e-14	0	0	0	0	0	0	0	0	0
0.0002307744272	1.922709645e-09	1.258703703e-14	0	0	0	0	0	0	0	0	0
0.0002321485001	2.285197011e-09	9.973689782e-15	0	0	0	0	0	0	0	0	0
0.000235208547	2.743539477e-09	9.440233378e-15	0	0	0	0	0	0	0	0	0
0.0002425422075	3.32275883e-09	5.98752327e-15	0	0	0	0	0	0	0	0	0
0.0002570168291	4.056153526e-09	1.846263893e-14	0	0	0	0	0	0	0	0	0
0.0002814499766	4.931586101e-09	1.663196651e-14	0	0	0	0	0	0	0	0	0
0.0003164783669	5.967632988e-09	1.571161047e-14	0	0	0	0	0	0	0	0	0
0.0003586203626	7.063275957e-09	1.551014476e-14	0	0	0	0	0	0	0	0	0
0.0004006558276	8.085971694e-09	1.316904383e-14	0	0	0	0	0	0	0	0	0
0.0004338496774	8.913909311e-09	1.819318068e-14	0	0	0	0	0	0	0	0	0
0.0004506609887	9.383766376e-09	2.410784784e-14	0	0	0	0	0	0	0	0	0
0.0004466881806	9.348484679e-09	2.415234033e-14	0	0	0	0	0	0	0	0	0
0.0004220121068	8.810435594e-09	1.927944807e-14	0	0	0	0	0	0	0	0	0
0.0003813524106	7.77091786e-09	1.376826804e-14	0	0	0	0	0	0	0	0	0
0.0003326962039	6.366905741e-09	2.355250422e-14	0	0	0	0	0	0	0	0	0
0.0002840981266	4.803534887e-09	1.932980082e-14	0	0	0	0	0	0	0	0	0
0.0002401406057	3.281428253e-09	6.098533484e-15	0	0	0	0	0	0	0	0	0
0.0002018020357	2.007984416e-09	6.511924679e-15	0	0	0	0	0	0	0	0	0
0.0001736870219	1.106107438e-09	3.267768365e-15	0	0	0	0	0	0	0	0	0
0.0001725339898	6.607290853e-10	0	0	0	0	0	0	0	0	0	0
0.0002117283469	7.718629534e-10	0	0	0	0	0	0	0	0	0	0
0.0002777585587	1.160666387e-09	7.279373156e-15	0	0	0	0	0	0	0	0	0
0.0003481225461	1.546842351e-09	1.230642534e-14	0	0	0	0	0	0	0	0	0
0.000405875225	1.800817354e-09	2.653276554e-15	0	0	0	0	0	0	0	0	0
0.0004402069143	1.877666163e-09	1.32057314e-14	0	0	0	0	0	0	0	0	0
0.0004460261073	1.766249748e-09	5.006390041e-15	0	0	0	0	0	0	0	0	0
0.0004246770029	1.508992847e-09	2.933011308e-15	0	0	0	0	0	0	0	0	0
0.0003862755762	1.184618704e-09	1.134361209e-14	0	0	0	0	0	0	0	0	0
0.0003530463219	8.950470052e-10	0	0	0	0	0	0	0	0	0	0
0.0003548316653	7.605060991e-10	0	0	0	0	0	0	0	0	0	0
0.0004039439065	9.309692338e-10	0	0	0	0	0	0	0	0	0	0
0.0004817496535	1.42075015e-09	8.021413937e-15	0	0	0	0	0	0	0	0	0
0.0005613470582	2.077396584e-09	1.025981921e-14	0	0	0	0	0	0	0	0	0
0.0006227858944	2.690055626e-09	8.701951527e-15	0	0	0	0	0	0	0	0	0
0.0006530923735	3.05515492e-09	1.240622461e-14	0	0	0	0	0	0	0	0	0
0.0006442110719	3.053769275e-09	7.94991482e-15	0	0	0	0	0	0	0	0	0
0.0005927669359	2.682959475e-09	7.673833691e-15	0	0	0	0	0	0	0	0	0
0.0005022158176	2.054119396e-09	4.491356944e-15	0	0	0	0	0	0	0	0	0
0.0003867413453	1.362374048e-09	3.10081086e-15	0	0	0	0	0	0	0	0	0
0.0002780658646	7.95299051e-10	0	0	0	0	0	0	0	0	0	0
0.000233423429	4.378662766e-10	0	0	0	0	0	0	0	0	0	0
0.0002861166099	3.652467176e-10	0	0	0	0	0	0	0	0	0	0
0.0003978542913	7.116321117e-10	0	0	0	0	0	0	0	0	0	0
0.0005413628627	1.590391249e-09	1.355689521e-14	0	0	0	0	0	0	0	0	0
0.0006955678582	2.954185796e-09	6.524429729e-15	0	0	0	0	0	0	0	0	0
0.0008199348703	4.199214346e-09	1.091424883e-14	0	0	0	0	0	0	0	0	0
0.0008645563282	4.587553564e-09	7.606452439e-15	0	0	0	0	0	0	0	0	0
0.0007986319276	3.99265556e-09	1.5845878e-14	0	0	0	0	0	0	0	0	0
0.000638873588	3.040622492e-09	1.055552687e-14	0	0	0	0	0	0	0	0	0
0.0004604074779	2.099609928e-09	9.543187739e-15	0	0	0	0	0	0	0	0	0
0.0003548236442	1.475038886e-09	5.910891556e-15	0	0	0	0	0	0	0	0	0
0.0003087277975	1.302940235e-09	5.73127976e-15	0	0	0	0	0	0	0	0	0
0.0002706849568	7.928411157e-10	0	0	0	0	0	0	0	0	0	0
0.0003627189168	1.216789162e-09	6.417654142e-15	0	0	0	0	0	0	0	0	0
0.0006158402209	6.513761125e-09	1.707753492e-14	0	0	0	0	0	0	0	0	0
0.0008985896016	1.903210996e-08	4.757946682e-14	0	0	0	0	0	0	0	0	0
0.001114124267	3.362482964e-08	8.997868692e-14	0	0	0	0	0	0	0	0	0
0.00120032445	4.194397208e-08	1.043203912e-13	0	0	0	0	0	0	0	0	0
0.001128895223	3.876768929e-08	9.708447151e-14	0	0	0	0	0	0	0	0	0
0.000915516162	2.669783494e-08	6.886580968e-14	0	0	0	0	0	0	0	0	0
0.0006357694593	1.381865547e-08	2.962732952e-14	0	0	0	0	0	0	0	0	0
0.0004436312234	5.778868211e-09	8.330532683e-15	0	0	0	0	0	0	0	0	0
0.0004408460901	3.18378661e-09	1.146036151e-14	0	0	0	0	0	0	0	0	0
0.0004638201331	5.40727921e-09	1.680636587e-14	0	0	0	0	0	0	0	0	0
0.0005637586933	1.746810813e-08	2.347995863e-14	0	0	0	0	0	0	0	0	0
0.001058107115	4.081745922e-08	8.023237678e-14	0	0	0	0	0	0	0	0	0
0.001846346028	6.981546377e-08	2.25548514e-13	0	0	0	0	0	0	0	0	0
0.002653735599	9.192960913e-08	4.405739024e-13	0	0	0	0	0	0	0	0	0
0.003213838149	1.095882089e-07	6.243606412e-13	0	0	0	0	0	0	0	0	0
0.00334004511	1.374901246e-07	6.891895038e-13	0	0	0	0	0	0	0	0	0
0.00300764908	1.75507526e-07	5.887499732e-13	0	0	0	0	0	0	0	0	0
0.002374106333	1.994873576e-07	4.104349758e-13	0	0	0	0	0	0	0	0	0
0.001705918839	1.90564056e-07	2.621397541e-13	0	0	0	0	0	0	0	0	0
0.001247673147	1.55166337e-07	1.797366473e-13	0	0	0	0	0	0	0	0	0
0.001071116207	1.143841547e-07	1.22186504e-13	0	0	0	0	0	0	0	0	0
0.001037532201	8.221982068e-08	8.277331112e-14	0	0	0	0	0	0	0	0	0
0.0009988109892	6.091276436e-08	5.345089358e-14	0	0	0	0	0	0	0	0	0
0.0008922124492	4.360119297e-08	4.495346563e-14	0	0	0	0	0	0	0	0	0
0.0007118194457	2.804152213e-08	3.35614418e-14	0	0	0	0	0	0	0	0	0
0.0004953458927	1.351705085e-08	2.179019689e-14	0	0	0	0	0	0	0	0	0
0.0003205309523	3.601825661e-09	1.038036853e-14	0	0	0	0	0	0	0	0	0
0.0003033616884	1.68379094e-09	4.84918151e-15	0	0	0	0	0	0	0	0	0
0.0004736376019	4.598769925e-09	5.411964164e-15	0	0	0	0	0	0	0	0	0
0.0007567285929	1.307999384e-08	1.395398571e-14	0	0	0	0	0	0	0	0	0
0.001084088107	2.343932995e-08	2.134786906e-14	0	0	0	0	0	0	0	0	0
0.001371711519	3.231003072e-08	1.726810864e-14	0	0	0	0	0	0	0	0	0
0.001536379844	3.489369318e-08	1.816399663e-14	0	0	0	0	0	0	0	0	0
0.001524715155	2.90312683e-08	1.241967455e-14	0	0	0	0	0	0	0	0	0
0.001334051515	1.734079565e-08	1.051860159e-14	0	0	0	0	0	0	0	0	0
0.001017227314	7.612910745e-09	1.177165246e-14	0	0	0	0	0	0	0	0	0
0.0006679886826	4.757542433e-09	1.099479367e-14	0	0	0	0	0	0	0	0	0
0.0004015277119	1.132434124e-08	2.26488095e-14	0	0	0	0	0	0	0	0	0
0.0003226123967	3.497072467e-08	7.487071371e-14	0	0	0	0	0	0	0	0	0
0.0003883629689	6.798747955e-08	1.299797318e-13	0	0	0	0	0	0	0	0	0
0.0005064780278	9.889155808e-08	1.944137928e-13	0	0	0	0	0	0	0	0	0
0.0006465637013	1.165355615e-07	2.124087788e-13	0	0	0	0	0	0	0	0	0
0.0007614948906	1.114592991e-07	1.843628639e-13	0	0	0	0	0	0	0	0	0
0.0008014559375	8.5956211e-08	1.238788386e-13	0	0	0	0	0	0	0	0	0
0.0007525297262	4.966825501e-08	7.448778254e-14	0	0	0	0	0	0	0	0	0
0.0006424135521	1.898268527e-08	4.202252257e-14	0	0	0	0	0	0	0	0	0
0.0005114737478	3.195586746e-09	7.216604931e-15	0	0	0	0	0	0	0	0	0
0.0004077336455	2.873593916e-09	1.457068956e-15	0	0	0	0	0	0	0	0	0
0.0005092076612	1.598916812e-08	1.765133383e-14	0	0	0	0	0	0	0	0	0
0.0009158787475	4.366979022e-08	8.576898866e-14	0	0	0	0	0	0	0	0	0
0.001449395824	8.315369406e-08	2.233834178e-13	0	0	0	0	0	0	0	0	0
0.001895199388	1.191603608e-07	3.429471682e-13	0	0	0	0	0	0	0	0	0
0.002048528003	1.37227224e-07	4.244270363e-13	0	0	0	0	0	0	0	0	0
0.001803293442	1.637067605e-07	4.047923497e-13	0	0	0	0	0	0	0	0	0
0.001252932139	2.110591948e-07	3.129193415e-13	0	0	0	0	0	0	0	0	0
0.0007024903563	2.349397901e-07	2.666864993e-13	0	0	0	0	0	0	0	0	0
0.0004702363798	2.078897671e-07	2.489422956e-13	0	0	0	0	0	0	0	0	0
0.0003628415058	1.30969665e-07	1.675992862e-13	0	0	0	0	0	0	0	0	0
0.0003421477964	5.506798257e-08	7.34430642e-14	0	0	0	0	0	0	0	0	0
0.0006586743576	1.539247271e-08	4.550343243e-14	0	0	0	0	0	0	0	0	0
0.0009966872249	6.726671872e-09	1.041258265e-13	0	0	0	0	0	0	0	0	0
0.001205504758	4.716841644e-08	2.440529868e-13	0	0	0	0	0	0	0	0	0
0.001261442267	1.024939003e-07	3.87218507e-13	0	0	0	0	0	0	0	0	0
0.001187859655	1.435813496e-07	4.64911845e-13	0	0	0	0	0	0	0	0	0
0.001026815037	1.618300956e-07	4.622970913e-13	0	0	0	0	0	0	0	0	0
0.0008295642994	1.585765076e-07	4.053993842e-13	0	0	0	0	0	0	0	0	0
0.0006491033556	1.455498202e-07	3.485932333e-13	0	0	0	0	0	0	0	0	0
0.0005335132996	1.227494503e-07	2.64681212e-13	0	0	0	0	0	0	0	0	0
0.0005160746599	1.021190276e-07	1.944112725e-13	0	0	0	0	0	0	0	0	0
0.0005922445294	8.524109061e-08	1.641357207e-13	0	0	0	0	0	0	0	0	0
0.0007135983906	6.793839718e-08	1.10770075e-13	0	0	0	0	0	0	0	0	0
0.0008193771871	5.384783613e-08	8.637453379e-14	0	0	0	0	0	0	0	0	0
0.0008585022733	3.992990589e-08	5.037357852e-14	0	0	0	0	0	0	0	0	0
0.0008035665245	2.657156096e-08	2.721656321e-14	0	0	0	0	0	0	0	0	0
0.000661404773	1.512334992e-08	1.472399347e-14	0	0	0	0	0	0	0	0	0
0.0004729173521	6.944501251e-09	5.87699938e-15	0	0	0	0	0	0	0	0	0
0.0002959966317	2.347392426e-09	1.457895842e-14	0	0	0	0	0	0	0	0	0
0.0001859371951	4.963098333e-10	0	0	0	0	0	0	0	0	0	0
0.0002009558979	5.455531146e-10	0	0	0	0	0	0	0	0	0	0
0.0003202664928	1.57942527e-09	2.068978224e-14	0	0	0	0	0	0	0	0	0
0.0004622874625	3.595336895e-09	1.424725836e-14	0	0	0	0	0	0	0	0	0
0.000562583648	5.847045227e-09	1.532473458e-14	0	0	0	0	0	0	0	0	0
0.0005779307217	7.001266631e-09	2.326916508e-14	0	0	0	0	0	0	0	0	0
0.0005072252672	6.141223714e-09	1.558197893e-14	0	0	0	0	0	0	0	0	0
0.0004050053243	3.986747328e-09	6.09909619e-15	0	0	0	0	0	0	0	0	0
0.0003377313158	2.051347848e-09	8.49302724e-15	0	0	0	0	0	0	0	0	0
0.0003009748165	1.392904529e-09	1.47414765e-15	0	0	0	0	0	0	0	0	0
0.0004351507254	5.756153452e-09	2.50670233e-14	0	0	0	0	0	0	0	0	0
0.0009466848573	2.65827546e-08	8.139682442e-14	0	0	0	0	0	0	0	0	0
0.00171940381	7.089828534e-08	2.150914363e-13	0	0	0	0	0	0	0	0	0
0.002568433237	1.18941988e-07	4.539443143e-13	0	0	0	0	0	0	0	0	0
0.00327303067	1.488322155e-07	6.746358855e-13	0	0	0	0	0	0	0	0	0
0.003617384024	1.449708561e-07	7.839801037e-13	0	0	0	0	0	0	0	0	0
0.00346808992	1.158170416e-07	7.028389913e-13	0	0	0	0	0	0	0	0	0
0.002843079176	8.130942459e-08	4.710257147e-13	0	0	0	0	0	0	0	0	0
0.001927977018	5.089549572e-08	2.245059293e-13	0	0	0	0	0	0	0	0	0
0.001010721645	2.40958425e-08	7.706677073e-14	0	0	0	0	0	0	0	0	0
0.000365714153	6.759438995e-09	1.630414364e-14	0	0	0	0	0	0	0	0	0
0.0001951971985	5.793154542e-10	0	0	0	0	0	0	0	0	0	0
0.0002538994104	6.017238534e-10	0	0	0	0	0	0	0	0	0	0
0.0003985990924	2.405623832e-09	1.894514871e-15	0	0	0	0	0	0	0	0	0
0.0006094567853	5.376224461e-09	8.166052418e-15	0	0	0	0	0	0	0	0	0
0.0007808700034	8.352811396e-09	1.556075562e-14	0	0	0	0	0	0	0	0	0
0.0008616299559	1.042863793e-08	3.175108274e-14	0	0	0	0	0	0	0	0	0
0.0008489538324	1.077212897e-08	1.773502033e-14	0	0	0	0	0	0	0	0	0
0.0007687052614	9.60370001e-09	1.330920612e-14	0	0	0	0	0	0	0	0	0
0.0006624311385	7.575698304e-09	7.317685504e-15	0	0	0	0	0	0	0	0	0
0.000574442788	5.328427562e-09	3.479037845e-15	0	0	0	0	0	0	0	0	0
0.0005295140578	3.708528854e-09	9.416349134e-15	0	0	0	0	0	0	0	0	0
0.0005148958155	2.952557285e-09	4.798361502e-15	0	0	0	0	0	0	0	0	0
0.0005002309034	2.396896506e-09	4.514242716e-15	0	0	0	0	0	0	0	0	0
