0.000002000000000000000000
0.000004000000000000000000
0.000008000000000000000000
0.000016000000000000000000
0.000032000000000000000000
0.000064000000000000000000
0.000128000000000000000000
0.000200000000000000000000
0.000200000000000000000000
0.000200000000000000000000
0.000200000000000000000000
0.000200000000000000000000
0.000200000000000000000000
0.000200000000000000000000
0.000200000000000000000000
0.000200000000000000000000
0.000200000000000000000000
0.000200000000000000000000
0.000200000000000000000000
0.000200000000000000000000
0.000200000000000000000000
0.000200000000000000000000
0.000200000000000000000000
0.000200000000000000000000
0.000200000000000000000000
0.000200000000000000000000
0.000200000000000000000000
0.000200000000000000000000
0.000200000000000000000000
0.000200000000000000000000
0.000200000000000000000000
0.000200000000000000000000
0.000200000000000000000000
0.000200000000000000000000
0.000200000000000000000000
0.000200000000000000000000
0.000200000000000000000000
0.000200000000000000000000
0.000200000000000000000000
0.000200000000000000000000
0.000200000000000000000000
0.000200000000000000000000
0.000200000000000000000000
0.000200000000000000000000
0.000200000000000000000000
0.000200000000000000000000
0.000200000000000000000000
0.000200000000000000000000
0.000200000000000000000000
0.000200000000000000000000
0.000200000000000000000000
0.000200000000000000000000
0.000200000000000000000000
0.000200000000000000000000
0.000200000000000000000000
0.000200000000000000000000
0.000200000000000000000000
0.000200000000000000000000
0.000200000000000000000000
0.000200000000000000000000
0.000200000000000000000000
0.000200000000000000000000
0.000200000000000000000000
0.000200000000000000000000
0.000200000000000000000000
0.000200000000000000000000
0.000200000000000000000000
0.000200000000000000000000
0.000200000000000000000000
0.000200000000000000000000
0.000200000000000000000000
0.000200000000000000000000
0.000200000000000000000000
0.000200000000000000000000
0.000200000000000000000000
0.000200000000000000000000
0.000200000000000000000000
0.000200000000000000000000
0.000200000000000000000000
0.000200000000000000000000
0.000200000000000000000000
0.000200000000000000000000
0.000200000000000000000000
0.000200000000000000000000
0.000200000000000000000000
0.000200000000000000000000
0.000200000000000000000000
0.000200000000000000000000
0.000200000000000000000000
0.000200000000000000000000
0.000200000000000000000000
0.000200000000000000000000
0.000200000000000000000000
0.000200000000000000000000
0.000200000000000000000000
0.000200000000000000000000
0.000200000000000000000000
0.000200000000000000000000
0.000200000000000000000000
0.000200000000000000000000
0.000200000000000000000000
0.000200000000000000000000
0.000200000000000000000000
0.000200000000000000000000
0.000200000000000000000000
0.000200000000000000000000
0.000200000000000000000000
0.000200000000000000000000
0.000200000000000000000000
0.000200000000000000000000
0.000200000000000000000000
0.000200000000000000000000
0.000200000000000000000000
0.000200000000000000000000
0.000200000000000000000000
0.000200000000000000000000
0.000200000000000000000000
0.000200000000000000000000
0.000200000000000000000000
0.000200000000000000000000
0.000200000000000000000000
0.000200000000000000000000
0.000200000000000000000000
0.000200000000000000000000
0.000200000000000000000000
0.000200000000000000000000
0.000200000000000000000000
0.000200000000000000000000
0.000200000000000000000000
0.000200000000000000000000
0.000200000000000000000000
0.000200000000000000000000
0.000200000000000000000000
0.000200000000000000000000
0.000200000000000000000000
0.000200000000000000000000
0.000200000000000000000000
0.000200000000000000000000
0.000200000000000000000000
0.000200000000000000000000
0.000200000000000000000000
0.000200000000000000000000
0.000200000000000000000000
0.000200000000000000000000
0.000200000000000000000000
0.000200000000000000000000
0.000200000000000000000000
0.000200000000000000000000
0.000200000000000000000000
0.000200000000000000000000
0.000200000000000000000000
0.000200000000000000000000
0.000200000000000000000000
0.000200000000000000000000
0.000200000000000000000000
0.000200000000000000000000
0.000200000000000000000000
0.000200000000000000000000
0.000200000000000000000000
0.000200000000000000000000
0.000200000000000000000000
0.000200000000000000000000
0.000200000000000000000000
0.000200000000000000000000
0.000200000000000000000000
0.000200000000000000000000
0.000200000000000000000000
0.000200000000000000000000
0.000200000000000000000000
0.000200000000000000000000
0.000200000000000000000000
0.000200000000000000000000
0.000200000000000000000000
0.000200000000000000000000
0.000200000000000000000000
0.000200000000000000000000
0.000200000000000000000000
0.000200000000000000000000
0.000200000000000000000000
0.000200000000000000000000
0.000200000000000000000000
0.000200000000000000000000
0.000200000000000000000000
0.000200000000000000000000
0.000200000000000000000000
0.000200000000000000000000
0.000200000000000000000000
0.000200000000000000000000
0.000200000000000000000000
0.000200000000000000000000
0.000200000000000000000000
0.000200000000000000000000
0.000200000000000000000000
0.000200000000000000000000
0.000200000000000000000000
0.000200000000000000000000
0.000200000000000000000000
0.000200000000000000000000
0.000200000000000000000000
0.000200000000000000000000
0.000200000000000000000000
0.000200000000000000000000
0.000200000000000000000000
0.000200000000000000000000
0.000200000000000000000000
0.000200000000000000000000
0.000200000000000000000000
0.000200000000000000000000
0.000200000000000000000000
0.000200000000000000000000
0.000200000000000000000000
0.000200000000000000000000
0.000200000000000000000000
0.000200000000000000000000
0.000200000000000000000000
0.000200000000000000000000
0.000200000000000000000000
0.000200000000000000000000
0.000200000000000000000000
0.000200000000000000000000
0.000200000000000000000000
0.000200000000000000000000
0.000200000000000000000000
0.000200000000000000000000
0.000200000000000000000000
0.000200000000000000000000
0.000200000000000000000000
0.000200000000000000000000
0.000200000000000000000000
0.000200000000000000000000
0.000200000000000000000000
0.000200000000000000000000
0.000200000000000000000000
0.000200000000000000000000
0.000200000000000000000000
0.000200000000000000000000
0.000200000000000000000000
0.000200000000000000000000
0.000200000000000000000000
0.000200000000000000000000
0.000200000000000000000000
0.000200000000000000000000
0.000200000000000000000000
0.000200000000000000000000
0.000200000000000000000000
0.000200000000000000000000
0.000200000000000000000000
0.000200000000000000000000
0.000200000000000000000000
0.000200000000000000000000
0.000200000000000000000000
0.000200000000000000000000
0.000200000000000000000000
0.000200000000000000000000
0.000200000000000000000000
0.000200000000000000000000
0.000200000000000000000000
0.000200000000000000000000
0.000200000000000000000000
0.000200000000000000000000
0.000200000000000000000000
0.000200000000000000000000
0.000200000000000000000000
0.000200000000000000000000
0.000200000000000000000000
0.000200000000000000000000
0.000200000000000000000000
0.000200000000000000000000
0.000200000000000000000000
0.000200000000000000000000
0.000200000000000000000000
0.000200000000000000000000
0.000200000000000000000000
0.000200000000000000000000
0.000200000000000000000000
0.000200000000000000000000
0.000200000000000000000000
0.000200000000000000000000
0.000200000000000000000000
0.000200000000000000000000
0.000200000000000000000000
0.000200000000000000000000
0.000200000000000000000000
0.000200000000000000000000
0.000200000000000000000000
0.000200000000000000000000
0.000200000000000000000000
0.000200000000000000000000
0.000200000000000000000000
0.000200000000000000000000
0.000200000000000000000000
0.000200000000000000000000
0.000200000000000000000000
0.000200000000000000000000
0.000200000000000000000000
0.000200000000000000000000
0.000200000000000000000000
0.000200000000000000000000
0.000200000000000000000000
0.000200000000000000000000
0.000200000000000000000000
0.000200000000000000000000
0.000200000000000000000000
0.000200000000000000000000
0.000200000000000000000000
0.000200000000000000000000
0.000200000000000000000000
0.000200000000000000000000
0.000200000000000000000000
0.000200000000000000000000
0.000200000000000000000000
0.000200000000000000000000
0.000200000000000000000000
0.000200000000000000000000
0.000200000000000000000000
0.000200000000000000000000
0.000200000000000000000000
0.000200000000000000000000
0.000200000000000000000000
0.000200000000000000000000
0.000200000000000000000000
0.000200000000000000000000
0.000200000000000000000000
0.000200000000000000000000
0.000200000000000000000000
0.000200000000000000000000
0.000200000000000000000000
0.000200000000000000000000
0.000200000000000000000000
0.000200000000000000000000
0.000200000000000000000000
0.000200000000000000000000
0.000200000000000000000000
0.000200000000000000000000
0.000200000000000000000000
0.000200000000000000000000
0.000200000000000000000000
0.000200000000000000000000
0.000200000000000000000000
0.000200000000000000000000
0.000200000000000000000000
0.000200000000000000000000
0.000200000000000000000000
0.000200000000000000000000
0.000200000000000000000000
0.000200000000000000000000
0.000200000000000000000000
0.000200000000000000000000
0.000200000000000000000000
0.000200000000000000000000
0.000200000000000000000000
0.000200000000000000000000
0.000200000000000000000000
0.000200000000000000000000
0.000200000000000000000000
0.000200000000000000000000
0.000200000000000000000000
0.000200000000000000000000
0.000200000000000000000000
0.000200000000000000000000
0.000200000000000000000000
0.000200000000000000000000
0.000200000000000000000000
0.000200000000000000000000
0.000200000000000000000000
0.000200000000000000000000
0.000200000000000000000000
0.000200000000000000000000
0.000200000000000000000000
0.000200000000000000000000
0.000200000000000000000000
0.000200000000000000000000
0.000200000000000000000000
0.000200000000000000000000
0.000200000000000000000000
0.000200000000000000000000
0.000200000000000000000000
0.000200000000000000000000
0.000200000000000000000000
0.000200000000000000000000
0.000200000000000000000000
0.000200000000000000000000
0.000200000000000000000000
0.000200000000000000000000
0.000200000000000000000000
0.000200000000000000000000
0.000200000000000000000000
0.000200000000000000000000
0.000200000000000000000000
0.000200000000000000000000
0.000200000000000000000000
0.000200000000000000000000
0.000200000000000000000000
0.000200000000000000000000
0.000200000000000000000000
0.000200000000000000000000
0.000200000000000000000000
0.000200000000000000000000
0.000200000000000000000000
0.000200000000000000000000
