1.107674982e-07	3.448408442e-12	0	0	0	0	0	0	0	0	0	0
2.183819007e-07	1.151405981e-13	0	0	0	0	0	0	0	0	0	0
1.88832246e-06	5.466036782e-13	0	0	0	0	0	0	0	0	0	0
1.052849637e-05	2.518468447e-12	0	0	0	0	0	0	0	0	0	0
5.165340243e-05	1.232855481e-11	0	0	0	0	0	0	0	0	0	0
0.0002313655433	1.282022472e-10	0	0	0	0	0	0	0	0	0	0
0.0009835135124	8.118947706e-09	7.703769544e-15	0	0	0	0	0	0	0	0	0
0.00266932571	1.310968821e-07	3.403866763e-14	0	0	0	0	0	0	0	0	0
0.001908021507	6.080425328e-08	1.60165972e-14	0	0	0	0	0	0	0	0	0
0.001710199121	4.817740948e-08	1.437030212e-14	0	0	0	0	0	0	0	0	0
0.001454017743	3.470866618e-08	8.744233839e-15	0	0	0	0	0	0	0	0	0
0.001175134722	2.261428739e-08	8.253124855e-15	0	0	0	0	0	0	0	0	0
0.0009111070172	1.327098719e-08	7.959434089e-15	0	0	0	0	0	0	0	0	0
0.0006938872994	7.093985846e-09	4.999233375e-15	0	0	0	0	0	0	0	0	0
0.0005408618263	3.747597388e-09	8.695216937e-15	0	0	0	0	0	0	0	0	0
0.0004477476941	2.583805397e-09	9.023568684e-15	0	0	0	0	0	0	0	0	0
0.0003944565506	2.631169222e-09	1.02851388e-14	0	0	0	0	0	0	0	0	0
0.0003624280497	3.141609883e-09	1.346186578e-14	0	0	0	0	0	0	0	0	0
0.000343888919	3.926343115e-09	1.773476105e-14	0	0	0	0	0	0	0	0	0
0.000337533501	4.958976198e-09	2.31894153e-14	0	0	0	0	0	0	0	0	0
0.000342551865	6.228395616e-09	2.906327452e-14	0	0	0	0	0	0	0	0	0
0.0003565159954	7.688877318e-09	3.649458723e-14	0	0	0	0	0	0	0	0	0
0.0003761468607	9.225030513e-09	4.339667568e-14	0	0	0	0	0	0	0	0	0
0.0003976745085	1.062338459e-08	4.99026097e-14	0	0	0	0	0	0	0	0	0
0.0004166573823	1.161872113e-08	5.393436234e-14	0	0	0	0	0	0	0	0	0
0.0004277271383	1.186172174e-08	5.432430514e-14	0	0	0	0	0	0	0	0	0
0.0004250185514	1.110655447e-08	5.005535557e-14	0	0	0	0	0	0	0	0	0
0.0004033334458	9.275405483e-09	4.134412576e-14	0	0	0	0	0	0	0	0	0
0.0003605091705	6.665652033e-09	2.933401951e-14	0	0	0	0	0	0	0	0	0
0.0003018349083	3.923616527e-09	1.592400915e-14	0	0	0	0	0	0	0	0	0
0.0002468311005	1.764915493e-09	6.199254034e-15	0	0	0	0	0	0	0	0	0
0.0002296715764	6.825766509e-10	0	0	0	0	0	0	0	0	0	0
0.0002611226293	4.825504911e-10	0	0	0	0	0	0	0	0	0	0
0.0003104380145	5.071111061e-10	0	0	0	0	0	0	0	0	0	0
0.0003626222719	6.421287293e-10	0	0	0	0	0	0	0	0	0	0
0.0004465299426	9.536974155e-10	0	0	0	0	0	0	0	0	0	0
0.0006057248072	2.263921836e-09	1.402912465e-14	0	0	0	0	0	0	0	0	0
0.0008463626373	6.776227388e-09	3.265326475e-14	0	0	0	0	0	0	0	0	0
0.001138250071	1.63233587e-08	6.750310334e-14	0	0	0	0	0	0	0	0	0
0.001440852698	3.222957891e-08	1.138677139e-13	0	0	0	0	0	0	0	0	0
0.00171632541	5.353712574e-08	1.655761479e-13	0	0	0	0	0	0	0	0	0
0.001934340406	7.77437376e-08	2.126460551e-13	0	0	0	0	0	0	0	0	0
0.002074499932	1.0006061e-07	2.447687564e-13	0	0	0	0	0	0	0	0	0
0.002127337569	1.164343839e-07	2.611284414e-13	0	0	0	0	0	0	0	0	0
0.002093851024	1.233115001e-07	2.561682156e-13	0	0	0	0	0	0	0	0	0
0.001984223766	1.200725852e-07	2.366009484e-13	0	0	0	0	0	0	0	0	0
0.001815437411	1.081215842e-07	2.044767208e-13	0	0	0	0	0	0	0	0	0
0.001608477359	9.030788894e-08	1.688289949e-13	0	0	0	0	0	0	0	0	0
0.001385443459	7.056571561e-08	1.326798522e-13	0	0	0	0	0	0	0	0	0
0.001166843042	5.162523058e-08	1.003344256e-13	0	0	0	0	0	0	0	0	0
0.0009696178245	3.559674722e-08	7.370129704e-14	0	0	0	0	0	0	0	0	0
0.0008055184249	2.344938588e-08	5.26764402e-14	0	0	0	0	0	0	0	0	0
0.000679932635	1.517644443e-08	3.819484146e-14	0	0	0	0	0	0	0	0	0
0.0005914210346	1.036707119e-08	2.800697636e-14	0	0	0	0	0	0	0	0	0
0.0005328788206	8.292331005e-09	2.197160663e-14	0	0	0	0	0	0	0	0	0
0.0004949167373	7.982116654e-09	1.691072796e-14	0	0	0	0	0	0	0	0	0
0.0004697525412	8.573510262e-09	1.561041859e-14	0	0	0	0	0	0	0	0	0
0.0004530094882	9.622045746e-09	1.666355273e-14	0	0	0	0	0	0	0	0	0
0.0004434892294	1.094932598e-08	1.445402103e-14	0	0	0	0	0	0	0	0	0
0.0004416744611	1.244005884e-08	1.185090141e-14	0	0	0	0	0	0	0	0	0
0.0004477423061	1.396977512e-08	1.269994865e-14	0	0	0	0	0	0	0	0	0
0.0004602747187	1.532093976e-08	1.104462831e-14	0	0	0	0	0	0	0	0	0
0.0004755454494	1.623907165e-08	1.267973426e-14	0	0	0	0	0	0	0	0	0
0.0004878769272	1.638476977e-08	9.980336567e-15	0	0	0	0	0	0	0	0	0
0.0004903577181	1.546739554e-08	1.271573553e-14	0	0	0	0	0	0	0	0	0
0.0004761071007	1.336947677e-08	8.531158751e-15	0	0	0	0	0	0	0	0	0
0.0004402566792	1.028095039e-08	7.242175119e-15	0	0	0	0	0	0	0	0	0
0.0003832533515	6.824037844e-09	8.439772899e-15	0	0	0	0	0	0	0	0	0
0.0003162732527	3.845357108e-09	8.96515574e-15	0	0	0	0	0	0	0	0	0
0.0002667304806	2.154769433e-09	8.125151149e-15	0	0	0	0	0	0	0	0	0
0.0002650579297	1.825236714e-09	8.041297012e-15	0	0	0	0	0	0	0	0	0
0.0003023353555	1.944247518e-09	8.907124112e-15	0	0	0	0	0	0	0	0	0
0.0003488444109	2.090939629e-09	1.128017169e-14	0	0	0	0	0	0	0	0	0
0.0004089733736	2.207059473e-09	9.938310196e-15	0	0	0	0	0	0	0	0	0
0.0005238810718	2.494828191e-09	9.940575646e-15	0	0	0	0	0	0	0	0	0
0.0007218328933	4.658605182e-09	1.337144843e-14	0	0	0	0	0	0	0	0	0
0.0009881003862	1.162755519e-08	1.273205642e-14	0	0	0	0	0	0	0	0	0
0.001286983866	2.50530996e-08	1.274085914e-14	0	0	0	0	0	0	0	0	0
0.001581803096	4.546265418e-08	1.676856616e-14	0	0	0	0	0	0	0	0	0
0.001841665125	7.109788032e-08	1.776484863e-14	0	0	0	0	0	0	0	0	0
0.002043491697	9.786550844e-08	2.361985801e-14	0	0	0	0	0	0	0	0	0
0.002172433627	1.206485569e-07	2.313319287e-14	0	0	0	0	0	0	0	0	0
0.00222140435	1.341926417e-07	2.556811012e-14	0	0	0	0	0	0	0	0	0
0.002190416436	1.359414542e-07	2.33867777e-14	0	0	0	0	0	0	0	0	0
0.002085549438	1.259609892e-07	2.143571898e-14	0	0	0	0	0	0	0	0	0
0.001918103517	1.070923283e-07	1.917687616e-14	0	0	0	0	0	0	0	0	0
0.001703793878	8.32869058e-08	1.604000346e-14	0	0	0	0	0	0	0	0	0
0.001462398003	5.921496804e-08	1.907108384e-14	0	0	0	0	0	0	0	0	0
0.001217266111	3.829985366e-08	1.263951952e-14	0	0	0	0	0	0	0	0	0
0.0009945702132	2.240992221e-08	1.167498676e-14	0	0	0	0	0	0	0	0	0
0.0008200392433	1.191831429e-08	1.284533188e-14	0	0	0	0	0	0	0	0	0
0.0007098120173	6.298049341e-09	1.456407347e-14	0	0	0	0	0	0	0	0	0
0.0006580439339	4.564941105e-09	1.73411851e-14	0	0	0	0	0	0	0	0	0
0.000639385294	4.859869151e-09	2.279740607e-14	0	0	0	0	0	0	0	0	0
0.0006288026048	5.825865227e-09	2.545100188e-14	0	0	0	0	0	0	0	0	0
0.0006143424027	7.210913525e-09	3.244847408e-14	0	0	0	0	0	0	0	0	0
0.0005956843988	9.062696132e-09	4.196619871e-14	0	0	0	0	0	0	0	0	0
0.0005781727297	1.147758546e-08	5.325084361e-14	0	0	0	0	0	0	0	0	0
0.0005680464281	1.449381254e-08	6.697274636e-14	0	0	0	0	0	0	0	0	0
0.0005696134126	1.798722233e-08	8.410823987e-14	0	0	0	0	0	0	0	0	0
0.0005833713725	2.163045739e-08	1.005889042e-13	0	0	0	0	0	0	0	0	0
0.0006048165058	2.476815251e-08	1.150538715e-13	0	0	0	0	0	0	0	0	0
0.0006244708321	2.655314994e-08	1.213323106e-13	0	0	0	0	0	0	0	0	0
0.0006294746165	2.608426144e-08	1.175543075e-13	0	0	0	0	0	0	0	0	0
0.0006060993692	2.286431377e-08	1.011026101e-13	0	0	0	0	0	0	0	0	0
0.000543839312	1.724755791e-08	7.311118624e-14	0	0	0	0	0	0	0	0	0
0.0004414689428	1.068959002e-08	4.253230938e-14	0	0	0	0	0	0	0	0	0
0.0003170096188	5.083160704e-09	1.820625858e-14	0	0	0	0	0	0	0	0	0
0.0002252689836	1.763816227e-09	5.376795705e-15	0	0	0	0	0	0	0	0	0
0.0002337344733	6.824902512e-10	0	0	0	0	0	0	0	0	0	0
0.000292895461	5.954998788e-10	0	0	0	0	0	0	0	0	0	0
0.000360135737	8.579328666e-10	0	0	0	0	0	0	0	0	0	0
0.0004984995435	1.604312365e-09	3.407839804e-15	0	0	0	0	0	0	0	0	0
0.0007633546798	3.683110533e-09	2.008113757e-14	0	0	0	0	0	0	0	0	0
0.001122208838	9.331917082e-09	5.558145574e-14	0	0	0	0	0	0	0	0	0
0.001507714573	2.020661412e-08	1.065889983e-13	0	0	0	0	0	0	0	0	0
0.001855086287	3.606644177e-08	1.657713322e-13	0	0	0	0	0	0	0	0	0
0.002114331669	5.452192973e-08	2.15930911e-13	0	0	0	0	0	0	0	0	0
0.002255892412	7.16683146e-08	2.471851358e-13	0	0	0	0	0	0	0	0	0
0.002272411044	8.303011562e-08	2.496589657e-13	0	0	0	0	0	0	0	0	0
0.002176629831	8.588131116e-08	2.296155023e-13	0	0	0	0	0	0	0	0	0
0.00199576085	8.004244064e-08	1.921447236e-13	0	0	0	0	0	0	0	0	0
0.001764249015	6.762645479e-08	1.490532337e-13	0	0	0	0	0	0	0	0	0
0.001516597212	5.212961015e-08	1.068113648e-13	0	0	0	0	0	0	0	0	0
0.001281527869	3.672572771e-08	7.237019885e-14	0	0	0	0	0	0	0	0	0
0.001079058294	2.374459366e-08	4.526474592e-14	0	0	0	0	0	0	0	0	0
0.0009199636643	1.41691519e-08	2.785167315e-14	0	0	0	0	0	0	0	0	0
0.0008072581521	8.010302429e-09	1.716318478e-14	0	0	0	0	0	0	0	0	0
0.0007382224781	4.723140516e-09	1.171576607e-14	0	0	0	0	0	0	0	0	0
0.000706128063	3.58576528e-09	7.726479157e-15	0	0	0	0	0	0	0	0	0
0.0007017399325	3.773966154e-09	4.515104267e-15	0	0	0	0	0	0	0	0	0
0.0007146888276	4.713741219e-09	5.258756467e-15	0	0	0	0	0	0	0	0	0
0.0007347906267	6.30922156e-09	8.925445378e-15	0	0	0	0	0	0	0	0	0
0.0007532164974	8.689204761e-09	9.888542262e-15	0	0	0	0	0	0	0	0	0
0.0007634630252	1.205746544e-08	1.537767301e-14	0	0	0	0	0	0	0	0	0
0.0007624484602	1.664468762e-08	1.827428353e-14	0	0	0	0	0	0	0	0	0
0.000751694802	2.267548033e-08	2.421814799e-14	0	0	0	0	0	0	0	0	0
0.0007381043249	3.028081624e-08	3.057222694e-14	0	0	0	0	0	0	0	0	0
0.0007329859226	3.943592712e-08	3.609282966e-14	0	0	0	0	0	0	0	0	0
0.0007476315256	4.98246617e-08	4.240098817e-14	0	0	0	0	0	0	0	0	0
0.0007863705843	6.060032003e-08	4.611647907e-14	0	0	0	0	0	0	0	0	0
0.0008422354052	7.02541766e-08	4.682091428e-14	0	0	0	0	0	0	0	0	0
0.0008989855775	7.650385499e-08	4.692029266e-14	0	0	0	0	0	0	0	0	0
0.0009357867752	7.668341711e-08	3.746977387e-14	0	0	0	0	0	0	0	0	0
0.000930938438	6.880209682e-08	2.874278558e-14	0	0	0	0	0	0	0	0	0
0.000866103407	5.328730517e-08	2.03855886e-14	0	0	0	0	0	0	0	0	0
0.0007349739252	3.393019057e-08	1.485344075e-14	0	0	0	0	0	0	0	0	0
0.0005611001825	1.655050513e-08	4.191557524e-15	0	0	0	0	0	0	0	0	0
0.0004281289534	5.453036964e-09	2.447499432e-15	0	0	0	0	0	0	0	0	0
0.0004428323212	1.238880043e-09	1.058095164e-14	0	0	0	0	0	0	0	0	0
0.000541826452	1.597762889e-09	7.720833967e-15	0	0	0	0	0	0	0	0	0
0.0006339305128	3.080928867e-09	1.008812891e-15	0	0	0	0	0	0	0	0	0
0.0007743834662	5.833146393e-09	8.595611467e-15	0	0	0	0	0	0	0	0	0
0.001058421865	8.88321222e-09	8.887092101e-15	0	0	0	0	0	0	0	0	0
0.001456103586	1.156395968e-08	6.224357482e-15	0	0	0	0	0	0	0	0	0
0.001857983329	1.60020552e-08	1.102693374e-14	0	0	0	0	0	0	0	0	0
0.002166856502	2.590097243e-08	1.737750458e-14	0	0	0	0	0	0	0	0	0
0.002329050899	4.113560441e-08	1.690646782e-14	0	0	0	0	0	0	0	0	0
0.002338082045	5.806127388e-08	1.725045821e-14	0	0	0	0	0	0	0	0	0
0.002224762516	7.197806231e-08	1.511755698e-14	0	0	0	0	0	0	0	0	0
0.002038615286	7.919219358e-08	1.422400594e-14	0	0	0	0	0	0	0	0	0
0.001827131698	7.889489647e-08	1.055229243e-14	0	0	0	0	0	0	0	0	0
0.001621643634	7.221362383e-08	8.309142053e-15	0	0	0	0	0	0	0	0	0
0.001433736478	6.157454071e-08	8.821516571e-15	0	0	0	0	0	0	0	0	0
0.001262078575	4.962073213e-08	5.833423938e-15	0	0	0	0	0	0	0	0	0
0.001102777817	3.814933992e-08	5.167792035e-15	0	0	0	0	0	0	0	0	0
0.0009574141892	2.821828396e-08	6.547156071e-15	0	0	0	0	0	0	0	0	0
0.0008367913565	2.017452307e-08	1.008417396e-14	0	0	0	0	0	0	0	0	0
0.0007598471257	1.415689039e-08	1.300249738e-14	0	0	0	0	0	0	0	0	0
0.0007437827041	1.016770714e-08	1.726614038e-14	0	0	0	0	0	0	0	0	0
0.000787703866	8.391830763e-09	2.493905284e-14	0	0	0	0	0	0	0	0	0
0.0008692547967	8.871621665e-09	3.182610097e-14	0	0	0	0	0	0	0	0	0
0.0009587142038	1.095464574e-08	4.240320118e-14	0	0	0	0	0	0	0	0	0
0.001030322221	1.408553581e-08	5.76606199e-14	0	0	0	0	0	0	0	0	0
0.001065851552	1.817654817e-08	7.668555922e-14	0	0	0	0	0	0	0	0	0
0.001056250725	2.351304268e-08	1.043049559e-13	0	0	0	0	0	0	0	0	0
0.001003773562	3.057250715e-08	1.388173884e-13	0	0	0	0	0	0	0	0	0
0.0009245224649	3.982558246e-08	1.843364361e-13	0	0	0	0	0	0	0	0	0
0.0008485650787	5.154649817e-08	2.421185015e-13	0	0	0	0	0	0	0	0	0
0.0008120451065	6.592402115e-08	3.130105809e-13	0	0	0	0	0	0	0	0	0
0.0008357592183	8.269083958e-08	3.960404008e-13	0	0	0	0	0	0	0	0	0
0.0009102240144	1.008999272e-07	4.857493666e-13	0	0	0	0	0	0	0	0	0
0.001008624555	1.185364343e-07	5.706496877e-13	0	0	0	0	0	0	0	0	0
0.001106033538	1.318485735e-07	6.303775977e-13	0	0	0	0	0	0	0	0	0
0.001181885414	1.358626995e-07	6.396499746e-13	0	0	0	0	0	0	0	0	0
0.001214224438	1.259429889e-07	5.770683323e-13	0	0	0	0	0	0	0	0	0
0.001179501108	1.009434692e-07	4.422720742e-13	0	0	0	0	0	0	0	0	0
0.00106473026	6.665651591e-08	2.729230595e-13	0	0	0	0	0	0	0	0	0
0.0008951090026	3.384977066e-08	1.232563859e-13	0	0	0	0	0	0	0	0	0
0.0007637094618	1.196839159e-08	3.32897846e-14	0	0	0	0	0	0	0	0	0
0.0007692843348	3.942517754e-09	7.844191072e-15	0	0	0	0	0	0	0	0	0
0.0008545517196	4.690394019e-09	4.417998877e-15	0	0	0	0	0	0	0	0	0
0.0009249340344	7.892901305e-09	7.947834812e-15	0	0	0	0	0	0	0	0	0
0.001047096637	1.349537929e-08	3.210571279e-15	0	0	0	0	0	0	0	0	0
0.001360059686	1.891718021e-08	2.870357307e-14	0	0	0	0	0	0	0	0	0
0.001831878439	2.136062603e-08	9.160958327e-14	0	0	0	0	0	0	0	0	0
0.002311726539	2.049444167e-08	1.762578708e-13	0	0	0	0	0	0	0	0	0
0.002674482793	2.544059356e-08	2.477313793e-13	0	0	0	0	0	0	0	0	0
0.002859936713	4.696532027e-08	2.889477437e-13	0	0	0	0	0	0	0	0	0
0.002868387492	7.624409392e-08	2.904406682e-13	0	0	0	0	0	0	0	0	0
0.002740306894	1.032753111e-07	2.689662527e-13	0	0	0	0	0	0	0	0	0
0.002529722123	1.204773531e-07	2.381950297e-13	0	0	0	0	0	0	0	0	0
0.002282086895	1.246236639e-07	2.039796904e-13	0	0	0	0	0	0	0	0	0
0.00202361392	1.171481949e-07	1.73171372e-13	0	0	0	0	0	0	0	0	0
0.001764159499	1.016571789e-07	1.467440903e-13	0	0	0	0	0	0	0	0	0
0.001507083753	8.221850721e-08	1.227103848e-13	0	0	0	0	0	0	0	0	0
0.001259107944	6.23932575e-08	1.015149657e-13	0	0	0	0	0	0	0	0	0
0.001037825817	4.461010876e-08	8.315908027e-14	0	0	0	0	0	0	0	0	0
0.0008773321866	3.021084633e-08	6.753978832e-14	0	0	0	0	0	0	0	0	0
0.0008226475825	2.007469064e-08	5.464158319e-14	0	0	0	0	0	0	0	0	0
0.0008911006808	1.521035209e-08	4.573396974e-14	0	0	0	0	0	0	0	0	0
0.001044660125	1.603107525e-08	3.783145172e-14	0	0	0	0	0	0	0	0	0
0.001225677046	2.05168663e-08	3.406929622e-14	0	0	0	0	0	0	0	0	0
0.001386871379	2.690221868e-08	3.572842339e-14	0	0	0	0	0	0	0	0	0
0.001494727515	3.471838936e-08	4.22859104e-14	0	0	0	0	0	0	0	0	0
0.001530389977	4.438000027e-08	5.062793236e-14	0	0	0	0	0	0	0	0	0
0.001492813472	5.687838972e-08	6.383156756e-14	0	0	0	0	0	0	0	0	0
0.001402120811	7.347357895e-08	8.162651618e-14	0	0	0	0	0	0	0	0	0
0.001299347742	9.505609371e-08	1.033763223e-13	0	0	0	0	0	0	0	0	0
0.001236694431	1.216299953e-07	1.305417111e-13	0	0	0	0	0	0	0	0	0
0.001250268148	1.514876761e-07	1.596037336e-13	0	0	0	0	0	0	0	0	0
0.001332305447	1.804339192e-07	1.836472313e-13	0	0	0	0	0	0	0	0	0
0.00143959318	2.006620639e-07	1.89384102e-13	0	0	0	0	0	0	0	0	0
0.001519783356	2.021854566e-07	1.737136887e-13	0	0	0	0	0	0	0	0	0
0.00152355565	1.773781557e-07	1.311918868e-13	0	0	0	0	0	0	0	0	0
0.00141109499	1.289229175e-07	8.347589884e-14	0	0	0	0	0	0	0	0	0
0.001179594639	7.265964145e-08	4.243108556e-14	0	0	0	0	0	0	0	0	0
0.0009216081713	2.874347115e-08	1.184464008e-14	0	0	0	0	0	0	0	0	0
0.0008440416073	7.252437873e-09	2.868198173e-15	0	0	0	0	0	0	0	0	0
0.0009771998366	6.436095047e-09	3.181753157e-15	0	0	0	0	0	0	0	0	0
0.001127165675	1.258162702e-08	2.543755684e-15	0	0	0	0	0	0	0	0	0
0.001321809043	2.464030445e-08	4.339361526e-15	0	0	0	0	0	0	0	0	0
0.00176927914	3.841671963e-08	9.008862245e-15	0	0	0	0	0	0	0	0	0
0.002455690988	4.702141178e-08	2.009840969e-14	0	0	0	0	0	0	0	0	0
0.003150569979	4.667210647e-08	3.061061153e-14	0	0	0	0	0	0	0	0	0
0.003633295094	4.294511304e-08	4.107549575e-14	0	0	0	0	0	0	0	0	0
0.003782098739	5.151362236e-08	4.290220015e-14	0	0	0	0	0	0	0	0	0
0.003596122998	7.369226985e-08	3.559429838e-14	0	0	0	0	0	0	0	0	0
0.00317911954	9.348248164e-08	2.54419033e-14	0	0	0	0	0	0	0	0	0
0.002686771979	9.97350632e-08	1.738371056e-14	0	0	0	0	0	0	0	0	0
0.002253894215	9.265331015e-08	1.296986151e-14	0	0	0	0	0	0	0	0	0
0.001935671802	7.774824402e-08	7.826516458e-15	0	0	0	0	0	0	0	0	0
0.001705928761	6.107783662e-08	5.255839293e-15	0	0	0	0	0	0	0	0	0
0.001509681557	4.627536717e-08	4.198859471e-15	0	0	0	0	0	0	0	0	0
0.001309828352	3.383868984e-08	6.045686441e-15	0	0	0	0	0	0	0	0	0
0.001099576561	2.399930986e-08	9.629005237e-15	0	0	0	0	0	0	0	0	0
0.000901735635	1.691671549e-08	2.091912092e-14	0	0	0	0	0	0	0	0	0
0.0007714292658	1.365462206e-08	3.675547196e-14	0	0	0	0	0	0	0	0	0
0.0007786496674	1.501624926e-08	5.847738988e-14	0	0	0	0	0	0	0	0	0
0.0009327563539	1.978933565e-08	8.345338222e-14	0	0	0	0	0	0	0	0	0
0.001172767176	2.684915641e-08	1.13634161e-13	0	0	0	0	0	0	0	0	0
0.001436091017	3.576650441e-08	1.477263065e-13	0	0	0	0	0	0	0	0	0
0.001675421456	4.608213833e-08	1.894904097e-13	0	0	0	0	0	0	0	0	0
0.001852940412	5.723412764e-08	2.383321737e-13	0	0	0	0	0	0	0	0	0
0.00194072617	6.900454498e-08	2.971074788e-13	0	0	0	0	0	0	0	0	0
0.001925618483	8.193273423e-08	3.665768412e-13	0	0	0	0	0	0	0	0	0
0.001814826013	9.719978355e-08	4.506512148e-13	0	0	0	0	0	0	0	0	0
0.00164077776	1.1552797e-07	5.487019682e-13	0	0	0	0	0	0	0	0	0
0.001461917965	1.369743309e-07	6.57481324e-13	0	0	0	0	0	0	0	0	0
0.001348061174	1.599992853e-07	7.69730812e-13	0	0	0	0	0	0	0	0	0
0.001337792237	1.810835158e-07	8.661234263e-13	0	0	0	0	0	0	0	0	0
0.001402615575	1.942114537e-07	9.187835924e-13	0	0	0	0	0	0	0	0	0
0.001474755065	1.918825989e-07	8.917814142e-13	0	0	0	0	0	0	0	0	0
0.001492119799	1.684712705e-07	7.609943236e-13	0	0	0	0	0	0	0	0	0
0.001416403539	1.258869253e-07	5.437918731e-13	0	0	0	0	0	0	0	0	0
0.001248961239	7.607090417e-08	3.02237559e-13	0	0	0	0	0	0	0	0	0
0.001065912194	3.481955209e-08	1.171464826e-13	0	0	0	0	0	0	0	0	0
0.001009785838	1.163861195e-08	2.449688839e-14	0	0	0	0	0	0	0	0	0
0.00110715502	7.314211234e-09	1.014142428e-14	0	0	0	0	0	0	0	0	0
0.001218053647	1.066990579e-08	1.16906115e-14	0	0	0	0	0	0	0	0	0
0.001305802545	1.794830952e-08	1.250470698e-14	0	0	0	0	0	0	0	0	0
0.001519955249	2.698316834e-08	1.385760797e-14	0	0	0	0	0	0	0	0	0
0.001949496724	3.244937019e-08	7.969878253e-14	0	0	0	0	0	0	0	0	0
0.002458786113	3.126764328e-08	1.764780225e-13	0	0	0	0	0	0	0	0	0
0.002864057265	2.392681671e-08	2.612275816e-13	0	0	0	0	0	0	0	0	0
0.003062677853	2.236675476e-08	2.963584335e-13	0	0	0	0	0	0	0	0	0
0.003049167426	4.281083137e-08	2.808338025e-13	0	0	0	0	0	0	0	0	0
0.0028856946	6.856554762e-08	2.397958125e-13	0	0	0	0	0	0	0	0	0
0.00265351858	8.612594796e-08	1.928687451e-13	0	0	0	0	0	0	0	0	0
0.002409362468	9.185354139e-08	1.55027069e-13	0	0	0	0	0	0	0	0	0
0.002169748893	8.720337823e-08	1.263254572e-13	0	0	0	0	0	0	0	0	0
0.001926702684	7.628954166e-08	1.031726373e-13	0	0	0	0	0	0	0	0	0
0.001671811603	6.335052136e-08	8.357998415e-14	0	0	0	0	0	0	0	0	0
0.001409339109	5.053597002e-08	6.917402539e-14	0	0	0	0	0	0	0	0	0
0.001159186464	3.942278431e-08	5.87822803e-14	0	0	0	0	0	0	0	0	0
0.0009609560814	3.022525224e-08	5.493830099e-14	0	0	0	0	0	0	0	0	0
0.0008775727046	2.335173606e-08	5.641500916e-14	0	0	0	0	0	0	0	0	0
0.0009564745578	2.035302873e-08	5.658893756e-14	0	0	0	0	0	0	0	0	0
0.001167946313	2.269411778e-08	5.844509375e-14	0	0	0	0	0	0	0	0	0
0.001440401607	2.939256501e-08	5.574914325e-14	0	0	0	0	0	0	0	0	0
0.001711145999	3.814106058e-08	5.255926156e-14	0	0	0	0	0	0	0	0	0
0.001930576266	4.728668461e-08	5.26663562e-14	0	0	0	0	0	0	0	0	0
0.002059706682	5.569357039e-08	5.844326646e-14	0	0	0	0	0	0	0	0	0
0.002074457813	6.335385684e-08	6.763630723e-14	0	0	0	0	0	0	0	0	0
0.00197312987	7.103141847e-08	7.888096106e-14	0	0	0	0	0	0	0	0	0
0.001782368521	8.078066613e-08	9.238463121e-14	0	0	0	0	0	0	0	0	0
0.001558378198	9.42864757e-08	1.151259387e-13	0	0	0	0	0	0	0	0	0
0.001378557556	1.125739727e-07	1.523895995e-13	0	0	0	0	0	0	0	0	0
0.001307919496	1.362776638e-07	2.038736549e-13	0	0	0	0	0	0	0	0	0
0.001349883667	1.645889252e-07	2.597055835e-13	0	0	0	0	0	0	0	0	0
0.0014516548	1.948211513e-07	3.011514067e-13	0	0	0	0	0	0	0	0	0
0.001562762817	2.228150763e-07	3.121474538e-13	0	0	0	0	0	0	0	0	0
0.001659604979	2.424078864e-07	2.84246094e-13	0	0	0	0	0	0	0	0	0
0.001731584552	2.45502879e-07	2.185838917e-13	0	0	0	0	0	0	0	0	0
0.001760823842	2.23774244e-07	1.430892327e-13	0	0	0	0	0	0	0	0	0
0.00171376242	1.755340506e-07	7.769300916e-14	0	0	0	0	0	0	0	0	0
0.001559493779	1.122825579e-07	3.477807771e-14	0	0	0	0	0	0	0	0	0
0.001322467205	5.461007159e-08	1.317684478e-14	0	0	0	0	0	0	0	0	0
0.00114052066	1.80636878e-08	6.151067161e-15	0	0	0	0	0	0	0	0	0
0.0011744958	7.074152842e-09	1.09709613e-14	0	0	0	0	0	0	0	0	0
0.001360130807	1.113703083e-08	8.939172325e-15	0	0	0	0	0	0	0	0	0
0.001574135778	2.10086471e-08	1.986884978e-14	0	0	0	0	0	0	0	0	0
0.001852992724	3.231082761e-08	3.234381652e-14	0	0	0	0	0	0	0	0	0
0.002269432219	4.274094543e-08	3.365153178e-14	0	0	0	0	0	0	0	0	0
0.002780773916	5.279152082e-08	2.816795001e-14	0	0	0	0	0	0	0	0	0
0.003269510318	5.522110216e-08	2.650674631e-14	0	0	0	0	0	0	0	0	0
0.003633109971	4.339969375e-08	3.060281182e-14	0	0	0	0	0	0	0	0	0
0.003817310915	4.355292462e-08	3.465392777e-14	0	0	0	0	0	0	0	0	0
0.003814895535	8.485131612e-08	3.588268344e-14	0	0	0	0	0	0	0	0	0
0.003651368854	1.337206849e-07	3.35307215e-14	0	0	0	0	0	0	0	0	0
0.003367322949	1.699961497e-07	3.123607136e-14	0	0	0	0	0	0	0	0	0
0.003003499574	1.849438649e-07	3.141483808e-14	0	0	0	0	0	0	0	0	0
0.002593542745	1.785080281e-07	3.658355337e-14	0	0	0	0	0	0	0	0	0
0.002163309495	1.545222038e-07	6.347477709e-14	0	0	0	0	0	0	0	0	0
0.001737291183	1.217618488e-07	9.951756676e-14	0	0	0	0	0	0	0	0	0
0.001353572551	8.94541242e-08	1.404111283e-13	0	0	0	0	0	0	0	0	0
0.001089038125	6.534948233e-08	1.78242697e-13	0	0	0	0	0	0	0	0	0
0.001048991765	5.432931533e-08	2.096602123e-13	0	0	0	0	0	0	0	0	0
0.001229533441	5.443904328e-08	2.397687262e-13	0	0	0	0	0	0	0	0	0
0.001502530448	5.991910441e-08	2.694816891e-13	0	0	0	0	0	0	0	0	0
0.001764796683	6.761788311e-08	3.031636599e-13	0	0	0	0	0	0	0	0	0
0.001966542532	7.64601344e-08	3.394744194e-13	0	0	0	0	0	0	0	0	0
0.002087623438	8.64540618e-08	3.881165852e-13	0	0	0	0	0	0	0	0	0
0.00212326852	9.875455863e-08	4.498597238e-13	0	0	0	0	0	0	0	0	0
0.002081273605	1.15408667e-07	5.316733529e-13	0	0	0	0	0	0	0	0	0
0.001984667865	1.38966175e-07	6.403586232e-13	0	0	0	0	0	0	0	0	0
0.001871652223	1.699698187e-07	7.777355868e-13	0	0	0	0	0	0	0	0	0
0.001786032384	2.071687308e-07	9.475544608e-13	0	0	0	0	0	0	0	0	0
0.001758199833	2.47540904e-07	1.142324271e-12	0	0	0	0	0	0	0	0	0
0.001788439671	2.861548573e-07	1.337261145e-12	0	0	0	0	0	0	0	0	0
0.001849873056	3.147416345e-07	1.48259308e-12	0	0	0	0	0	0	0	0	0
0.00190279484	3.202490759e-07	1.499229484e-12	0	0	0	0	0	0	0	0	0
0.001899243597	2.895669385e-07	1.327701524e-12	0	0	0	0	0	0	0	0	0
0.001784858658	2.208429896e-07	9.660618097e-13	0	0	0	0	0	0	0	0	0
0.00152715795	1.335312399e-07	5.334593913e-13	0	0	0	0	0	0	0	0	0
0.001189489606	5.87284294e-08	1.959795273e-13	0	0	0	0	0	0	0	0	0
0.001008949838	1.626996965e-08	3.393953034e-14	0	0	0	0	0	0	0	0	0
0.001146391878	9.568284495e-09	1.075190211e-14	0	0	0	0	0	0	0	0	0
0.001400657782	1.812061006e-08	2.395879518e-14	0	0	0	0	0	0	0	0	0
0.001717123929	3.59890671e-08	3.279418137e-14	0	0	0	0	0	0	0	0	0
0.002237312576	5.616447856e-08	1.122336212e-14	0	0	0	0	0	0	0	0	0
0.002948412212	7.136765167e-08	1.362024768e-13	0	0	0	0	0	0	0	0	0
0.00365826641	7.627988861e-08	3.215341632e-13	0	0	0	0	0	0	0	0	0
0.004177745437	6.420516539e-08	4.852531013e-13	0	0	0	0	0	0	0	0	0
0.004405304706	4.706319344e-08	5.668532836e-13	0	0	0	0	0	0	0	0	0
0.004334301005	6.279933501e-08	5.408728212e-13	0	0	0	0	0	0	0	0	0
0.004028061667	9.805208934e-08	4.55966144e-13	0	0	0	0	0	0	0	0	0
0.003581230808	1.230406915e-07	3.51961885e-13	0	0	0	0	0	0	0	0	0
0.003081549435	1.295971183e-07	2.617246913e-13	0	0	0	0	0	0	0	0	0
0.002586828308	1.199733255e-07	1.915346252e-13	0	0	0	0	0	0	0	0	0
0.002124229056	1.01205447e-07	1.485740892e-13	0	0	0	0	0	0	0	0	0
0.001703957191	7.985182424e-08	1.256892637e-13	0	0	0	0	0	0	0	0	0
0.001334503707	6.047465015e-08	1.133139915e-13	0	0	0	0	0	0	0	0	0
0.001033000408	4.70775051e-08	1.066041872e-13	0	0	0	0	0	0	0	0	0
0.0008350380968	4.112256091e-08	1.011993133e-13	0	0	0	0	0	0	0	0	0
0.0007949159515	4.136890863e-08	9.421893038e-14	0	0	0	0	0	0	0	0	0
0.0009306233363	4.456283389e-08	8.644419253e-14	0	0	0	0	0	0	0	0	0
0.001187720752	4.891262569e-08	7.643560621e-14	0	0	0	0	0	0	0	0	0
0.001496051786	5.433526684e-08	6.925849514e-14	0	0	0	0	0	0	0	0	0
0.001799017942	6.094369291e-08	6.054386065e-14	0	0	0	0	0	0	0	0	0
0.002053012379	6.833453925e-08	5.775361158e-14	0	0	0	0	0	0	0	0	0
0.002227787677	7.582943827e-08	6.120174888e-14	0	0	0	0	0	0	0	0	0
0.002307397993	8.32668188e-08	7.170059351e-14	0	0	0	0	0	0	0	0	0
0.002290670687	9.177387791e-08	9.134660837e-14	0	0	0	0	0	0	0	0	0
0.002191888804	1.031923709e-07	1.243584191e-13	0	0	0	0	0	0	0	0	0
0.002041515755	1.187125821e-07	1.669858124e-13	0	0	0	0	0	0	0	0	0
0.001883329631	1.37884743e-07	2.159187283e-13	0	0	0	0	0	0	0	0	0
0.001762084334	1.574137829e-07	2.602674505e-13	0	0	0	0	0	0	0	0	0
0.001699212443	1.72121479e-07	2.824859878e-13	0	0	0	0	0	0	0	0	0
0.001673865981	1.753139298e-07	2.785441695e-13	0	0	0	0	0	0	0	0	0
0.001632310261	1.609944249e-07	2.341172896e-13	0	0	0	0	0	0	0	0	0
0.001516779639	1.280849868e-07	1.656476451e-13	0	0	0	0	0	0	0	0	0
0.00129401815	8.394738771e-08	8.957410386e-14	0	0	0	0	0	0	0	0	0
0.0009892221427	4.215603205e-08	3.615751089e-14	0	0	0	0	0	0	0	0	0
0.0007374580425	1.422353474e-08	1.121317666e-14	0	0	0	0	0	0	0	0	0
0.0007324437223	3.551171191e-09	2.093938401e-15	0	0	0	0	0	0	0	0	0
0.0008846206415	4.994202788e-09	3.371144344e-15	0	0	0	0	0	0	0	0	0
0.0010519728	9.553233944e-09	2.281982732e-15	0	0	0	0	0	0	0	0	0
0.001354429857	1.726015392e-08	8.65649575e-15	0	0	0	0	0	0	0	0	0
0.001914352138	2.592706689e-08	2.782123525e-14	0	0	0	0	0	0	0	0	0
0.002626283786	3.209762941e-08	6.047396974e-14	0	0	0	0	0	0	0	0	0
0.003299654791	3.417712189e-08	9.140097845e-14	0	0	0	0	0	0	0	0	0
0.003785739971	4.227070764e-08	1.049840472e-13	0	0	0	0	0	0	0	0	0
0.004010654538	6.686485132e-08	8.922580215e-14	0	0	0	0	0	0	0	0	0
0.003974951105	9.503887085e-08	6.25568581e-14	0	0	0	0	0	0	0	0	0
0.003732251749	1.120838795e-07	3.754226141e-14	0	0	0	0	0	0	0	0	0
0.003355711245	1.116593769e-07	2.321339927e-14	0	0	0	0	0	0	0	0	0
0.002908741124	9.710219291e-08	1.676595712e-14	0	0	0	0	0	0	0	0	0
0.002434898318	7.502183149e-08	1.399664083e-14	0	0	0	0	0	0	0	0	0
0.001965323686	5.286033676e-08	7.548121254e-15	0	0	0	0	0	0	0	0	0
0.001528036209	3.437318596e-08	8.07577654e-15	0	0	0	0	0	0	0	0	0
0.001152707242	2.098685808e-08	9.439457934e-15	0	0	0	0	0	0	0	0	0
0.0008771818329	1.365871666e-08	2.970568585e-14	0	0	0	0	0	0	0	0	0
0.0007555304237	1.502590697e-08	6.308333816e-14	0	0	0	0	0	0	0	0	0
0.0008183121795	2.144570137e-08	9.633092007e-14	0	0	0	0	0	0	0	0	0
0.00101577726	2.855397269e-08	1.28742573e-13	0	0	0	0	0	0	0	0	0
0.001276731489	3.52413895e-08	1.581096371e-13	0	0	0	0	0	0	0	0	0
0.001552125656	4.164764537e-08	1.797661587e-13	0	0	0	0	0	0	0	0	0
0.001806949337	4.777280386e-08	1.959756201e-13	0	0	0	0	0	0	0	0	0
0.002013207064	5.345976222e-08	2.127779877e-13	0	0	0	0	0	0	0	0	0
0.002150081185	5.844862749e-08	2.316272277e-13	0	0	0	0	0	0	0	0	0
0.002205885562	6.314302428e-08	2.534346228e-13	0	0	0	0	0	0	0	0	0
0.002179803048	6.897812568e-08	2.864046572e-13	0	0	0	0	0	0	0	0	0
0.002083803651	7.82305434e-08	3.314828463e-13	0	0	0	0	0	0	0	0	0
0.001943161876	9.249417994e-08	3.948618662e-13	0	0	0	0	0	0	0	0	0
0.001794515956	1.121955e-07	4.839321985e-13	0	0	0	0	0	0	0	0	0
0.001676963259	1.371323098e-07	6.012107344e-13	0	0	0	0	0	0	0	0	0
0.001616925974	1.673379983e-07	7.55623884e-13	0	0	0	0	0	0	0	0	0
0.001617664327	2.030839524e-07	9.459930184e-13	0	0	0	0	0	0	0	0	0
0.001666912585	2.430387881e-07	1.154690447e-12	0	0	0	0	0	0	0	0	0
0.001750968731	2.81474248e-07	1.350792999e-12	0	0	0	0	0	0	0	0	0
0.001852863198	3.057606257e-07	1.451771633e-12	0	0	0	0	0	0	0	0	0
0.001932438642	2.979075843e-07	1.372648161e-12	0	0	0	0	0	0	0	0	0
0.001917525293	2.466179632e-07	1.082532529e-12	0	0	0	0	0	0	0	0	0
0.001734406206	1.624363993e-07	6.561890214e-13	0	0	0	0	0	0	0	0	0
0.001397850406	7.776826205e-08	2.717055083e-13	0	0	0	0	0	0	0	0	0
0.001156643284	2.262741455e-08	5.828166803e-14	0	0	0	0	0	0	0	0	0
0.001357132291	9.406749228e-09	5.041633028e-15	0	0	0	0	0	0	0	0	0
0.001805611263	1.981455285e-08	1.189251357e-14	0	0	0	0	0	0	0	0	0
0.002238503306	3.503727437e-08	3.028533286e-14	0	0	0	0	0	0	0	0	0
0.002686125607	5.309011678e-08	2.131316846e-14	0	0	0	0	0	0	0	0	0
0.003276036109	7.53136277e-08	8.599682971e-14	0	0	0	0	0	0	0	0	0
0.004022024412	9.830208804e-08	3.153270136e-13	0	0	0	0	0	0	0	0	0
0.004795286273	1.173098314e-07	6.266415647e-13	0	0	0	0	0	0	0	0	0
0.005410337393	1.351518115e-07	9.127456192e-13	0	0	0	0	0	0	0	0	0
0.005700816347	1.470673899e-07	1.065540438e-12	0	0	0	0	0	0	0	0	0
0.005570676976	1.469176421e-07	1.024122173e-12	0	0	0	0	0	0	0	0	0
0.00502207411	1.361302353e-07	8.288629971e-13	0	0	0	0	0	0	0	0	0
0.004153707821	1.187271207e-07	5.604983626e-13	0	0	0	0	0	0	0	0	0
0.003131043175	9.5899733e-08	3.191186809e-13	0	0	0	0	0	0	0	0	0
0.002142792202	6.927335046e-08	1.708008892e-13	0	0	0	0	0	0	0	0	0
0.001360303539	4.684492712e-08	1.061015105e-13	0	0	0	0	0	0	0	0	0
0.0008985782702	3.680054688e-08	9.196980425e-14	0	0	0	0	0	0	0	0	0
0.0007401918946	3.818302108e-08	9.56721838e-14	0	0	0	0	0	0	0	0	0
0.0007466657549	4.267748091e-08	1.01747017e-13	0	0	0	0	0	0	0	0	0
0.0008595151088	4.67093069e-08	1.112311821e-13	0	0	0	0	0	0	0	0	0
0.001078283133	5.027924679e-08	1.219098793e-13	0	0	0	0	0	0	0	0	0
0.001366233266	5.421397177e-08	1.387793667e-13	0	0	0	0	0	0	0	0	0
0.001669582619	5.914250364e-08	1.59315052e-13	0	0	0	0	0	0	0	0	0
0.001943818808	6.487182421e-08	1.738002267e-13	0	0	0	0	0	0	0	0	0
0.002156304822	7.173014669e-08	1.871173914e-13	0	0	0	0	0	0	0	0	0
0.002284303272	7.909173835e-08	1.95641127e-13	0	0	0	0	0	0	0	0	0
0.002314904729	8.788856346e-08	2.021766672e-13	0	0	0	0	0	0	0	0	0
0.002247165655	9.951794897e-08	2.096200604e-13	0	0	0	0	0	0	0	0	0
0.002095873017	1.163845693e-07	2.194389852e-13	0	0	0	0	0	0	0	0	0
0.001895515357	1.408591738e-07	2.30898271e-13	0	0	0	0	0	0	0	0	0
0.001702477627	1.751985222e-07	2.436322609e-13	0	0	0	0	0	0	0	0	0
0.001585376875	2.208921664e-07	2.602149303e-13	0	0	0	0	0	0	0	0	0
0.0015925188	2.775500609e-07	2.745617332e-13	0	0	0	0	0	0	0	0	0
0.001717127838	3.39725672e-07	2.819598493e-13	0	0	0	0	0	0	0	0	0
0.001906204032	3.927494544e-07	2.734283154e-13	0	0	0	0	0	0	0	0	0
0.002086107427	4.113973795e-07	2.300055523e-13	0	0	0	0	0	0	0	0	0
0.002165449563	3.703422373e-07	1.645779496e-13	0	0	0	0	0	0	0	0	0
0.002047688828	2.685315935e-07	9.461792275e-14	0	0	0	0	0	0	0	0	0
0.001701822427	1.443476782e-07	4.157557808e-14	0	0	0	0	0	0	0	0	0
0.001308168589	4.936080012e-08	1.077214999e-14	0	0	0	0	0	0	0	0	0
0.001297289813	9.986939638e-09	9.695993793e-15	0	0	0	0	0	0	0	0	0
0.001649289205	1.648309345e-08	1.571747421e-14	0	0	0	0	0	0	0	0	0
0.002001842167	3.704205541e-08	2.653126397e-14	0	0	0	0	0	0	0	0	0
0.002404742829	7.012178205e-08	3.467503867e-14	0	0	0	0	0	0	0	0	0
0.003102065589	1.103019202e-07	4.061270362e-14	0	0	0	0	0	0	0	0	0
0.0040857617	1.451763138e-07	4.971712081e-14	0	0	0	0	0	0	0	0	0
0.005104226987	1.608931411e-07	7.105539487e-14	0	0	0	0	0	0	0	0	0
0.005878395631	1.556058224e-07	9.175854553e-14	0	0	0	0	0	0	0	0	0
0.006201525486	1.375355671e-07	9.849751308e-14	0	0	0	0	0	0	0	0	0
0.005983236704	1.187875527e-07	8.678878018e-14	0	0	0	0	0	0	0	0	0
0.005272292251	1.094094071e-07	6.231280377e-14	0	0	0	0	0	0	0	0	0
0.00424346766	1.024266696e-07	3.821780193e-14	0	0	0	0	0	0	0	0	0
0.003139294457	8.560698799e-08	1.698904531e-14	0	0	0	0	0	0	0	0	0
0.002185704827	6.183086152e-08	1.525634883e-14	0	0	0	0	0	0	0	0	0
0.001512540926	4.03382391e-08	3.352905179e-14	0	0	0	0	0	0	0	0	0
0.001114438593	2.836076636e-08	5.727763598e-14	0	0	0	0	0	0	0	0	0
0.0008950011409	2.543140254e-08	8.32864625e-14	0	0	0	0	0	0	0	0	0
0.000772591821	2.718501051e-08	1.045357249e-13	0	0	0	0	0	0	0	0	0
0.0007296589632	3.030775273e-08	1.239310574e-13	0	0	0	0	0	0	0	0	0
0.0007938037184	3.348910563e-08	1.410429369e-13	0	0	0	0	0	0	0	0	0
0.0009887518094	3.65959045e-08	1.550221553e-13	0	0	0	0	0	0	0	0	0
0.001294271854	4.037512012e-08	1.696915496e-13	0	0	0	0	0	0	0	0	0
0.001661244372	4.616900329e-08	1.854136358e-13	0	0	0	0	0	0	0	0	0
0.00203578019	5.479614305e-08	2.078968216e-13	0	0	0	0	0	0	0	0	0
0.00236875544	6.562040728e-08	2.389031797e-13	0	0	0	0	0	0	0	0	0
0.002619580496	7.729449949e-08	2.80145803e-13	0	0	0	0	0	0	0	0	0
0.002758501902	8.931655673e-08	3.385135907e-13	0	0	0	0	0	0	0	0	0
0.002769078547	1.026145516e-07	4.171418013e-13	0	0	0	0	0	0	0	0	0
0.002652092182	1.204702047e-07	5.248221207e-13	0	0	0	0	0	0	0	0	0
0.002431842303	1.458241332e-07	6.648905281e-13	0	0	0	0	0	0	0	0	0
0.002162790093	1.795022485e-07	8.359836549e-13	0	0	0	0	0	0	0	0	0
0.00192939564	2.19332663e-07	1.026589786e-12	0	0	0	0	0	0	0	0	0
0.0018129674	2.580023788e-07	1.204207827e-12	0	0	0	0	0	0	0	0	0
0.001821198991	2.823936846e-07	1.299822671e-12	0	0	0	0	0	0	0	0	0
0.001864683335	2.759964419e-07	1.242823848e-12	0	0	0	0	0	0	0	0	0
0.001823187309	2.285247308e-07	9.875364391e-13	0	0	0	0	0	0	0	0	0
0.001616231755	1.500575054e-07	6.073231985e-13	0	0	0	0	0	0	0	0	0
0.001272608813	7.098151553e-08	2.562717742e-13	0	0	0	0	0	0	0	0	0
0.001036397829	2.02772879e-08	5.52379018e-14	0	0	0	0	0	0	0	0	0
0.001187672641	9.285216306e-09	8.473067575e-15	0	0	0	0	0	0	0	0	0
0.001500830891	1.532083198e-08	1.571608841e-14	0	0	0	0	0	0	0	0	0
0.00179254621	2.912549812e-08	3.787444995e-14	0	0	0	0	0	0	0	0	0
0.002254078724	5.253074575e-08	2.614321408e-14	0	0	0	0	0	0	0	0	0
0.003081383198	7.998399057e-08	9.747868226e-14	0	0	0	0	0	0	0	0	0
0.004147242585	1.026037529e-07	3.525400129e-13	0	0	0	0	0	0	0	0	0
0.005162076269	1.192438941e-07	6.748221126e-13	0	0	0	0	0	0	0	0	0
0.005855335457	1.342446111e-07	9.290774434e-13	0	0	0	0	0	0	0	0	0
0.006044315196	1.431283349e-07	1.008441062e-12	0	0	0	0	0	0	0	0	0
0.005674966331	1.390845751e-07	8.860495432e-13	0	0	0	0	0	0	0	0	0
0.004843175491	1.228672009e-07	6.214520763e-13	0	0	0	0	0	0	0	0	0
0.003773808091	9.280374353e-08	3.52721064e-13	0	0	0	0	0	0	0	0	0
0.00274446209	5.978398043e-08	1.587833692e-13	0	0	0	0	0	0	0	0	0
0.001964839422	3.241927138e-08	5.738115437e-14	0	0	0	0	0	0	0	0	0
0.001470281577	1.710527656e-08	1.973262533e-14	0	0	0	0	0	0	0	0	0
0.001155052682	1.011814256e-08	9.857436311e-15	0	0	0	0	0	0	0	0	0
0.0009369469919	6.937328996e-09	7.707335716e-15	0	0	0	0	0	0	0	0	0
0.0008125280746	7.757499325e-09	1.627294164e-14	0	0	0	0	0	0	0	0	0
0.0007910108927	1.461380384e-08	3.09870088e-14	0	0	0	0	0	0	0	0	0
0.0008656010802	2.52657525e-08	4.718332754e-14	0	0	0	0	0	0	0	0	0
0.001038748597	3.724103982e-08	6.154938276e-14	0	0	0	0	0	0	0	0	0
0.001312973416	4.925508411e-08	6.846226959e-14	0	0	0	0	0	0	0	0	0
0.001665518425	6.139588469e-08	7.045129935e-14	0	0	0	0	0	0	0	0	0
0.002051075842	7.429781063e-08	7.350394392e-14	0	0	0	0	0	0	0	0	0
0.002416370578	8.823908903e-08	7.27619332e-14	0	0	0	0	0	0	0	0	0
0.002711019757	1.025818226e-07	7.580563494e-14	0	0	0	0	0	0	0	0	0
0.002893830496	1.166525269e-07	8.41963348e-14	0	0	0	0	0	0	0	0	0
0.002937389623	1.313806372e-07	9.693990451e-14	0	0	0	0	0	0	0	0	0
0.002833628176	1.500200417e-07	1.22432793e-13	0	0	0	0	0	0	0	0	0
0.002601819388	1.767232205e-07	1.544165716e-13	0	0	0	0	0	0	0	0	0
0.002298448159	2.157693976e-07	2.029257757e-13	0	0	0	0	0	0	0	0	0
0.002022354496	2.696979399e-07	2.60500917e-13	0	0	0	0	0	0	0	0	0
0.001887889752	3.395719023e-07	3.314431595e-13	0	0	0	0	0	0	0	0	0
0.001945106606	4.224153574e-07	4.087435199e-13	0	0	0	0	0	0	0	0	0
0.002137558889	5.064554201e-07	4.593513404e-13	0	0	0	0	0	0	0	0	0
0.002370325309	5.654201262e-07	4.63421759e-13	0	0	0	0	0	0	0	0	0
0.002551463718	5.607424299e-07	3.93558379e-13	0	0	0	0	0	0	0	0	0
0.002580361631	4.650190184e-07	2.605830033e-13	0	0	0	0	0	0	0	0	0
0.002374642467	3.002119319e-07	1.213804782e-13	0	0	0	0	0	0	0	0	0
0.001986991569	1.368619259e-07	4.2759479e-14	0	0	0	0	0	0	0	0	0
0.001724181135	3.733811364e-08	1.314711592e-14	0	0	0	0	0	0	0	0	0
0.001850431607	1.989429362e-08	4.58716566e-15	0	0	0	0	0	0	0	0	0
0.002143668087	3.474467264e-08	4.911527944e-15	0	0	0	0	0	0	0	0	0
0.002529207311	7.35734203e-08	1.321000054e-14	0	0	0	0	0	0	0	0	0
0.003310438258	1.308037139e-07	6.47330205e-14	0	0	0	0	0	0	0	0	0
0.004543706717	1.888203123e-07	1.597508553e-13	0	0	0	0	0	0	0	0	0
0.005893810157	2.24023661e-07	2.606848466e-13	0	0	0	0	0	0	0	0	0
0.006956383114	2.201011835e-07	3.140484097e-13	0	0	0	0	0	0	0	0	0
0.007418746676	1.817833047e-07	2.940964761e-13	0	0	0	0	0	0	0	0	0
0.007130433729	1.26483007e-07	2.085144935e-13	0	0	0	0	0	0	0	0	0
0.006154961612	8.570453601e-08	1.102326512e-13	0	0	0	0	0	0	0	0	0
0.004768994719	6.934282979e-08	4.316446e-14	0	0	0	0	0	0	0	0	0
0.003369260088	5.521280878e-08	1.804630935e-14	0	0	0	0	0	0	0	0	0
0.002297373404	3.715014003e-08	8.609381434e-15	0	0	0	0	0	0	0	0	0
0.001660399407	2.475134222e-08	5.856258144e-15	0	0	0	0	0	0	0	0	0
0.001329812434	2.015067603e-08	1.638777421e-14	0	0	0	0	0	0	0	0	0
0.001166648382	2.401149904e-08	6.415925735e-14	0	0	0	0	0	0	0	0	0
0.001103644597	3.94623338e-08	1.488920143e-13	0	0	0	0	0	0	0	0	0
0.001086114068	5.947889872e-08	2.544222166e-13	0	0	0	0	0	0	0	0	0
0.001101931858	7.663459307e-08	3.454629682e-13	0	0	0	0	0	0	0	0	0
0.001213588264	8.824923615e-08	4.129236509e-13	0	0	0	0	0	0	0	0	0
0.001484275448	9.563195145e-08	4.497851836e-13	0	0	0	0	0	0	0	0	0
0.001890060929	1.016503704e-07	4.698665352e-13	0	0	0	0	0	0	0	0	0
0.002348345582	1.090452171e-07	4.886927314e-13	0	0	0	0	0	0	0	0	0
0.002773102512	1.192379733e-07	5.091398468e-13	0	0	0	0	0	0	0	0	0
0.003093251991	1.310154342e-07	5.409388098e-13	0	0	0	0	0	0	0	0	0
0.003257565748	1.430437262e-07	5.916634992e-13	0	0	0	0	0	0	0	0	0
0.003238048789	1.562008667e-07	6.700263337e-13	0	0	0	0	0	0	0	0	0
0.003035924286	1.747024113e-07	7.905032605e-13	0	0	0	0	0	0	0	0	0
0.002691046787	2.046054317e-07	9.663503652e-13	0	0	0	0	0	0	0	0	0
0.002292840568	2.511011708e-07	1.217876815e-12	0	0	0	0	0	0	0	0	0
0.001979305829	3.180535362e-07	1.567618586e-12	0	0	0	0	0	0	0	0	0
0.001882172081	4.072238133e-07	2.027140314e-12	0	0	0	0	0	0	0	0	0
0.002016010274	5.166045311e-07	2.58292662e-12	0	0	0	0	0	0	0	0	0
0.002287842323	6.309438367e-07	3.134952191e-12	0	0	0	0	0	0	0	0	0
0.002599565669	7.128514965e-07	3.46714999e-12	0	0	0	0	0	0	0	0	0
0.002850234061	7.061256492e-07	3.30238196e-12	0	0	0	0	0	0	0	0	0
0.00290743097	5.741058201e-07	2.516627697e-12	0	0	0	0	0	0	0	0	0
0.002666859165	3.557077688e-07	1.395085148e-12	0	0	0	0	0	0	0	0	0
0.002222987211	1.506955591e-07	4.835555154e-13	0	0	0	0	0	0	0	0	0
0.001981901339	3.679773195e-08	6.486280192e-14	0	0	0	0	0	0	0	0	0
0.002174677381	2.834596516e-08	3.460142694e-14	0	0	0	0	0	0	0	0	0
0.002491723116	5.730098231e-08	9.454803664e-14	0	0	0	0	0	0	0	0	0
0.002911473339	1.15892816e-07	1.584670139e-13	0	0	0	0	0	0	0	0	0
0.00374911284	1.897929491e-07	7.49657427e-14	0	0	0	0	0	0	0	0	0
0.004992049328	2.602229714e-07	2.980329519e-13	0	0	0	0	0	0	0	0	0
0.00627721435	2.970325285e-07	8.699063644e-13	0	0	0	0	0	0	0	0	0
0.007220041978	2.804132069e-07	1.403822158e-12	0	0	0	0	0	0	0	0	0
0.007548347874	2.205302077e-07	1.630950377e-12	0	0	0	0	0	0	0	0	0
0.007159440973	1.365693921e-07	1.443861505e-12	0	0	0	0	0	0	0	0	0
0.006154742679	7.391489395e-08	9.891384503e-13	0	0	0	0	0	0	0	0	0
0.004819732209	6.502433911e-08	5.233771091e-13	0	0	0	0	0	0	0	0	0
0.003517898508	6.475714756e-08	2.199761364e-13	0	0	0	0	0	0	0	0	0
0.002522091076	5.345077511e-08	8.653517409e-14	0	0	0	0	0	0	0	0	0
0.001884141588	4.153031232e-08	5.776368883e-14	0	0	0	0	0	0	0	0	0
0.001489663413	3.658082734e-08	6.886760843e-14	0	0	0	0	0	0	0	0	0
0.001234635871	4.400102201e-08	1.002653604e-13	0	0	0	0	0	0	0	0	0
0.001074097855	5.950332842e-08	1.381897875e-13	0	0	0	0	0	0	0	0	0
0.0009923367402	7.504951964e-08	1.708477547e-13	0	0	0	0	0	0	0	0	0
0.001032384526	8.703643095e-08	1.867952799e-13	0	0	0	0	0	0	0	0	0
0.001273503128	9.571159177e-08	1.801620075e-13	0	0	0	0	0	0	0	0	0
0.001706457336	1.031594905e-07	1.678057945e-13	0	0	0	0	0	0	0	0	0
0.002239748849	1.125705957e-07	1.456932735e-13	0	0	0	0	0	0	0	0	0
0.0027750053	1.263487063e-07	1.271834982e-13	0	0	0	0	0	0	0	0	0
0.00323198651	1.437040439e-07	1.173337051e-13	0	0	0	0	0	0	0	0	0
0.003551601785	1.620698482e-07	1.176975191e-13	0	0	0	0	0	0	0	0	0
0.00369578901	1.797422956e-07	1.299270841e-13	0	0	0	0	0	0	0	0	0
0.003648825029	1.987597122e-07	1.559047423e-13	0	0	0	0	0	0	0	0	0
0.003422487936	2.252699577e-07	1.936082145e-13	0	0	0	0	0	0	0	0	0
0.003066535529	2.64187595e-07	2.480703272e-13	0	0	0	0	0	0	0	0	0
0.002679320585	3.163183057e-07	3.176419994e-13	0	0	0	0	0	0	0	0	0
0.002397526679	3.737573658e-07	3.987835541e-13	0	0	0	0	0	0	0	0	0
0.002315595634	4.197658205e-07	4.653824807e-13	0	0	0	0	0	0	0	0	0
0.002377252195	4.287650072e-07	4.948150358e-13	0	0	0	0	0	0	0	0	0
0.002413442875	3.779910693e-07	4.514165923e-13	0	0	0	0	0	0	0	0	0
0.002270780181	2.70270544e-07	3.420853037e-13	0	0	0	0	0	0	0	0	0
0.00191340195	1.453274968e-07	1.96013616e-13	0	0	0	0	0	0	0	0	0
0.001541472773	5.168003033e-08	7.8040317e-14	0	0	0	0	0	0	0	0	0
0.001538004511	1.596617492e-08	1.953554998e-14	0	0	0	0	0	0	0	0	0
0.001828815965	2.126119635e-08	1.125724437e-14	0	0	0	0	0	0	0	0	0
0.002087775798	3.924621902e-08	5.752347576e-15	0	0	0	0	0	0	0	0	0
0.002450988519	7.291394261e-08	9.23463548e-15	0	0	0	0	0	0	0	0	0
0.003292874571	1.162121554e-07	2.425659013e-14	0	0	0	0	0	0	0	0	0
0.004588367134	1.541575828e-07	1.077750022e-13	0	0	0	0	0	0	0	0	0
0.005979215362	1.726310559e-07	2.655826814e-13	0	0	0	0	0	0	0	0	0
0.007084528826	1.714845027e-07	4.504514714e-13	0	0	0	0	0	0	0	0	0
0.007608840585	1.585848975e-07	5.607049592e-13	0	0	0	0	0	0	0	0	0
0.007396409741	1.41639354e-07	5.335306587e-13	0	0	0	0	0	0	0	0	0
0.006483643272	1.225111411e-07	3.765189751e-13	0	0	0	0	0	0	0	0	0
0.00511936108	9.667047323e-08	1.785184411e-13	0	0	0	0	0	0	0	0	0
0.003702144827	6.397856758e-08	3.660337509e-14	0	0	0	0	0	0	0	0	0
0.002583089013	3.53980802e-08	9.28505719e-15	0	0	0	0	0	0	0	0	0
0.001827746261	1.921397031e-08	7.616785309e-15	0	0	0	0	0	0	0	0	0
0.00130002312	1.06072216e-08	3.976300595e-15	0	0	0	0	0	0	0	0	0
0.001001824773	8.917036796e-09	2.489945121e-14	0	0	0	0	0	0	0	0	0
0.0009949541613	2.963850584e-08	1.479708053e-13	0	0	0	0	0	0	0	0	0
0.001123070636	7.158876181e-08	3.649747716e-13	0	0	0	0	0	0	0	0	0
0.001260026015	1.195870931e-07	6.145701892e-13	0	0	0	0	0	0	0	0	0
0.001435834956	1.596421813e-07	8.157029914e-13	0	0	0	0	0	0	0	0	0
0.001715024386	1.863295615e-07	9.423471986e-13	0	0	0	0	0	0	0	0	0
0.002098075003	2.013216388e-07	9.985784936e-13	0	0	0	0	0	0	0	0	0
0.00252565637	2.097751926e-07	1.020395038e-12	0	0	0	0	0	0	0	0	0
0.00292563721	2.160760485e-07	1.026536768e-12	0	0	0	0	0	0	0	0	0
0.003238263981	2.226531713e-07	1.035223554e-12	0	0	0	0	0	0	0	0	0
0.003422281591	2.304692282e-07	1.060199891e-12	0	0	0	0	0	0	0	0	0
0.003455371562	2.41158451e-07	1.115614928e-12	0	0	0	0	0	0	0	0	0
0.003336265773	2.570016929e-07	1.203193782e-12	0	0	0	0	0	0	0	0	0
0.00309034865	2.814488695e-07	1.336537954e-12	0	0	0	0	0	0	0	0	0
0.002777318006	3.171553523e-07	1.515721317e-12	0	0	0	0	0	0	0	0	0
0.002491948185	3.627050879e-07	1.728294271e-12	0	0	0	0	0	0	0	0	0
0.002332289485	4.118602057e-07	1.943194885e-12	0	0	0	0	0	0	0	0	0
0.002328170195	4.505001331e-07	2.095644082e-12	0	0	0	0	0	0	0	0	0
0.002403983743	4.562606382e-07	2.079118408e-12	0	0	0	0	0	0	0	0	0
0.002431605605	4.064026709e-07	1.797926299e-12	0	0	0	0	0	0	0	0	0
0.002294775534	3.002795637e-07	1.260557758e-12	0	0	0	0	0	0	0	0	0
0.001949437378	1.710462737e-07	6.521518842e-13	0	0	0	0	0	0	0	0	0
0.001539032823	6.764070684e-08	2.140503578e-13	0	0	0	0	0	0	0	0	0
0.001433484907	1.733209652e-08	2.483375487e-14	0	0	0	0	0	0	0	0	0
0.001674438745	1.687926642e-08	1.352438507e-14	0	0	0	0	0	0	0	0	0
0.001928292185	3.090487409e-08	3.881126179e-14	0	0	0	0	0	0	0	0	0
0.002300246614	6.046343421e-08	5.80577831e-14	0	0	0	0	0	0	0	0	0
0.003173399397	9.921291723e-08	1.411263281e-14	0	0	0	0	0	0	0	0	0
0.004493619648	1.393940616e-07	2.212547397e-13	0	0	0	0	0	0	0	0	0
0.005871359583	1.618804063e-07	5.402033437e-13	0	0	0	0	0	0	0	0	0
0.006927774036	1.562506234e-07	8.328806087e-13	0	0	0	0	0	0	0	0	0
0.007393380433	1.303098571e-07	9.811892726e-13	0	0	0	0	0	0	0	0	0
0.007149582838	1.078200202e-07	9.23802659e-13	0	0	0	0	0	0	0	0	0
0.006265989488	9.649637285e-08	7.139771741e-13	0	0	0	0	0	0	0	0	0
0.005002432726	8.243983123e-08	4.409511267e-13	0	0	0	0	0	0	0	0	0
0.003714801831	6.02174425e-08	2.184838496e-13	0	0	0	0	0	0	0	0	0
0.002649458236	3.596379637e-08	8.804060446e-14	0	0	0	0	0	0	0	0	0
0.001823374388	1.932564748e-08	2.848361599e-14	0	0	0	0	0	0	0	0	0
0.001215321178	1.009341879e-08	9.830643303e-15	0	0	0	0	0	0	0	0	0
0.0009562610471	1.352789544e-08	2.696620919e-14	0	0	0	0	0	0	0	0	0
0.001029471855	4.314821079e-08	6.860522576e-14	0	0	0	0	0	0	0	0	0
0.001167109315	8.761198344e-08	1.354133876e-13	0	0	0	0	0	0	0	0	0
0.001284477226	1.296034802e-07	1.925772933e-13	0	0	0	0	0	0	0	0	0
0.001458531308	1.58307624e-07	2.26057163e-13	0	0	0	0	0	0	0	0	0
0.001759253902	1.723458134e-07	2.352849672e-13	0	0	0	0	0	0	0	0	0
0.002159954067	1.764264746e-07	2.263055907e-13	0	0	0	0	0	0	0	0	0
0.002579750357	1.763452661e-07	2.101352248e-13	0	0	0	0	0	0	0	0	0
0.002941735001	1.75797335e-07	1.965023479e-13	0	0	0	0	0	0	0	0	0
0.003191120513	1.766470791e-07	1.936926977e-13	0	0	0	0	0	0	0	0	0
0.003297731038	1.792876919e-07	1.993751131e-13	0	0	0	0	0	0	0	0	0
0.003254062993	1.858866461e-07	2.222001656e-13	0	0	0	0	0	0	0	0	0
0.003077007446	1.987507304e-07	2.554387118e-13	0	0	0	0	0	0	0	0	0
0.002810531317	2.217057359e-07	3.045679952e-13	0	0	0	0	0	0	0	0	0
0.002526030581	2.570652218e-07	3.699384666e-13	0	0	0	0	0	0	0	0	0
0.002307748152	3.056021775e-07	4.456198281e-13	0	0	0	0	0	0	0	0	0
0.002214041982	3.663534767e-07	5.104762858e-13	0	0	0	0	0	0	0	0	0
0.002241402272	4.336324249e-07	5.513140165e-13	0	0	0	0	0	0	0	0	0
0.00233818371	4.92864862e-07	5.399850177e-13	0	0	0	0	0	0	0	0	0
0.002441097639	5.170815577e-07	4.601369622e-13	0	0	0	0	0	0	0	0	0
0.002476557629	4.748815818e-07	3.216215144e-13	0	0	0	0	0	0	0	0	0
0.002355737624	3.576223178e-07	1.683610325e-13	0	0	0	0	0	0	0	0	0
0.002023245957	2.04052218e-07	6.731452871e-14	0	0	0	0	0	0	0	0	0
0.00158680972	7.790286903e-08	1.956781e-14	0	0	0	0	0	0	0	0	0
0.001412154464	1.577251778e-08	4.020991815e-15	0	0	0	0	0	0	0	0	0
0.001698511896	1.472869161e-08	3.953455878e-15	0	0	0	0	0	0	0	0	0
0.00223543325	3.652926186e-08	3.923922571e-14	0	0	0	0	0	0	0	0	0
0.003011251567	7.719790333e-08	1.229155512e-13	0	0	0	0	0	0	0	0	0
0.004050846014	1.264985179e-07	2.431647966e-13	0	0	0	0	0	0	0	0	0
0.005180508684	1.681180009e-07	3.447642551e-13	0	0	0	0	0	0	0	0	0
0.006152832585	1.854824954e-07	3.709027902e-13	0	0	0	0	0	0	0	0	0
0.00678297341	1.813871632e-07	3.130824944e-13	0	0	0	0	0	0	0	0	0
0.006984052836	1.665072307e-07	2.094778235e-13	0	0	0	0	0	0	0	0	0
0.006747541246	1.37371055e-07	1.246066007e-13	0	0	0	0	0	0	0	0	0
0.006110578553	9.945542275e-08	7.958790399e-14	0	0	0	0	0	0	0	0	0
0.005150249573	6.650325208e-08	4.80329396e-14	0	0	0	0	0	0	0	0	0
0.00400169896	4.498356605e-08	2.481409456e-14	0	0	0	0	0	0	0	0	0
0.002850050383	3.180312331e-08	1.08792242e-14	0	0	0	0	0	0	0	0	0
0.001885759458	2.379032732e-08	5.303202504e-14	0	0	0	0	0	0	0	0	0
0.001262080495	3.216857286e-08	1.505916086e-13	0	0	0	0	0	0	0	0	0
0.001014659946	5.532341563e-08	2.865556526e-13	0	0	0	0	0	0	0	0	0
0.0009662602836	7.883963481e-08	4.072859169e-13	0	0	0	0	0	0	0	0	0
0.0009669406962	9.628109416e-08	4.906774264e-13	0	0	0	0	0	0	0	0	0
0.001066291215	1.070200515e-07	5.318388996e-13	0	0	0	0	0	0	0	0	0
0.001355454505	1.129850301e-07	5.477779126e-13	0	0	0	0	0	0	0	0	0
0.001794590163	1.170591246e-07	5.466925566e-13	0	0	0	0	0	0	0	0	0
0.00228179228	1.220615439e-07	5.419493736e-13	0	0	0	0	0	0	0	0	0
0.002733425216	1.298295731e-07	5.416992194e-13	0	0	0	0	0	0	0	0	0
0.003094018329	1.401265906e-07	5.569809173e-13	0	0	0	0	0	0	0	0	0
0.003329967006	1.520372631e-07	5.863613145e-13	0	0	0	0	0	0	0	0	0
0.003425087114	1.661284213e-07	6.435206149e-13	0	0	0	0	0	0	0	0	0
0.003379608895	1.844968389e-07	7.281514459e-13	0	0	0	0	0	0	0	0	0
0.003212584727	2.093721796e-07	8.492853052e-13	0	0	0	0	0	0	0	0	0
0.002965912307	2.431361791e-07	1.007412099e-12	0	0	0	0	0	0	0	0	0
0.002705664375	2.846036698e-07	1.197246566e-12	0	0	0	0	0	0	0	0	0
0.002508026736	3.278570018e-07	1.391155033e-12	0	0	0	0	0	0	0	0	0
0.00241596204	3.595898105e-07	1.535347494e-12	0	0	0	0	0	0	0	0	0
0.002392354818	3.60891446e-07	1.529599582e-12	0	0	0	0	0	0	0	0	0
0.002326364566	3.1481727e-07	1.30964671e-12	0	0	0	0	0	0	0	0	0
0.002093430663	2.235167887e-07	8.918567643e-13	0	0	0	0	0	0	0	0	0
0.001633882621	1.183176805e-07	4.348790017e-13	0	0	0	0	0	0	0	0	0
0.001065777801	3.979491988e-08	1.220253736e-13	0	0	0	0	0	0	0	0	0
0.0008286468745	6.029859653e-09	9.113018505e-15	0	0	0	0	0	0	0	0	0
0.001076290382	6.559365616e-09	9.708677119e-15	0	0	0	0	0	0	0	0	0
0.00138266516	1.745009545e-08	2.608108263e-14	0	0	0	0	0	0	0	0	0
0.001947781252	4.152073959e-08	4.187861046e-14	0	0	0	0	0	0	0	0	0
0.003066315787	7.791595422e-08	4.797764419e-14	0	0	0	0	0	0	0	0	0
0.004553957329	1.187494767e-07	2.923318988e-13	0	0	0	0	0	0	0	0	0
0.006049299073	1.626839911e-07	6.595551549e-13	0	0	0	0	0	0	0	0	0
0.007214396318	2.052171162e-07	1.025200171e-12	0	0	0	0	0	0	0	0	0
0.007787575932	2.193696035e-07	1.252849832e-12	0	0	0	0	0	0	0	0	0
0.007629851567	1.963120216e-07	1.232920759e-12	0	0	0	0	0	0	0	0	0
0.006773369596	1.442155509e-07	9.836610555e-13	0	0	0	0	0	0	0	0	0
0.005437970002	8.939571136e-08	6.227791382e-13	0	0	0	0	0	0	0	0	0
0.003969872892	4.787812928e-08	2.93141897e-13	0	0	0	0	0	0	0	0	0
0.002694203366	2.367895795e-08	9.728645488e-14	0	0	0	0	0	0	0	0	0
0.001768408824	1.225314109e-08	1.86250338e-14	0	0	0	0	0	0	0	0	0
0.001186697604	6.474411035e-09	2.379998094e-15	0	0	0	0	0	0	0	0	0
0.0009176214946	7.909899043e-09	9.132621731e-15	0	0	0	0	0	0	0	0	0
0.0009130205388	2.917173742e-08	3.808421416e-14	0	0	0	0	0	0	0	0	0
0.00102310164	6.297864123e-08	9.104282788e-14	0	0	0	0	0	0	0	0	0
0.001139477697	9.692531274e-08	1.555364352e-13	0	0	0	0	0	0	0	0	0
0.001262620549	1.218395556e-07	2.162212151e-13	0	0	0	0	0	0	0	0	0
0.001446094322	1.353303473e-07	2.415974407e-13	0	0	0	0	0	0	0	0	0
0.001724176509	1.396300905e-07	2.531479424e-13	0	0	0	0	0	0	0	0	0
0.002075160333	1.390786507e-07	2.452374886e-13	0	0	0	0	0	0	0	0	0
0.002445553998	1.375063342e-07	2.317310613e-13	0	0	0	0	0	0	0	0	0
0.002779948718	1.372807371e-07	2.236841617e-13	0	0	0	0	0	0	0	0	0
0.003033929896	1.391910055e-07	2.173443041e-13	0	0	0	0	0	0	0	0	0
0.003177224773	1.426661484e-07	2.253888741e-13	0	0	0	0	0	0	0	0	0
0.003193867612	1.486151681e-07	2.433012205e-13	0	0	0	0	0	0	0	0	0
0.003084506213	1.589655351e-07	2.755204735e-13	0	0	0	0	0	0	0	0	0
0.002870388741	1.755546729e-07	3.242107611e-13	0	0	0	0	0	0	0	0	0
0.002597695888	1.998517606e-07	3.827621148e-13	0	0	0	0	0	0	0	0	0
0.002335812488	2.301372053e-07	4.535038354e-13	0	0	0	0	0	0	0	0	0
0.002156972603	2.61244744e-07	5.220872489e-13	0	0	0	0	0	0	0	0	0
0.002088789681	2.839855203e-07	5.627961196e-13	0	0	0	0	0	0	0	0	0
0.002082225363	2.847644631e-07	5.450696536e-13	0	0	0	0	0	0	0	0	0
0.002036862898	2.510175763e-07	4.524113113e-13	0	0	0	0	0	0	0	0	0
0.001854448833	1.831595331e-07	2.934536754e-13	0	0	0	0	0	0	0	0	0
0.00149527629	1.020939032e-07	1.311060967e-13	0	0	0	0	0	0	0	0	0
0.001069622373	3.791337666e-08	3.575111941e-14	0	0	0	0	0	0	0	0	0
0.0009243917843	7.591340343e-09	2.618573715e-15	0	0	0	0	0	0	0	0	0
0.001161928235	7.22132518e-09	5.261789206e-15	0	0	0	0	0	0	0	0	0
0.001481699333	1.488572073e-08	1.025891936e-14	0	0	0	0	0	0	0	0	0
0.002004119978	3.401989928e-08	2.835846055e-15	0	0	0	0	0	0	0	0	0
0.002990558939	6.535103186e-08	6.237134036e-14	0	0	0	0	0	0	0	0	0
0.004336845284	1.035495259e-07	2.074932773e-13	0	0	0	0	0	0	0	0	0
0.005724212845	1.374419215e-07	3.994413287e-13	0	0	0	0	0	0	0	0	0
0.006827895706	1.609437941e-07	5.61673295e-13	0	0	0	0	0	0	0	0	0
0.007387874826	1.64006706e-07	6.099740649e-13	0	0	0	0	0	0	0	0	0
0.007256560728	1.469964974e-07	5.206205237e-13	0	0	0	0	0	0	0	0	0
0.00644580659	1.152431227e-07	3.284076481e-13	0	0	0	0	0	0	0	0	0
0.005151799076	7.948967257e-08	1.3438354e-13	0	0	0	0	0	0	0	0	0
0.003709956533	4.746126701e-08	2.565579223e-14	0	0	0	0	0	0	0	0	0
0.002457104211	2.317059068e-08	1.129420861e-14	0	0	0	0	0	0	0	0	0
0.001569327136	9.720873229e-09	2.165302305e-15	0	0	0	0	0	0	0	0	0
0.001037064606	4.480420144e-09	4.07582878e-15	0	0	0	0	0	0	0	0	0
0.0008185561415	6.60560084e-09	2.849896803e-14	0	0	0	0	0	0	0	0	0
0.0008628380605	2.625417007e-08	1.234233115e-13	0	0	0	0	0	0	0	0	0
0.001012864978	5.783709012e-08	2.867358881e-13	0	0	0	0	0	0	0	0	0
0.001167595623	8.936904329e-08	4.434192854e-13	0	0	0	0	0	0	0	0	0
0.001331678673	1.115811197e-07	5.447659937e-13	0	0	0	0	0	0	0	0	0
0.00155161444	1.221452041e-07	5.833894872e-13	0	0	0	0	0	0	0	0	0
0.001851733883	1.237188812e-07	5.777570045e-13	0	0	0	0	0	0	0	0	0
0.002207067758	1.208558557e-07	5.421813379e-13	0	0	0	0	0	0	0	0	0
0.002564902821	1.177495623e-07	5.10245929e-13	0	0	0	0	0	0	0	0	0
0.002870173207	1.162325654e-07	4.798486175e-13	0	0	0	0	0	0	0	0	0
0.003078560099	1.165720773e-07	4.618927869e-13	0	0	0	0	0	0	0	0	0
0.003160682647	1.186935329e-07	4.69619689e-13	0	0	0	0	0	0	0	0	0
0.003105355239	1.232383544e-07	5.009873303e-13	0	0	0	0	0	0	0	0	0
0.002922915712	1.330133099e-07	5.553665797e-13	0	0	0	0	0	0	0	0	0
0.00264916018	1.504001059e-07	6.518792089e-13	0	0	0	0	0	0	0	0	0
0.002346239899	1.778182992e-07	7.937896954e-13	0	0	0	0	0	0	0	0	0
0.002093200556	2.166480234e-07	9.931764047e-13	0	0	0	0	0	0	0	0	0
0.001955880072	2.671765735e-07	1.252721132e-12	0	0	0	0	0	0	0	0	0
0.001950798331	3.269057641e-07	1.546827963e-12	0	0	0	0	0	0	0	0	0
0.002043523486	3.858361603e-07	1.826005899e-12	0	0	0	0	0	0	0	0	0
0.002176228507	4.227882223e-07	1.975518133e-12	0	0	0	0	0	0	0	0	0
0.00227321045	4.082925667e-07	1.845720703e-12	0	0	0	0	0	0	0	0	0
0.002236776069	3.255950459e-07	1.382386342e-12	0	0	0	0	0	0	0	0	0
0.001988155568	1.976384043e-07	7.566805775e-13	0	0	0	0	0	0	0	0	0
0.001588843299	8.032088721e-08	2.571442851e-13	0	0	0	0	0	0	0	0	0
0.001388514147	1.718371332e-08	3.543026812e-14	0	0	0	0	0	0	0	0	0
0.001720093581	1.234636986e-08	6.944849535e-15	0	0	0	0	0	0	0	0	0
0.00236491112	2.973743707e-08	2.927626762e-14	0	0	0	0	0	0	0	0	0
0.003173574234	6.641884232e-08	7.348397535e-14	0	0	0	0	0	0	0	0	0
0.004160463104	1.162733706e-07	4.214431891e-14	0	0	0	0	0	0	0	0	0
0.005256923333	1.663284147e-07	1.709943145e-13	0	0	0	0	0	0	0	0	0
0.006300885962	2.082797123e-07	5.63536083e-13	0	0	0	0	0	0	0	0	0
0.007120209854	2.433974427e-07	1.02314778e-12	0	0	0	0	0	0	0	0	0
0.007566317719	2.439065327e-07	1.362671738e-12	0	0	0	0	0	0	0	0	0
0.007511842388	1.945937455e-07	1.441122426e-12	0	0	0	0	0	0	0	0	0
0.006867404364	1.158061248e-07	1.212764638e-12	0	0	0	0	0	0	0	0	0
0.005653524304	5.330238208e-08	7.84816833e-13	0	0	0	0	0	0	0	0	0
0.004076864869	2.30998566e-08	3.631727747e-13	0	0	0	0	0	0	0	0	0
0.002522698212	1.471944121e-08	1.031305089e-13	0	0	0	0	0	0	0	0	0
0.001441350949	1.465108343e-08	2.162305499e-14	0	0	0	0	0	0	0	0	0
0.001061524969	3.232670275e-08	3.887345908e-14	0	0	0	0	0	0	0	0	0
0.001023156814	5.914153945e-08	7.451436463e-14	0	0	0	0	0	0	0	0	0
0.001058643224	8.488303726e-08	1.283813602e-13	0	0	0	0	0	0	0	0	0
0.00118230892	1.067914937e-07	2.226273012e-13	0	0	0	0	0	0	0	0	0
0.001365750523	1.261392037e-07	3.421768429e-13	0	0	0	0	0	0	0	0	0
0.001587154265	1.414875088e-07	4.470552455e-13	0	0	0	0	0	0	0	0	0
0.001867753414	1.495185318e-07	5.047633106e-13	0	0	0	0	0	0	0	0	0
0.002214227971	1.501683664e-07	5.096818386e-13	0	0	0	0	0	0	0	0	0
0.002592796308	1.4724077e-07	4.74610208e-13	0	0	0	0	0	0	0	0	0
0.002948825083	1.452456554e-07	4.253094131e-13	0	0	0	0	0	0	0	0	0
0.003229444695	1.465118849e-07	3.821797878e-13	0	0	0	0	0	0	0	0	0
0.003394518587	1.512432462e-07	3.517466894e-13	0	0	0	0	0	0	0	0	0
0.003419737898	1.600185624e-07	3.334434912e-13	0	0	0	0	0	0	0	0	0
0.003300049603	1.742422386e-07	3.301657775e-13	0	0	0	0	0	0	0	0	0
0.003054761393	1.961486831e-07	3.462303501e-13	0	0	0	0	0	0	0	0	0
0.002735208431	2.259312315e-07	3.642083684e-13	0	0	0	0	0	0	0	0	0
0.002425290406	2.591291746e-07	3.915764729e-13	0	0	0	0	0	0	0	0	0
0.002213013901	2.852823994e-07	4.015988907e-13	0	0	0	0	0	0	0	0	0
0.002118490084	2.882372037e-07	3.848171394e-13	0	0	0	0	0	0	0	0	0
0.002046642297	2.531523113e-07	3.171812934e-13	0	0	0	0	0	0	0	0	0
0.001852372062	1.806387906e-07	2.208953168e-13	0	0	0	0	0	0	0	0	0
0.001455462631	9.548794844e-08	1.160188207e-13	0	0	0	0	0	0	0	0	0
0.000960484135	3.120799709e-08	3.491949706e-14	0	0	0	0	0	0	0	0	0
0.0008142059389	5.287660065e-09	5.441582889e-15	0	0	0	0	0	0	0	0	0
0.001135524893	7.932013816e-09	7.878103758e-15	0	0	0	0	0	0	0	0	0
0.001491742411	1.82287287e-08	4.945419706e-15	0	0	0	0	0	0	0	0	0
0.001990192677	3.974054041e-08	1.151065638e-14	0	0	0	0	0	0	0	0	0
0.002932090772	7.458436582e-08	1.829057154e-14	0	0	0	0	0	0	0	0	0
0.004283415306	1.154843194e-07	9.588237493e-14	0	0	0	0	0	0	0	0	0
0.005774307199	1.700012594e-07	2.351096696e-13	0	0	0	0	0	0	0	0	0
0.00709425932	2.345288769e-07	4.065174967e-13	0	0	0	0	0	0	0	0	0
0.007952559238	2.617179258e-07	5.300516893e-13	0	0	0	0	0	0	0	0	0
0.008119626987	2.275900549e-07	5.493817692e-13	0	0	0	0	0	0	0	0	0
0.007488054685	1.481089018e-07	4.3688443e-13	0	0	0	0	0	0	0	0	0
0.006143317937	7.45923437e-08	2.522791299e-13	0	0	0	0	0	0	0	0	0
0.004397554921	3.260489661e-08	8.400666912e-14	0	0	0	0	0	0	0	0	0
0.002730248132	1.589587407e-08	8.69578868e-15	0	0	0	0	0	0	0	0	0
0.001580415441	9.384735395e-09	2.694194852e-15	0	0	0	0	0	0	0	0	0
0.0009949197181	4.955489124e-09	9.047632519e-15	0	0	0	0	0	0	0	0	0
0.0006865992517	2.64835848e-09	8.968121753e-15	0	0	0	0	0	0	0	0	0
0.0007302193148	1.255410981e-08	6.119121159e-14	0	0	0	0	0	0	0	0	0
0.001047408379	4.483676904e-08	2.078128708e-13	0	0	0	0	0	0	0	0	0
0.001328503104	9.130796097e-08	4.042356401e-13	0	0	0	0	0	0	0	0	0
0.001507253371	1.348076048e-07	5.905545968e-13	0	0	0	0	0	0	0	0	0
0.001647917321	1.638703877e-07	7.108244411e-13	0	0	0	0	0	0	0	0	0
0.001836249779	1.772679461e-07	7.712840763e-13	0	0	0	0	0	0	0	0	0
0.002108593292	1.801713599e-07	7.840116996e-13	0	0	0	0	0	0	0	0	0
0.002438780235	1.787406918e-07	7.801702963e-13	0	0	0	0	0	0	0	0	0
0.002771974601	1.773371003e-07	7.681933835e-13	0	0	0	0	0	0	0	0	0
0.003055058903	1.786410578e-07	7.695194276e-13	0	0	0	0	0	0	0	0	0
0.003246773696	1.831928506e-07	7.91123268e-13	0	0	0	0	0	0	0	0	0
0.003319589845	1.917659948e-07	8.33579956e-13	0	0	0	0	0	0	0	0	0
0.003260988819	2.053042329e-07	9.048870137e-13	0	0	0	0	0	0	0	0	0
0.003077661462	2.253168056e-07	1.010411075e-12	0	0	0	0	0	0	0	0	0
0.002802444615	2.528755644e-07	1.15196643e-12	0	0	0	0	0	0	0	0	0
0.002500279545	2.859560034e-07	1.304155552e-12	0	0	0	0	0	0	0	0	0
0.002258576086	3.178067996e-07	1.442547667e-12	0	0	0	0	0	0	0	0	0
0.002138707451	3.362643918e-07	1.511726337e-12	0	0	0	0	0	0	0	0	0
0.002109047916	3.244616702e-07	1.428222043e-12	0	0	0	0	0	0	0	0	0
0.002050132824	2.70935495e-07	1.146885417e-12	0	0	0	0	0	0	0	0	0
0.001837796158	1.835470305e-07	7.283855303e-13	0	0	0	0	0	0	0	0	0
0.001435448232	9.227387507e-08	3.26904576e-13	0	0	0	0	0	0	0	0	0
0.001021107369	2.906278985e-08	7.926068691e-14	0	0	0	0	0	0	0	0	0
0.001032154027	7.129480483e-09	2.435268104e-15	0	0	0	0	0	0	0	0	0
0.001397013153	1.182488666e-08	1.343338082e-14	0	0	0	0	0	0	0	0	0
0.001780275361	2.793775122e-08	3.962961108e-14	0	0	0	0	0	0	0	0	0
0.002320571713	5.715883192e-08	4.920091618e-14	0	0	0	0	0	0	0	0	0
0.003272487235	9.550070601e-08	3.102020273e-14	0	0	0	0	0	0	0	0	0
0.004579355148	1.315095798e-07	2.57827876e-13	0	0	0	0	0	0	0	0	0
0.005966541709	1.565310939e-07	5.98763889e-13	0	0	0	0	0	0	0	0	0
0.007125617775	1.72077264e-07	9.275001191e-13	0	0	0	0	0	0	0	0	0
0.007784359723	1.659211752e-07	1.119835959e-12	0	0	0	0	0	0	0	0	0
0.007750268555	1.379927204e-07	1.094221285e-12	0	0	0	0	0	0	0	0	0
0.006963695899	1.01375125e-07	8.451919231e-13	0	0	0	0	0	0	0	0	0
0.005551983469	6.646783702e-08	5.032307495e-13	0	0	0	0	0	0	0	0	0
0.003849330586	3.918999435e-08	2.069854489e-13	0	0	0	0	0	0	0	0	0
0.002328272604	2.028728896e-08	4.815578007e-14	0	0	0	0	0	0	0	0	0
0.001366698855	1.048649134e-08	7.005372033e-15	0	0	0	0	0	0	0	0	0
0.0008734259359	4.955505768e-09	1.057807706e-15	0	0	0	0	0	0	0	0	0
0.0005638873755	1.891401638e-09	2.784406447e-15	0	0	0	0	0	0	0	0	0
0.0006765927775	1.125969778e-08	3.260458603e-14	0	0	0	0	0	0	0	0	0
0.001055150183	4.20572454e-08	1.147953023e-13	0	0	0	0	0	0	0	0	0
0.001397640603	8.701185088e-08	2.254049509e-13	0	0	0	0	0	0	0	0	0
0.00168458206	1.294159251e-07	3.205868851e-13	0	0	0	0	0	0	0	0	0
0.001973957257	1.580300755e-07	3.64040502e-13	0	0	0	0	0	0	0	0	0
0.002296909386	1.716641289e-07	3.644633655e-13	0	0	0	0	0	0	0	0	0
0.002636391644	1.751765518e-07	3.398989507e-13	0	0	0	0	0	0	0	0	0
0.002948464396	1.743198222e-07	3.029379311e-13	0	0	0	0	0	0	0	0	0
0.003186791764	1.730033392e-07	2.759505086e-13	0	0	0	0	0	0	0	0	0
0.003315605652	1.73431282e-07	2.570800621e-13	0	0	0	0	0	0	0	0	0
0.003314883283	1.771226977e-07	2.505104733e-13	0	0	0	0	0	0	0	0	0
0.003184148646	1.864814041e-07	2.620992755e-13	0	0	0	0	0	0	0	0	0
0.002947371388	2.044846739e-07	2.859775412e-13	0	0	0	0	0	0	0	0	0
0.002656201165	2.335838179e-07	3.193509522e-13	0	0	0	0	0	0	0	0	0
0.002383992444	2.759242293e-07	3.636311842e-13	0	0	0	0	0	0	0	0	0
0.002202995748	3.325266621e-07	4.09105818e-13	0	0	0	0	0	0	0	0	0
0.002147823341	4.012226164e-07	4.524959179e-13	0	0	0	0	0	0	0	0	0
0.002202562818	4.723257294e-07	4.593054548e-13	0	0	0	0	0	0	0	0	0
0.002321160781	5.221722463e-07	4.308803253e-13	0	0	0	0	0	0	0	0	0
0.002434049221	5.148692993e-07	3.41368465e-13	0	0	0	0	0	0	0	0	0
0.002437056494	4.238063752e-07	2.233872433e-13	0	0	0	0	0	0	0	0	0
0.002221999429	2.694266023e-07	1.152569784e-13	0	0	0	0	0	0	0	0	0
0.001811636739	1.181817343e-07	4.606630235e-14	0	0	0	0	0	0	0	0	0
0.001558709284	2.854008876e-08	8.556851081e-15	0	0	0	0	0	0	0	0	0
0.001902918729	1.613004883e-08	1.888547073e-14	0	0	0	0	0	0	0	0	0
0.002633270534	3.749832547e-08	8.057514104e-14	0	0	0	0	0	0	0	0	0
0.003518110796	8.025986202e-08	2.045051066e-13	0	0	0	0	0	0	0	0	0
0.004544203069	1.372898233e-07	3.569256528e-13	0	0	0	0	0	0	0	0	0
0.005645542754	2.002709607e-07	4.766376882e-13	0	0	0	0	0	0	0	0	0
0.00666553493	2.501555564e-07	5.0421159e-13	0	0	0	0	0	0	0	0	0
0.007445072063	2.801104119e-07	4.276561151e-13	0	0	0	0	0	0	0	0	0
0.007862592496	2.736394532e-07	2.9176431e-13	0	0	0	0	0	0	0	0	0
0.00781271911	2.20078154e-07	1.900215215e-13	0	0	0	0	0	0	0	0	0
0.00719771835	1.423026906e-07	1.327300348e-13	0	0	0	0	0	0	0	0	0
0.005999596008	7.76803023e-08	8.821385994e-14	0	0	0	0	0	0	0	0	0
0.004390783757	3.612988233e-08	3.819172782e-14	0	0	0	0	0	0	0	0	0
0.002754477992	1.613935463e-08	2.232215263e-14	0	0	0	0	0	0	0	0	0
0.001580992593	2.164213781e-08	1.083483459e-13	0	0	0	0	0	0	0	0	0
0.001174338348	5.210805802e-08	2.799768936e-13	0	0	0	0	0	0	0	0	0
0.001157117245	8.90922819e-08	4.858295553e-13	0	0	0	0	0	0	0	0	0
0.001196077857	1.203457999e-07	6.477304967e-13	0	0	0	0	0	0	0	0	0
0.001321943812	1.437445178e-07	7.356322134e-13	0	0	0	0	0	0	0	0	0
0.001544105037	1.63464378e-07	7.662230068e-13	0	0	0	0	0	0	0	0	0
0.001836870799	1.808188069e-07	7.514620141e-13	0	0	0	0	0	0	0	0	0
0.002192322496	1.916173843e-07	7.180932439e-13	0	0	0	0	0	0	0	0	0
0.002589180669	1.947006553e-07	6.838702082e-13	0	0	0	0	0	0	0	0	0
0.002982170993	1.933564728e-07	6.652187001e-13	0	0	0	0	0	0	0	0	0
0.003319093045	1.921477461e-07	6.593170517e-13	0	0	0	0	0	0	0	0	0
0.003555649942	1.934346911e-07	6.781423141e-13	0	0	0	0	0	0	0	0	0
0.003661399003	1.992856616e-07	7.299931439e-13	0	0	0	0	0	0	0	0	0
0.00362248632	2.101207749e-07	8.066844496e-13	0	0	0	0	0	0	0	0	0
0.003445182222	2.275614162e-07	9.129826652e-13	0	0	0	0	0	0	0	0	0
0.003161597264	2.513731387e-07	1.043180405e-12	0	0	0	0	0	0	0	0	0
0.0028326704	2.767686766e-07	1.169995528e-12	0	0	0	0	0	0	0	0	0
0.002535688646	2.928313698e-07	1.245659117e-12	0	0	0	0	0	0	0	0	0
0.002316506837	2.844726145e-07	1.192194941e-12	0	0	0	0	0	0	0	0	0
0.002129217221	2.401675761e-07	9.780758145e-13	0	0	0	0	0	0	0	0	0
0.00185229707	1.647157628e-07	6.335810553e-13	0	0	0	0	0	0	0	0	0
0.001398915807	8.386762562e-08	2.933053722e-13	0	0	0	0	0	0	0	0	0
0.0008435994566	2.677033391e-08	7.477702682e-14	0	0	0	0	0	0	0	0	0
0.0006152323882	4.156413032e-09	8.127147816e-15	0	0	0	0	0	0	0	0	0
0.0009237428501	5.096828407e-09	1.064385705e-14	0	0	0	0	0	0	0	0	0
0.00131947786	1.436047004e-08	2.317447913e-14	0	0	0	0	0	0	0	0	0
0.001953327415	3.508481139e-08	2.39400197e-14	0	0	0	0	0	0	0	0	0
0.003050329313	6.724840808e-08	8.064870254e-14	0	0	0	0	0	0	0	0	0
0.004505284537	1.113625875e-07	3.516110227e-13	0	0	0	0	0	0	0	0	0
0.006050223148	1.788941998e-07	7.484153826e-13	0	0	0	0	0	0	0	0	0
0.007387267102	2.502243931e-07	1.165174029e-12	0	0	0	0	0	0	0	0	0
0.008233227192	2.706455058e-07	1.447922126e-12	0	0	0	0	0	0	0	0	0
0.008362682395	2.203750693e-07	1.473080918e-12	0	0	0	0	0	0	0	0	0
0.007673965887	1.306754617e-07	1.22000272e-12	0	0	0	0	0	0	0	0	0
0.006263980555	5.612402501e-08	7.745583682e-13	0	0	0	0	0	0	0	0	0
0.004468113971	2.464666255e-08	3.494866903e-13	0	0	0	0	0	0	0	0	0
0.002789500443	1.620012851e-08	8.863001892e-14	0	0	0	0	0	0	0	0	0
0.001645305398	8.996612735e-09	5.202140058e-15	0	0	0	0	0	0	0	0	0
0.001021192052	4.028857599e-09	4.772650161e-15	0	0	0	0	0	0	0	0	0
0.0006931492802	2.637761172e-09	2.936597504e-15	0	0	0	0	0	0	0	0	0
0.0008170168843	2.076656382e-08	2.774168776e-14	0	0	0	0	0	0	0	0	0
0.001178466876	6.50207501e-08	1.234862556e-13	0	0	0	0	0	0	0	0	0
0.001462177986	1.232450551e-07	2.771029379e-13	0	0	0	0	0	0	0	0	0
0.001626426429	1.746480703e-07	4.149495327e-13	0	0	0	0	0	0	0	0	0
0.001748548493	2.070137361e-07	4.991014821e-13	0	0	0	0	0	0	0	0	0
0.001922968825	2.203447874e-07	5.138255879e-13	0	0	0	0	0	0	0	0	0
0.002189913439	2.210481332e-07	4.849220074e-13	0	0	0	0	0	0	0	0	0
