2.636468977e-08	1.813111375e-12	0	0	0	0	0	0	0	0	0	0
5.451516296e-08	1.561929683e-13	0	0	0	0	0	0	0	0	0	0
4.097675902e-07	1.29225843e-13	0	0	0	0	0	0	0	0	0	0
2.244673788e-06	6.566871355e-13	0	0	0	0	0	0	0	0	0	0
1.104640472e-05	3.013105108e-12	0	0	0	0	0	0	0	0	0	0
4.929138923e-05	1.469337197e-11	0	0	0	0	0	0	0	0	0	0
0.0002079373485	4.268870941e-10	0	0	0	0	0	0	0	0	0	0
0.0005568582522	6.956760443e-09	7.457497288e-15	0	0	0	0	0	0	0	0	0
0.0003951427612	3.466477836e-09	3.288383449e-15	0	0	0	0	0	0	0	0	0
0.0003528287399	2.877673726e-09	7.335185258e-15	0	0	0	0	0	0	0	0	0
0.0003023170743	2.199798663e-09	4.101846407e-15	0	0	0	0	0	0	0	0	0
0.0002510304455	1.544123905e-09	4.473015452e-15	0	0	0	0	0	0	0	0	0
0.0002054290424	9.876253335e-10	0	0	0	0	0	0	0	0	0	0
0.000169669143	5.70089317e-10	0	0	0	0	0	0	0	0	0	0
0.0001446090702	2.953816469e-10	0	0	0	0	0	0	0	0	0	0
0.0001279986135	1.449377922e-10	0	0	0	0	0	0	0	0	0	0
0.000116214889	9.162050092e-11	0	0	0	0	0	0	0	0	0	0
0.0001062426387	8.247988955e-11	0	0	0	0	0	0	0	0	0	0
9.647531174e-05	7.551540359e-11	0	0	0	0	0	0	0	0	0	0
8.651131947e-05	6.4646443e-11	0	0	0	0	0	0	0	0	0	0
7.669791767e-05	5.310898924e-11	0	0	0	0	0	0	0	0	0	0
6.772695412e-05	4.402830593e-11	0	0	0	0	0	0	0	0	0	0
6.02894159e-05	3.809656492e-11	0	0	0	0	0	0	0	0	0	0
5.479510986e-05	3.411187759e-11	0	0	0	0	0	0	0	0	0	0
5.121238429e-05	3.052589358e-11	0	0	0	0	0	0	0	0	0	0
4.912849444e-05	2.732943053e-11	0	0	0	0	0	0	0	0	0	0
4.798618845e-05	2.542649868e-11	0	0	0	0	0	0	0	0	0	0
4.730380337e-05	2.537265249e-11	0	0	0	0	0	0	0	0	0	0
4.677782056e-05	2.648253201e-11	0	0	0	0	0	0	0	0	0	0
4.628904767e-05	2.774634174e-11	0	0	0	0	0	0	0	0	0	0
4.586403305e-05	2.861722672e-11	0	0	0	0	0	0	0	0	0	0
4.560677364e-05	2.943940964e-11	0	0	0	0	0	0	0	0	0	0
4.565822189e-05	3.182350094e-11	0	0	0	0	0	0	0	0	0	0
4.617178732e-05	3.819635367e-11	0	0	0	0	0	0	0	0	0	0
4.729286245e-05	5.112997092e-11	0	0	0	0	0	0	0	0	0	0
4.914799722e-05	7.193081495e-11	0	0	0	0	0	0	0	0	0	0
5.18170355e-05	1.020206943e-10	0	0	0	0	0	0	0	0	0	0
5.531819408e-05	1.426471387e-10	0	0	0	0	0	0	0	0	0	0
5.960724799e-05	1.943587177e-10	0	0	0	0	0	0	0	0	0	0
6.458107298e-05	2.566858992e-10	0	0	0	0	0	0	0	0	0	0
7.006389522e-05	3.276304629e-10	0	0	0	0	0	0	0	0	0	0
7.578027776e-05	4.031876695e-10	0	0	0	0	0	0	0	0	0	0
8.135738878e-05	4.77454654e-10	0	0	0	0	0	0	0	0	0	0
8.634364605e-05	5.438680612e-10	0	0	0	0	0	0	0	0	0	0
9.026681379e-05	5.948455905e-10	0	0	0	0	0	0	0	0	0	0
9.269566807e-05	6.246721979e-10	0	0	0	0	0	0	0	0	0	0
9.329665396e-05	6.292496288e-10	0	0	0	0	0	0	0	0	0	0
9.186507814e-05	6.068921245e-10	0	0	0	0	0	0	0	0	0	0
8.833977838e-05	5.597953265e-10	0	0	0	0	0	0	0	0	0	0
8.281112836e-05	4.926419882e-10	0	0	0	0	0	0	0	0	0	0
7.552826871e-05	4.124844419e-10	0	0	0	0	0	0	0	0	0	0
6.69248944e-05	3.277855183e-10	0	0	0	0	0	0	0	0	0	0
5.766074493e-05	2.463074063e-10	0	0	0	0	0	0	0	0	0	0
4.866562329e-05	1.743582013e-10	0	0	0	0	0	0	0	0	0	0
4.113133263e-05	1.154086696e-10	0	0	0	0	0	0	0	0	0	0
3.624637706e-05	7.048759418e-11	0	0	0	0	0	0	0	0	0	0
3.445338493e-05	3.896398075e-11	0	0	0	0	0	0	0	0	0	0
3.48798924e-05	1.941213103e-11	0	0	0	0	0	0	0	0	0	0
3.607497534e-05	1.086995814e-11	0	0	0	0	0	0	0	0	0	0
3.70649337e-05	1.029966884e-11	0	0	0	0	0	0	0	0	0	0
3.781892643e-05	1.453639949e-11	0	0	0	0	0	0	0	0	0	0
3.912632279e-05	2.583943909e-11	0	0	0	0	0	0	0	0	0	0
4.210569049e-05	4.49856712e-11	0	0	0	0	0	0	0	0	0	0
4.746092348e-05	7.206385584e-11	0	0	0	0	0	0	0	0	0	0
5.505420289e-05	1.080972164e-10	0	0	0	0	0	0	0	0	0	0
6.423290073e-05	1.538056788e-10	0	0	0	0	0	0	0	0	0	0
7.429168183e-05	2.097242661e-10	0	0	0	0	0	0	0	0	0	0
8.475409699e-05	2.759270852e-10	0	0	0	0	0	0	0	0	0	0
9.535976958e-05	3.489104322e-10	0	0	0	0	0	0	0	0	0	0
0.0001060147019	4.245245455e-10	0	0	0	0	0	0	0	0	0	0
0.0001167006946	4.990302627e-10	0	0	0	0	0	0	0	0	0	0
0.0001274042559	5.677903932e-10	0	0	0	0	0	0	0	0	0	0
0.0001380917505	6.276862144e-10	0	0	0	0	0	0	0	0	0	0
0.0001487188321	6.805696194e-10	0	0	0	0	0	0	0	0	0	0
0.000159252603	7.286073271e-10	0	0	0	0	0	0	0	0	0	0
0.0001696770926	7.739163521e-10	0	0	0	0	0	0	0	0	0	0
0.0001799841125	8.183788505e-10	0	0	0	0	0	0	0	0	0	0
0.0001901258089	8.61873937e-10	0	0	0	0	0	0	0	0	0	0
0.0001999381195	9.016237211e-10	0	0	0	0	0	0	0	0	0	0
0.0002090843471	9.282580568e-10	0	0	0	0	0	0	0	0	0	0
0.0002170195246	9.3825827e-10	0	0	0	0	0	0	0	0	0	0
0.0002230219954	9.215005908e-10	0	0	0	0	0	0	0	0	0	0
0.000226312592	8.786255038e-10	0	0	0	0	0	0	0	0	0	0
0.000226220619	8.0224768e-10	0	0	0	0	0	0	0	0	0	0
0.0002223719479	7.02894195e-10	0	0	0	0	0	0	0	0	0	0
0.0002148512676	5.9331679e-10	0	0	0	0	0	0	0	0	0	0
0.0002042947423	4.818162903e-10	0	0	0	0	0	0	0	0	0	0
0.0001918425382	3.863408867e-10	0	0	0	0	0	0	0	0	0	0
0.0001789719013	3.1201322e-10	0	0	0	0	0	0	0	0	0	0
0.0001671743411	2.592902859e-10	0	0	0	0	0	0	0	0	0	0
0.0001575664395	2.24271651e-10	0	0	0	0	0	0	0	0	0	0
0.0001505767511	1.996992952e-10	0	0	0	0	0	0	0	0	0	0
0.0001458854258	1.822191582e-10	0	0	0	0	0	0	0	0	0	0
0.0001426616506	1.688382354e-10	0	0	0	0	0	0	0	0	0	0
0.0001399181994	1.573198683e-10	0	0	0	0	0	0	0	0	0	0
0.0001367974275	1.455253977e-10	0	0	0	0	0	0	0	0	0	0
0.0001327021757	1.322409497e-10	0	0	0	0	0	0	0	0	0	0
0.0001273167004	1.168553733e-10	0	0	0	0	0	0	0	0	0	0
0.000120613262	1.001666026e-10	0	0	0	0	0	0	0	0	0	0
0.0001128249507	8.458382753e-11	0	0	0	0	0	0	0	0	0	0
0.0001044416062	7.295929697e-11	0	0	0	0	0	0	0	0	0	0
9.616384733e-05	6.988958775e-11	0	0	0	0	0	0	0	0	0	0
8.881253566e-05	7.732235902e-11	0	0	0	0	0	0	0	0	0	0
8.317412507e-05	9.303048341e-11	0	0	0	0	0	0	0	0	0	0
7.97440765e-05	1.125198438e-10	0	0	0	0	0	0	0	0	0	0
7.848452187e-05	1.329353928e-10	0	0	0	0	0	0	0	0	0	0
7.878005244e-05	1.502202127e-10	0	0	0	0	0	0	0	0	0	0
7.964423631e-05	1.633338875e-10	0	0	0	0	0	0	0	0	0	0
8.004379479e-05	1.686289932e-10	0	0	0	0	0	0	0	0	0	0
7.917233884e-05	1.657142886e-10	0	0	0	0	0	0	0	0	0	0
7.662131121e-05	1.542709897e-10	0	0	0	0	0	0	0	0	0	0
7.246865522e-05	1.357023996e-10	0	0	0	0	0	0	0	0	0	0
6.731026654e-05	1.122897901e-10	0	0	0	0	0	0	0	0	0	0
6.217409696e-05	8.741037212e-11	0	0	0	0	0	0	0	0	0	0
5.825447868e-05	6.408950182e-11	0	0	0	0	0	0	0	0	0	0
5.641920422e-05	4.473143228e-11	0	0	0	0	0	0	0	0	0	0
5.671364562e-05	3.049435163e-11	0	0	0	0	0	0	0	0	0	0
5.837799384e-05	2.208787485e-11	0	0	0	0	0	0	0	0	0	0
6.035871418e-05	1.83244017e-11	0	0	0	0	0	0	0	0	0	0
6.182908192e-05	1.707206528e-11	0	0	0	0	0	0	0	0	0	0
6.237240104e-05	1.71992407e-11	0	0	0	0	0	0	0	0	0	0
6.197911973e-05	1.983897851e-11	0	0	0	0	0	0	0	0	0	0
6.094030322e-05	2.669004616e-11	0	0	0	0	0	0	0	0	0	0
5.971974449e-05	3.833699357e-11	0	0	0	0	0	0	0	0	0	0
5.881547433e-05	5.389046379e-11	0	0	0	0	0	0	0	0	0	0
5.855822993e-05	7.210957965e-11	0	0	0	0	0	0	0	0	0	0
5.896492071e-05	9.127115767e-11	0	0	0	0	0	0	0	0	0	0
5.968088759e-05	1.085517126e-10	0	0	0	0	0	0	0	0	0	0
6.007683672e-05	1.208974074e-10	0	0	0	0	0	0	0	0	0	0
5.946655237e-05	1.257102422e-10	0	0	0	0	0	0	0	0	0	0
5.73340407e-05	1.21370598e-10	0	0	0	0	0	0	0	0	0	0
5.355069365e-05	1.095488364e-10	0	0	0	0	0	0	0	0	0	0
4.855063093e-05	9.394837125e-11	0	0	0	0	0	0	0	0	0	0
4.338562291e-05	7.986471786e-11	0	0	0	0	0	0	0	0	0	0
3.949192521e-05	7.065131691e-11	0	0	0	0	0	0	0	0	0	0
3.792485908e-05	6.665278308e-11	0	0	0	0	0	0	0	0	0	0
3.855180415e-05	6.642457251e-11	0	0	0	0	0	0	0	0	0	0
4.043982191e-05	6.813109481e-11	0	0	0	0	0	0	0	0	0	0
4.306951265e-05	7.12628008e-11	0	0	0	0	0	0	0	0	0	0
4.671582223e-05	7.607008967e-11	0	0	0	0	0	0	0	0	0	0
5.163111704e-05	8.333759326e-11	0	0	0	0	0	0	0	0	0	0
5.705125367e-05	9.372446272e-11	0	0	0	0	0	0	0	0	0	0
6.122437691e-05	1.059260787e-10	0	0	0	0	0	0	0	0	0	0
6.235940385e-05	1.159313109e-10	0	0	0	0	0	0	0	0	0	0
5.963863767e-05	1.193677497e-10	0	0	0	0	0	0	0	0	0	0
5.384183749e-05	1.158418167e-10	0	0	0	0	0	0	0	0	0	0
4.741900949e-05	1.089714876e-10	0	0	0	0	0	0	0	0	0	0
4.340680295e-05	1.019989688e-10	0	0	0	0	0	0	0	0	0	0
4.294371472e-05	9.581549534e-11	0	0	0	0	0	0	0	0	0	0
4.440689726e-05	8.935619939e-11	0	0	0	0	0	0	0	0	0	0
4.624529037e-05	8.200301848e-11	0	0	0	0	0	0	0	0	0	0
4.918255006e-05	7.44408876e-11	0	0	0	0	0	0	0	0	0	0
5.518669391e-05	6.820459832e-11	0	0	0	0	0	0	0	0	0	0
6.470444866e-05	6.408785487e-11	0	0	0	0	0	0	0	0	0	0
7.583098785e-05	6.170485321e-11	0	0	0	0	0	0	0	0	0	0
8.59573281e-05	6.391789036e-11	0	0	0	0	0	0	0	0	0	0
9.329296961e-05	7.745114906e-11	0	0	0	0	0	0	0	0	0	0
9.740733404e-05	9.852854802e-11	0	0	0	0	0	0	0	0	0	0
9.912477677e-05	1.221141407e-10	0	0	0	0	0	0	0	0	0	0
9.980965266e-05	1.696034821e-10	0	0	0	0	0	0	0	0	0	0
0.0001003223657	2.565349309e-10	0	0	0	0	0	0	0	0	0	0
0.0001003627196	3.502278474e-10	0	0	0	0	0	0	0	0	0	0
9.911495553e-05	3.949383848e-10	0	0	0	0	0	0	0	0	0	0
9.710893392e-05	3.57879726e-10	0	0	0	0	0	0	0	0	0	0
9.830361816e-05	2.512763075e-10	0	0	0	0	0	0	0	0	0	0
0.0001095802858	1.656193758e-10	0	0	0	0	0	0	0	0	0	0
0.0001349622478	1.877066127e-10	0	0	0	0	0	0	0	0	0	0
0.0001718773945	1.923260267e-10	0	0	0	0	0	0	0	0	0	0
0.0002147308215	3.186046531e-10	0	0	0	0	0	0	0	0	0	0
0.0002583439279	8.078765443e-10	0	0	0	0	0	0	0	0	0	0
0.0002989540816	1.576019786e-09	4.254010858e-15	0	0	0	0	0	0	0	0	0
0.0003342515276	2.519179757e-09	2.627559301e-15	0	0	0	0	0	0	0	0	0
0.0003631245556	3.529542527e-09	2.580629785e-15	0	0	0	0	0	0	0	0	0
0.0003852607937	4.466362668e-09	3.051457891e-15	0	0	0	0	0	0	0	0	0
0.0004007432501	5.231510942e-09	8.401851964e-15	0	0	0	0	0	0	0	0	0
0.0004097595959	5.729203694e-09	1.282047022e-15	0	0	0	0	0	0	0	0	0
0.0004124969585	5.938462857e-09	1.58683577e-15	0	0	0	0	0	0	0	0	0
0.0004091810906	5.865860534e-09	1.28869977e-15	0	0	0	0	0	0	0	0	0
0.0004001651834	5.544991853e-09	1.66753166e-15	0	0	0	0	0	0	0	0	0
0.0003859894398	5.040138298e-09	2.078118464e-15	0	0	0	0	0	0	0	0	0
0.0003673525043	4.408647776e-09	4.670872709e-15	0	0	0	0	0	0	0	0	0
0.0003449820811	3.716785384e-09	9.73149974e-16	0	0	0	0	0	0	0	0	0
0.0003194999415	3.013436757e-09	4.542936716e-15	0	0	0	0	0	0	0	0	0
0.0002913334203	2.335068738e-09	4.591266308e-15	0	0	0	0	0	0	0	0	0
0.0002607716242	1.726375915e-09	3.373522139e-15	0	0	0	0	0	0	0	0	0
0.0002281476346	1.204441265e-09	1.106755593e-14	0	0	0	0	0	0	0	0	0
0.0001941319775	7.855494755e-10	0	0	0	0	0	0	0	0	0	0
0.0001599592096	4.815530981e-10	0	0	0	0	0	0	0	0	0	0
0.0001275395991	2.553231698e-10	0	0	0	0	0	0	0	0	0	0
9.935513733e-05	1.213240613e-10	0	0	0	0	0	0	0	0	0	0
7.806232917e-05	5.036889513e-11	0	0	0	0	0	0	0	0	0	0
6.530841644e-05	2.291286612e-11	0	0	0	0	0	0	0	0	0	0
5.994313866e-05	1.753455347e-11	0	0	0	0	0	0	0	0	0	0
5.837491746e-05	1.669525495e-11	0	0	0	0	0	0	0	0	0	0
5.743794487e-05	1.644960103e-11	0	0	0	0	0	0	0	0	0	0
5.586603407e-05	1.632760152e-11	0	0	0	0	0	0	0	0	0	0
5.383653391e-05	1.619147583e-11	0	0	0	0	0	0	0	0	0	0
5.21350306e-05	1.563024016e-11	0	0	0	0	0	0	0	0	0	0
5.146196705e-05	1.481149688e-11	0	0	0	0	0	0	0	0	0	0
5.203415893e-05	1.53947697e-11	0	0	0	0	0	0	0	0	0	0
5.355780814e-05	1.879616194e-11	0	0	0	0	0	0	0	0	0	0
5.549160405e-05	2.418468012e-11	0	0	0	0	0	0	0	0	0	0
5.73021135e-05	2.989614973e-11	0	0	0	0	0	0	0	0	0	0
5.856822511e-05	3.508304836e-11	0	0	0	0	0	0	0	0	0	0
5.899857985e-05	3.932777377e-11	0	0	0	0	0	0	0	0	0	0
5.842874596e-05	4.311459346e-11	0	0	0	0	0	0	0	0	0	0
5.686402526e-05	4.696932852e-11	0	0	0	0	0	0	0	0	0	0
5.451232034e-05	5.190594587e-11	0	0	0	0	0	0	0	0	0	0
5.180073589e-05	5.902305322e-11	0	0	0	0	0	0	0	0	0	0
4.932397991e-05	6.986066201e-11	0	0	0	0	0	0	0	0	0	0
4.771801638e-05	8.614342799e-11	0	0	0	0	0	0	0	0	0	0
4.74634114e-05	1.092053975e-10	0	0	0	0	0	0	0	0	0	0
4.864941677e-05	1.390411635e-10	0	0	0	0	0	0	0	0	0	0
5.091135529e-05	1.733872525e-10	0	0	0	0	0	0	0	0	0	0
5.354933777e-05	2.076409765e-10	0	0	0	0	0	0	0	0	0	0
5.576591497e-05	2.356056929e-10	0	0	0	0	0	0	0	0	0	0
5.689383047e-05	2.514057135e-10	0	0	0	0	0	0	0	0	0	0
5.654288825e-05	2.509922734e-10	0	0	0	0	0	0	0	0	0	0
5.470706874e-05	2.343495297e-10	0	0	0	0	0	0	0	0	0	0
5.18342433e-05	2.052028096e-10	0	0	0	0	0	0	0	0	0	0
4.887269045e-05	1.695129962e-10	0	0	0	0	0	0	0	0	0	0
4.717180762e-05	1.338283919e-10	0	0	0	0	0	0	0	0	0	0
4.796054179e-05	1.030948875e-10	0	0	0	0	0	0	0	0	0	0
5.143929659e-05	8.015431351e-11	0	0	0	0	0	0	0	0	0	0
5.644700468e-05	6.615099222e-11	0	0	0	0	0	0	0	0	0	0
6.112622067e-05	5.922044096e-11	0	0	0	0	0	0	0	0	0	0
6.377547786e-05	5.528081312e-11	0	0	0	0	0	0	0	0	0	0
6.33944558e-05	5.05026142e-11	0	0	0	0	0	0	0	0	0	0
6.000349267e-05	4.427748446e-11	0	0	0	0	0	0	0	0	0	0
5.478113661e-05	3.953028753e-11	0	0	0	0	0	0	0	0	0	0
4.990977646e-05	4.222555039e-11	0	0	0	0	0	0	0	0	0	0
4.786276623e-05	5.724217099e-11	0	0	0	0	0	0	0	0	0	0
5.01297379e-05	8.690348865e-11	0	0	0	0	0	0	0	0	0	0
5.657271493e-05	1.333589865e-10	0	0	0	0	0	0	0	0	0	0
6.60903268e-05	1.96959361e-10	0	0	0	0	0	0	0	0	0	0
7.699455797e-05	2.714269565e-10	0	0	0	0	0	0	0	0	0	0
8.681253194e-05	3.383622148e-10	0	0	0	0	0	0	0	0	0	0
9.252813928e-05	3.700656827e-10	0	0	0	0	0	0	0	0	0	0
9.156648629e-05	3.44707022e-10	0	0	0	0	0	0	0	0	0	0
8.319234322e-05	2.647263899e-10	0	0	0	0	0	0	0	0	0	0
6.999926552e-05	1.604395465e-10	0	0	0	0	0	0	0	0	0	0
5.850803019e-05	7.121869507e-11	0	0	0	0	0	0	0	0	0	0
5.453907586e-05	2.127581647e-11	0	0	0	0	0	0	0	0	0	0
5.496315171e-05	1.522588917e-11	0	0	0	0	0	0	0	0	0	0
5.885377609e-05	4.839174914e-11	0	0	0	0	0	0	0	0	0	0
8.753689602e-05	1.920441637e-10	0	0	0	0	0	0	0	0	0	0
0.0001558396883	5.435601341e-10	0	0	0	0	0	0	0	0	0	0
0.0002539721769	1.227420698e-09	6.935787603e-15	0	0	0	0	0	0	0	0	0
0.000366078352	2.293706547e-09	1.522424674e-14	0	0	0	0	0	0	0	0	0
0.0004739715198	3.644531768e-09	2.285308723e-14	0	0	0	0	0	0	0	0	0
0.0005595576792	5.066078439e-09	3.299904103e-14	0	0	0	0	0	0	0	0	0
0.0006085714884	6.304894866e-09	3.801827437e-14	0	0	0	0	0	0	0	0	0
0.0006141870166	7.112468522e-09	3.992069104e-14	0	0	0	0	0	0	0	0	0
0.0005788637353	7.341174597e-09	3.50011294e-14	0	0	0	0	0	0	0	0	0
0.0005138049304	6.944514355e-09	2.667213746e-14	0	0	0	0	0	0	0	0	0
0.000436148249	5.999899146e-09	1.981638257e-14	0	0	0	0	0	0	0	0	0
0.0003646045304	4.718317151e-09	1.175009285e-14	0	0	0	0	0	0	0	0	0
0.000313831377	3.338427998e-09	7.097964393e-15	0	0	0	0	0	0	0	0	0
0.0002883057292	2.097759717e-09	3.948695762e-15	0	0	0	0	0	0	0	0	0
0.0002810141106	1.139722719e-09	3.91531032e-15	0	0	0	0	0	0	0	0	0
0.0002805822829	6.12090566e-10	0	0	0	0	0	0	0	0	0	0
0.0002784683132	5.864046617e-10	0	0	0	0	0	0	0	0	0	0
0.0002705102505	6.942645409e-10	0	0	0	0	0	0	0	0	0	0
0.0002558400393	7.162329991e-10	0	0	0	0	0	0	0	0	0	0
0.000235691244	6.531518212e-10	0	0	0	0	0	0	0	0	0	0
0.0002125064074	5.753015137e-10	0	0	0	0	0	0	0	0	0	0
0.0001892319249	5.476856641e-10	0	0	0	0	0	0	0	0	0	0
0.0001687850907	5.567067375e-10	0	0	0	0	0	0	0	0	0	0
0.0001535333302	5.418872403e-10	0	0	0	0	0	0	0	0	0	0
0.0001445302635	4.805940182e-10	0	0	0	0	0	0	0	0	0	0
0.0001407358279	3.908181071e-10	0	0	0	0	0	0	0	0	0	0
0.0001392813719	3.075827357e-10	0	0	0	0	0	0	0	0	0	0
0.0001369902025	2.464984654e-10	0	0	0	0	0	0	0	0	0	0
0.0001319272044	1.989620093e-10	0	0	0	0	0	0	0	0	0	0
0.0001240348823	1.546206243e-10	0	0	0	0	0	0	0	0	0	0
0.0001148210129	1.155508934e-10	0	0	0	0	0	0	0	0	0	0
0.0001063786868	9.112889627e-11	0	0	0	0	0	0	0	0	0	0
0.0001001575636	8.653020489e-11	0	0	0	0	0	0	0	0	0	0
9.619866705e-05	9.4321907e-11	0	0	0	0	0	0	0	0	0	0
9.339720641e-05	1.051556328e-10	0	0	0	0	0	0	0	0	0	0
9.037055075e-05	1.136048208e-10	0	0	0	0	0	0	0	0	0	0
8.615066667e-05	1.164970467e-10	0	0	0	0	0	0	0	0	0	0
8.042542175e-05	1.13060178e-10	0	0	0	0	0	0	0	0	0	0
7.351181049e-05	1.038495541e-10	0	0	0	0	0	0	0	0	0	0
6.621151184e-05	9.09821102e-11	0	0	0	0	0	0	0	0	0	0
5.957048647e-05	7.722730672e-11	0	0	0	0	0	0	0	0	0	0
5.451941012e-05	6.473535727e-11	0	0	0	0	0	0	0	0	0	0
5.151513472e-05	5.485011355e-11	0	0	0	0	0	0	0	0	0	0
5.038488435e-05	4.715060267e-11	0	0	0	0	0	0	0	0	0	0
5.051512328e-05	4.104971708e-11	0	0	0	0	0	0	0	0	0	0
5.124635561e-05	3.606230845e-11	0	0	0	0	0	0	0	0	0	0
5.216272688e-05	3.298497775e-11	0	0	0	0	0	0	0	0	0	0
5.319811567e-05	3.399549239e-11	0	0	0	0	0	0	0	0	0	0
5.458671817e-05	4.200121901e-11	0	0	0	0	0	0	0	0	0	0
5.671547283e-05	5.900026464e-11	0	0	0	0	0	0	0	0	0	0
5.991117444e-05	8.545748658e-11	0	0	0	0	0	0	0	0	0	0
6.422683606e-05	1.201539378e-10	0	0	0	0	0	0	0	0	0	0
6.928722827e-05	1.585572165e-10	0	0	0	0	0	0	0	0	0	0
7.422264544e-05	1.931291256e-10	0	0	0	0	0	0	0	0	0	0
7.791104567e-05	2.147120163e-10	0	0	0	0	0	0	0	0	0	0
7.925407311e-05	2.168876203e-10	0	0	0	0	0	0	0	0	0	0
7.760695422e-05	1.986985574e-10	0	0	0	0	0	0	0	0	0	0
7.307218801e-05	1.661804277e-10	0	0	0	0	0	0	0	0	0	0
6.664541112e-05	1.31018798e-10	0	0	0	0	0	0	0	0	0	0
6.004503718e-05	1.027997244e-10	0	0	0	0	0	0	0	0	0	0
5.505756178e-05	8.446724968e-11	0	0	0	0	0	0	0	0	0	0
5.25449191e-05	7.303081024e-11	0	0	0	0	0	0	0	0	0	0
5.211959099e-05	6.521518377e-11	0	0	0	0	0	0	0	0	0	0
5.303999878e-05	6.017993787e-11	0	0	0	0	0	0	0	0	0	0
5.514099051e-05	5.834000561e-11	0	0	0	0	0	0	0	0	0	0
5.853103884e-05	5.987894896e-11	0	0	0	0	0	0	0	0	0	0
6.275950959e-05	6.397983354e-11	0	0	0	0	0	0	0	0	0	0
6.671084112e-05	6.92759866e-11	0	0	0	0	0	0	0	0	0	0
6.936457015e-05	7.434393225e-11	0	0	0	0	0	0	0	0	0	0
7.054649176e-05	7.983989266e-11	0	0	0	0	0	0	0	0	0	0
7.103111494e-05	8.787239325e-11	0	0	0	0	0	0	0	0	0	0
7.204327464e-05	1.007545815e-10	0	0	0	0	0	0	0	0	0	0
7.448426886e-05	1.198601625e-10	0	0	0	0	0	0	0	0	0	0
7.837553372e-05	1.45644601e-10	0	0	0	0	0	0	0	0	0	0
8.286847239e-05	1.767665133e-10	0	0	0	0	0	0	0	0	0	0
8.670528859e-05	2.098691251e-10	0	0	0	0	0	0	0	0	0	0
8.876978694e-05	2.396463764e-10	0	0	0	0	0	0	0	0	0	0
8.855847736e-05	2.612612221e-10	0	0	0	0	0	0	0	0	0	0
8.639370473e-05	2.71378058e-10	0	0	0	0	0	0	0	0	0	0
8.337520228e-05	2.704786993e-10	0	0	0	0	0	0	0	0	0	0
8.123490335e-05	2.602323847e-10	0	0	0	0	0	0	0	0	0	0
8.215760936e-05	2.402164454e-10	0	0	0	0	0	0	0	0	0	0
8.803571252e-05	2.08532522e-10	0	0	0	0	0	0	0	0	0	0
9.889586621e-05	1.6275364e-10	0	0	0	0	0	0	0	0	0	0
0.0001121400903	1.157687008e-10	0	0	0	0	0	0	0	0	0	0
0.000123752318	1.074921016e-10	0	0	0	0	0	0	0	0	0	0
0.0001302777822	1.31826571e-10	0	0	0	0	0	0	0	0	0	0
0.0001304817602	1.295716587e-10	0	0	0	0	0	0	0	0	0	0
0.0001261466102	1.258602005e-10	0	0	0	0	0	0	0	0	0	0
0.0001214700755	2.481870636e-10	0	0	0	0	0	0	0	0	0	0
0.0001206735451	4.371010101e-10	0	0	0	0	0	0	0	0	0	0
0.0001253953462	6.002595908e-10	0	0	0	0	0	0	0	0	0	0
0.0001349369935	6.851901612e-10	0	0	0	0	0	0	0	0	0	0
0.0001484087821	6.878757777e-10	0	0	0	0	0	0	0	0	0	0
0.0001650566854	6.551986315e-10	0	0	0	0	0	0	0	0	0	0
0.0001829523137	6.393196797e-10	0	0	0	0	0	0	0	0	0	0
0.0001986799117	6.466716909e-10	0	0	0	0	0	0	0	0	0	0
0.0002086086368	6.44108271e-10	0	0	0	0	0	0	0	0	0	0
0.0002104108902	6.074069638e-10	0	0	0	0	0	0	0	0	0	0
0.0002037020935	5.298629181e-10	0	0	0	0	0	0	0	0	0	0
0.0001896645262	4.335377287e-10	0	0	0	0	0	0	0	0	0	0
0.0001706582923	3.414283089e-10	0	0	0	0	0	0	0	0	0	0
0.0001523822211	2.722306492e-10	0	0	0	0	0	0	0	0	0	0
0.0001503033301	2.913315333e-10	0	0	0	0	0	0	0	0	0	0
0.0001855922334	6.375226796e-10	0	0	0	0	0	0	0	0	0	0
0.0002587136786	1.413036014e-09	2.857259767e-15	0	0	0	0	0	0	0	0	0
0.0003516523124	2.567558496e-09	7.952278569e-15	0	0	0	0	0	0	0	0	0
0.0004444211626	3.910627827e-09	4.233059718e-15	0	0	0	0	0	0	0	0	0
0.0005189578295	5.135777898e-09	7.267716211e-15	0	0	0	0	0	0	0	0	0
0.0005610933309	5.934489063e-09	5.697122856e-15	0	0	0	0	0	0	0	0	0
0.0005631096499	6.093812321e-09	4.751573856e-15	0	0	0	0	0	0	0	0	0
0.0005254223701	5.615633796e-09	7.913504719e-15	0	0	0	0	0	0	0	0	0
0.0004562830103	4.651014382e-09	1.759682153e-15	0	0	0	0	0	0	0	0	0
0.0003693903785	3.456571544e-09	3.511871679e-15	0	0	0	0	0	0	0	0	0
0.0002801881205	2.295484985e-09	6.637221045e-15	0	0	0	0	0	0	0	0	0
0.0002021569317	1.361137155e-09	2.760272709e-15	0	0	0	0	0	0	0	0	0
0.0001440757368	7.19588164e-10	0	0	0	0	0	0	0	0	0	0
0.0001081913282	3.415600984e-10	0	0	0	0	0	0	0	0	0	0
8.952817974e-05	1.481294659e-10	0	0	0	0	0	0	0	0	0	0
7.962364726e-05	6.211325936e-11	0	0	0	0	0	0	0	0	0	0
7.255996808e-05	2.852337068e-11	0	0	0	0	0	0	0	0	0	0
6.632576821e-05	1.698348995e-11	0	0	0	0	0	0	0	0	0	0
6.09692213e-05	1.38406523e-11	0	0	0	0	0	0	0	0	0	0
5.690892145e-05	1.384143035e-11	0	0	0	0	0	0	0	0	0	0
5.401294008e-05	1.441527975e-11	0	0	0	0	0	0	0	0	0	0
5.155813864e-05	1.435968528e-11	0	0	0	0	0	0	0	0	0	0
4.881177895e-05	1.33004103e-11	0	0	0	0	0	0	0	0	0	0
4.556150074e-05	1.145284954e-11	0	0	0	0	0	0	0	0	0	0
4.216998853e-05	9.183392912e-12	0	0	0	0	0	0	0	0	0	0
3.923670386e-05	8.007828994e-12	0	0	0	0	0	0	0	0	0	0
3.718709288e-05	1.099277377e-11	0	0	0	0	0	0	0	0	0	0
3.617029104e-05	1.930934529e-11	0	0	0	0	0	0	0	0	0	0
3.626781413e-05	3.27016403e-11	0	0	0	0	0	0	0	0	0	0
3.765902981e-05	5.12765075e-11	0	0	0	0	0	0	0	0	0	0
4.040152493e-05	7.436058531e-11	0	0	0	0	0	0	0	0	0	0
4.407641054e-05	1.000933371e-10	0	0	0	0	0	0	0	0	0	0
4.779426776e-05	1.247996815e-10	0	0	0	0	0	0	0	0	0	0
5.054969207e-05	1.440987841e-10	0	0	0	0	0	0	0	0	0	0
5.159561183e-05	1.536464934e-10	0	0	0	0	0	0	0	0	0	0
5.067365661e-05	1.5140195e-10	0	0	0	0	0	0	0	0	0	0
4.806374453e-05	1.381577665e-10	0	0	0	0	0	0	0	0	0	0
4.447907276e-05	1.172005115e-10	0	0	0	0	0	0	0	0	0	0
4.081182949e-05	9.290308739e-11	0	0	0	0	0	0	0	0	0	0
3.785146881e-05	6.944289011e-11	0	0	0	0	0	0	0	0	0	0
3.609731314e-05	4.986609651e-11	0	0	0	0	0	0	0	0	0	0
3.574771163e-05	3.570174494e-11	0	0	0	0	0	0	0	0	0	0
3.668290809e-05	2.74323447e-11	0	0	0	0	0	0	0	0	0	0
3.838197435e-05	2.512011884e-11	0	0	0	0	0	0	0	0	0	0
4.000796497e-05	2.728285022e-11	0	0	0	0	0	0	0	0	0	0
4.084854017e-05	3.04769717e-11	0	0	0	0	0	0	0	0	0	0
4.086693846e-05	3.197762985e-11	0	0	0	0	0	0	0	0	0	0
4.089349361e-05	3.104237506e-11	0	0	0	0	0	0	0	0	0	0
4.208018843e-05	2.906828375e-11	0	0	0	0	0	0	0	0	0	0
4.479357049e-05	2.833591195e-11	0	0	0	0	0	0	0	0	0	0
4.824557991e-05	3.082700203e-11	0	0	0	0	0	0	0	0	0	0
5.13838747e-05	3.712262372e-11	0	0	0	0	0	0	0	0	0	0
5.379019908e-05	4.616432564e-11	0	0	0	0	0	0	0	0	0	0
5.574810721e-05	5.551590656e-11	0	0	0	0	0	0	0	0	0	0
5.764425296e-05	6.085693984e-11	0	0	0	0	0	0	0	0	0	0
5.941619664e-05	5.756918856e-11	0	0	0	0	0	0	0	0	0	0
6.066381296e-05	4.389746199e-11	0	0	0	0	0	0	0	0	0	0
6.125818826e-05	2.903223156e-11	0	0	0	0	0	0	0	0	0	0
6.170229797e-05	3.75933984e-11	0	0	0	0	0	0	0	0	0	0
6.275037981e-05	6.109831658e-11	0	0	0	0	0	0	0	0	0	0
6.45976985e-05	8.618018555e-11	0	0	0	0	0	0	0	0	0	0
6.676319294e-05	1.094749807e-10	0	0	0	0	0	0	0	0	0	0
6.918427404e-05	1.239073909e-10	0	0	0	0	0	0	0	0	0	0
7.359989334e-05	1.254245623e-10	0	0	0	0	0	0	0	0	0	0
8.328032601e-05	1.271652222e-10	0	0	0	0	0	0	0	0	0	0
0.0001002245161	1.513761977e-10	0	0	0	0	0	0	0	0	0	0
0.000123151726	1.929242813e-10	0	0	0	0	0	0	0	0	0	0
0.0001488894237	2.51036798e-10	0	0	0	0	0	0	0	0	0	0
0.0001745226747	3.693590685e-10	0	0	0	0	0	0	0	0	0	0
0.0001984729268	6.007999175e-10	0	0	0	0	0	0	0	0	0	0
0.0002206151157	9.474081887e-10	0	0	0	0	0	0	0	0	0	0
0.0002417205706	1.388240997e-09	1.119614387e-14	0	0	0	0	0	0	0	0	0
0.0002625469171	1.892794216e-09	7.592789021e-15	0	0	0	0	0	0	0	0	0
0.0002830923382	2.424362733e-09	7.661438285e-15	0	0	0	0	0	0	0	0	0
0.0003023775529	2.963592206e-09	7.948926167e-15	0	0	0	0	0	0	0	0	0
0.0003188466448	3.45736965e-09	6.739035173e-15	0	0	0	0	0	0	0	0	0
0.0003310482219	3.901125491e-09	8.354903851e-15	0	0	0	0	0	0	0	0	0
0.0003382612143	4.231020066e-09	7.903779424e-15	0	0	0	0	0	0	0	0	0
0.0003407987007	4.438768303e-09	1.088041031e-14	0	0	0	0	0	0	0	0	0
0.0003398454853	4.483731817e-09	1.077093858e-14	0	0	0	0	0	0	0	0	0
0.0003367514627	4.351492428e-09	1.113886136e-14	0	0	0	0	0	0	0	0	0
0.0003320035345	4.024125966e-09	1.046041423e-14	0	0	0	0	0	0	0	0	0
0.0003244279959	3.516095616e-09	1.279043697e-14	0	0	0	0	0	0	0	0	0
0.0003112242255	2.873989122e-09	1.064043876e-14	0	0	0	0	0	0	0	0	0
0.0002890988049	2.169052082e-09	9.22642855e-15	0	0	0	0	0	0	0	0	0
0.0002559754448	1.487899457e-09	7.571984307e-15	0	0	0	0	0	0	0	0	0
0.0002125058403	9.078491103e-10	0	0	0	0	0	0	0	0	0	0
0.0001628613738	4.767238629e-10	0	0	0	0	0	0	0	0	0	0
0.0001146398275	2.063551842e-10	0	0	0	0	0	0	0	0	0	0
7.808142392e-05	6.493908825e-11	0	0	0	0	0	0	0	0	0	0
6.174836305e-05	1.389201616e-11	0	0	0	0	0	0	0	0	0	0
6.046369093e-05	3.711486912e-11	0	0	0	0	0	0	0	0	0	0
6.200969252e-05	3.798215664e-11	0	0	0	0	0	0	0	0	0	0
6.431713206e-05	2.359901223e-11	0	0	0	0	0	0	0	0	0	0
7.137872287e-05	5.082121875e-11	0	0	0	0	0	0	0	0	0	0
8.354123301e-05	1.28662988e-10	0	0	0	0	0	0	0	0	0	0
9.621222594e-05	2.323652362e-10	0	0	0	0	0	0	0	0	0	0
0.0001045835232	3.291076442e-10	0	0	0	0	0	0	0	0	0	0
0.0001060621984	3.806854794e-10	0	0	0	0	0	0	0	0	0	0
0.0001003912787	3.692740195e-10	0	0	0	0	0	0	0	0	0	0
8.919693257e-05	3.068489213e-10	0	0	0	0	0	0	0	0	0	0
7.539885176e-05	2.212082843e-10	0	0	0	0	0	0	0	0	0	0
6.248802388e-05	1.402051509e-10	0	0	0	0	0	0	0	0	0	0
5.34344875e-05	7.987785098e-11	0	0	0	0	0	0	0	0	0	0
4.911774244e-05	4.330562438e-11	0	0	0	0	0	0	0	0	0	0
4.796164268e-05	2.730022479e-11	0	0	0	0	0	0	0	0	0	0
4.789761977e-05	2.428089865e-11	0	0	0	0	0	0	0	0	0	0
4.794939495e-05	2.582648648e-11	0	0	0	0	0	0	0	0	0	0
4.801857579e-05	2.9341958e-11	0	0	0	0	0	0	0	0	0	0
4.814275894e-05	3.440907146e-11	0	0	0	0	0	0	0	0	0	0
4.823706062e-05	4.022154975e-11	0	0	0	0	0	0	0	0	0	0
4.836502781e-05	4.674786097e-11	0	0	0	0	0	0	0	0	0	0
4.90102528e-05	5.608046951e-11	0	0	0	0	0	0	0	0	0	0
5.095630205e-05	7.205952922e-11	0	0	0	0	0	0	0	0	0	0
5.476964134e-05	9.818448589e-11	0	0	0	0	0	0	0	0	0	0
6.037191508e-05	1.360816528e-10	0	0	0	0	0	0	0	0	0	0
6.706268835e-05	1.84173136e-10	0	0	0	0	0	0	0	0	0	0
7.383331257e-05	2.374849726e-10	0	0	0	0	0	0	0	0	0	0
7.963496745e-05	2.872318983e-10	0	0	0	0	0	0	0	0	0	0
8.3540963e-05	3.230744837e-10	0	0	0	0	0	0	0	0	0	0
8.487630523e-05	3.363252528e-10	0	0	0	0	0	0	0	0	0	0
8.331095088e-05	3.226570233e-10	0	0	0	0	0	0	0	0	0	0
7.894027877e-05	2.845500807e-10	0	0	0	0	0	0	0	0	0	0
7.2333579e-05	2.299393084e-10	0	0	0	0	0	0	0	0	0	0
6.456085102e-05	1.697391933e-10	0	0	0	0	0	0	0	0	0	0
5.715249578e-05	1.143547407e-10	0	0	0	0	0	0	0	0	0	0
5.180943373e-05	7.05516903e-11	0	0	0	0	0	0	0	0	0	0
4.95858222e-05	4.071359038e-11	0	0	0	0	0	0	0	0	0	0
5.003027763e-05	2.437701629e-11	0	0	0	0	0	0	0	0	0	0
5.149280145e-05	1.840489937e-11	0	0	0	0	0	0	0	0	0	0
5.233755361e-05	1.693613395e-11	0	0	0	0	0	0	0	0	0	0
5.171837721e-05	1.614522655e-11	0	0	0	0	0	0	0	0	0	0
4.970789772e-05	1.581170257e-11	0	0	0	0	0	0	0	0	0	0
4.710514798e-05	1.671559061e-11	0	0	0	0	0	0	0	0	0	0
4.507113948e-05	1.939719618e-11	0	0	0	0	0	0	0	0	0	0
4.46118333e-05	2.38688452e-11	0	0	0	0	0	0	0	0	0	0
4.611075229e-05	3.009266417e-11	0	0	0	0	0	0	0	0	0	0
4.929069201e-05	3.777376305e-11	0	0	0	0	0	0	0	0	0	0
5.35238032e-05	4.650127262e-11	0	0	0	0	0	0	0	0	0	0
5.810085113e-05	5.541334873e-11	0	0	0	0	0	0	0	0	0	0
6.237597219e-05	6.346849707e-11	0	0	0	0	0	0	0	0	0	0
6.589355187e-05	6.996708922e-11	0	0	0	0	0	0	0	0	0	0
6.861919232e-05	7.562347981e-11	0	0	0	0	0	0	0	0	0	0
7.125547543e-05	8.365789031e-11	0	0	0	0	0	0	0	0	0	0
7.56537869e-05	1.024464981e-10	0	0	0	0	0	0	0	0	0	0
8.489839073e-05	1.44578915e-10	0	0	0	0	0	0	0	0	0	0
0.0001021240649	2.210584089e-10	0	0	0	0	0	0	0	0	0	0
0.0001283548117	3.386989049e-10	0	0	0	0	0	0	0	0	0	0
0.0001616417455	4.951805045e-10	0	0	0	0	0	0	0	0	0	0
0.0001978570093	6.787732093e-10	0	0	0	0	0	0	0	0	0	0
0.0002318617122	8.673739209e-10	0	0	0	0	0	0	0	0	0	0
0.0002586535451	1.03429104e-09	2.330276109e-15	0	0	0	0	0	0	0	0	0
0.0002745415142	1.162148507e-09	1.698015291e-15	0	0	0	0	0	0	0	0	0
0.0002781259224	1.234530893e-09	5.973164025e-15	0	0	0	0	0	0	0	0	0
0.0002708060712	1.247528415e-09	1.353284926e-15	0	0	0	0	0	0	0	0	0
0.0002565532997	1.200989169e-09	1.596028283e-15	0	0	0	0	0	0	0	0	0
0.0002408361482	1.098457937e-09	3.073179259e-15	0	0	0	0	0	0	0	0	0
0.0002287661199	9.53449509e-10	0	0	0	0	0	0	0	0	0	0
0.0002229945001	7.865105669e-10	0	0	0	0	0	0	0	0	0	0
0.0002227968716	6.238448627e-10	0	0	0	0	0	0	0	0	0	0
0.0002251399151	4.926813363e-10	0	0	0	0	0	0	0	0	0	0
0.0002266125352	4.114597611e-10	0	0	0	0	0	0	0	0	0	0
0.0002247422542	3.782388583e-10	0	0	0	0	0	0	0	0	0	0
0.000218424618	3.717456164e-10	0	0	0	0	0	0	0	0	0	0
0.0002078710162	3.694441705e-10	0	0	0	0	0	0	0	0	0	0
0.0001943629417	3.588881124e-10	0	0	0	0	0	0	0	0	0	0
0.0001798952188	3.433724158e-10	0	0	0	0	0	0	0	0	0	0
0.000166698086	3.250876167e-10	0	0	0	0	0	0	0	0	0	0
0.0001565576006	3.045622699e-10	0	0	0	0	0	0	0	0	0	0
0.0001500292753	2.817049324e-10	0	0	0	0	0	0	0	0	0	0
0.000146027578	2.568925974e-10	0	0	0	0	0	0	0	0	0	0
0.0001423182096	2.32065616e-10	0	0	0	0	0	0	0	0	0	0
0.0001366437672	2.068443534e-10	0	0	0	0	0	0	0	0	0	0
0.0001277731671	1.813802056e-10	0	0	0	0	0	0	0	0	0	0
0.000115974719	1.568230341e-10	0	0	0	0	0	0	0	0	0	0
0.0001028713151	1.342739986e-10	0	0	0	0	0	0	0	0	0	0
9.08066114e-05	1.13514447e-10	0	0	0	0	0	0	0	0	0	0
8.187046187e-05	9.495098224e-11	0	0	0	0	0	0	0	0	0	0
7.689403152e-05	8.235093764e-11	0	0	0	0	0	0	0	0	0	0
7.514569308e-05	7.898087246e-11	0	0	0	0	0	0	0	0	0	0
7.497532399e-05	8.427068167e-11	0	0	0	0	0	0	0	0	0	0
7.473365374e-05	9.499420594e-11	0	0	0	0	0	0	0	0	0	0
7.32908174e-05	1.067422083e-10	0	0	0	0	0	0	0	0	0	0
7.023418245e-05	1.149915554e-10	0	0	0	0	0	0	0	0	0	0
6.592818668e-05	1.167482672e-10	0	0	0	0	0	0	0	0	0	0
6.138670961e-05	1.115656289e-10	0	0	0	0	0	0	0	0	0	0
5.791631622e-05	1.006898703e-10	0	0	0	0	0	0	0	0	0	0
5.657966067e-05	8.674633891e-11	0	0	0	0	0	0	0	0	0	0
5.773025101e-05	7.257088161e-11	0	0	0	0	0	0	0	0	0	0
6.089940047e-05	6.035563478e-11	0	0	0	0	0	0	0	0	0	0
6.501232682e-05	5.119966961e-11	0	0	0	0	0	0	0	0	0	0
6.877085368e-05	4.459873801e-11	0	0	0	0	0	0	0	0	0	0
7.106636325e-05	3.919231722e-11	0	0	0	0	0	0	0	0	0	0
7.132889229e-05	3.464958594e-11	0	0	0	0	0	0	0	0	0	0
6.960032027e-05	3.124586325e-11	0	0	0	0	0	0	0	0	0	0
6.625940628e-05	2.894735215e-11	0	0	0	0	0	0	0	0	0	0
6.163806051e-05	2.721344091e-11	0	0	0	0	0	0	0	0	0	0
5.594741925e-05	2.602494773e-11	0	0	0	0	0	0	0	0	0	0
4.979153093e-05	2.584292858e-11	0	0	0	0	0	0	0	0	0	0
4.49524738e-05	2.804221138e-11	0	0	0	0	0	0	0	0	0	0
4.429297354e-05	3.707523246e-11	0	0	0	0	0	0	0	0	0	0
4.926354042e-05	6.063247862e-11	0	0	0	0	0	0	0	0	0	0
5.79466833e-05	1.029680917e-10	0	0	0	0	0	0	0	0	0	0
6.716098433e-05	1.588528088e-10	0	0	0	0	0	0	0	0	0	0
7.451878305e-05	2.161379019e-10	0	0	0	0	0	0	0	0	0	0
7.877218166e-05	2.612839384e-10	0	0	0	0	0	0	0	0	0	0
7.964529629e-05	2.847354227e-10	0	0	0	0	0	0	0	0	0	0
7.762790824e-05	2.838079732e-10	0	0	0	0	0	0	0	0	0	0
7.372880731e-05	2.62436077e-10	0	0	0	0	0	0	0	0	0	0
6.918600057e-05	2.280655399e-10	0	0	0	0	0	0	0	0	0	0
6.513101773e-05	1.892936096e-10	0	0	0	0	0	0	0	0	0	0
6.229126376e-05	1.526538736e-10	0	0	0	0	0	0	0	0	0	0
6.083535317e-05	1.219516604e-10	0	0	0	0	0	0	0	0	0	0
6.045980132e-05	9.841813568e-11	0	0	0	0	0	0	0	0	0	0
6.058303899e-05	8.176571714e-11	0	0	0	0	0	0	0	0	0	0
6.056920897e-05	7.074089986e-11	0	0	0	0	0	0	0	0	0	0
5.990521133e-05	6.377497175e-11	0	0	0	0	0	0	0	0	0	0
5.839149931e-05	5.939728464e-11	0	0	0	0	0	0	0	0	0	0
5.627963923e-05	5.655876524e-11	0	0	0	0	0	0	0	0	0	0
5.424726746e-05	5.555182076e-11	0	0	0	0	0	0	0	0	0	0
5.309323592e-05	5.685154493e-11	0	0	0	0	0	0	0	0	0	0
5.326945625e-05	6.122638127e-11	0	0	0	0	0	0	0	0	0	0
5.464032868e-05	6.906573466e-11	0	0	0	0	0	0	0	0	0	0
5.670607421e-05	8.065854978e-11	0	0	0	0	0	0	0	0	0	0
5.897049755e-05	9.472521257e-11	0	0	0	0	0	0	0	0	0	0
6.107830431e-05	1.081873246e-10	0	0	0	0	0	0	0	0	0	0
6.272280415e-05	1.1680847e-10	0	0	0	0	0	0	0	0	0	0
6.359234076e-05	1.150331047e-10	0	0	0	0	0	0	0	0	0	0
6.35181845e-05	1.013724812e-10	0	0	0	0	0	0	0	0	0	0
6.270518972e-05	7.187185716e-11	0	0	0	0	0	0	0	0	0	0
6.187102046e-05	3.783037715e-11	0	0	0	0	0	0	0	0	0	0
6.20002661e-05	2.10912301e-11	0	0	0	0	0	0	0	0	0	0
6.371972638e-05	4.534215631e-11	0	0	0	0	0	0	0	0	0	0
6.67539996e-05	7.669085817e-11	0	0	0	0	0	0	0	0	0	0
7.008727579e-05	1.083304642e-10	0	0	0	0	0	0	0	0	0	0
7.26887974e-05	1.33542848e-10	0	0	0	0	0	0	0	0	0	0
7.419724427e-05	1.425852968e-10	0	0	0	0	0	0	0	0	0	0
7.529904765e-05	1.330188423e-10	0	0	0	0	0	0	0	0	0	0
7.772738012e-05	1.104329564e-10	0	0	0	0	0	0	0	0	0	0
8.379836957e-05	9.710971661e-11	0	0	0	0	0	0	0	0	0	0
9.546503028e-05	1.086762079e-10	0	0	0	0	0	0	0	0	0	0
0.0001136038744	1.528874379e-10	0	0	0	0	0	0	0	0	0	0
0.0001381187559	2.758601622e-10	0	0	0	0	0	0	0	0	0	0
0.0001683387577	5.315101071e-10	0	0	0	0	0	0	0	0	0	0
0.0002032290693	9.511604631e-10	0	0	0	0	0	0	0	0	0	0
0.0002414715333	1.550258517e-09	3.100282445e-15	0	0	0	0	0	0	0	0	0
0.0002815600891	2.3282608e-09	8.713663989e-15	0	0	0	0	0	0	0	0	0
0.0003220168837	3.269330015e-09	8.05674443e-15	0	0	0	0	0	0	0	0	0
0.0003615712861	4.327589611e-09	1.07237599e-14	0	0	0	0	0	0	0	0	0
0.0003992513621	5.404229711e-09	1.416517635e-14	0	0	0	0	0	0	0	0	0
0.000434242584	6.420494272e-09	1.377975857e-14	0	0	0	0	0	0	0	0	0
0.000465577439	7.238593847e-09	1.964782018e-14	0	0	0	0	0	0	0	0	0
0.0004917185088	7.733188827e-09	2.085026276e-14	0	0	0	0	0	0	0	0	0
0.0005102971217	7.812683824e-09	2.347662209e-14	0	0	0	0	0	0	0	0	0
0.0005181985074	7.438882791e-09	2.298860371e-14	0	0	0	0	0	0	0	0	0
0.0005121466596	6.65366054e-09	2.530035346e-14	0	0	0	0	0	0	0	0	0
0.0004896364434	5.575105073e-09	2.450438123e-14	0	0	0	0	0	0	0	0	0
0.0004500071109	4.370166969e-09	1.921182865e-14	0	0	0	0	0	0	0	0	0
0.0003952249993	3.208137223e-09	1.553618576e-14	0	0	0	0	0	0	0	0	0
0.0003300531071	2.191866625e-09	9.327036235e-15	0	0	0	0	0	0	0	0	0
0.0002614324774	1.392207148e-09	7.904126641e-15	0	0	0	0	0	0	0	0	0
0.0001972070783	8.187356512e-10	0	0	0	0	0	0	0	0	0	0
0.0001444731949	4.413834505e-10	0	0	0	0	0	0	0	0	0	0
0.0001076509241	2.146575503e-10	0	0	0	0	0	0	0	0	0	0
8.627963625e-05	9.366927885e-11	0	0	0	0	0	0	0	0	0	0
7.486810666e-05	4.213953782e-11	0	0	0	0	0	0	0	0	0	0
6.729045151e-05	2.713782237e-11	0	0	0	0	0	0	0	0	0	0
6.041135907e-05	2.07278488e-11	0	0	0	0	0	0	0	0	0	0
5.362318698e-05	2.153394072e-11	0	0	0	0	0	0	0	0	0	0
4.738032082e-05	2.873951561e-11	0	0	0	0	0	0	0	0	0	0
4.232058127e-05	3.438783932e-11	0	0	0	0	0	0	0	0	0	0
3.875636799e-05	3.572330862e-11	0	0	0	0	0	0	0	0	0	0
3.638417087e-05	3.336569508e-11	0	0	0	0	0	0	0	0	0	0
3.454711282e-05	2.92843604e-11	0	0	0	0	0	0	0	0	0	0
3.299590481e-05	2.493370063e-11	0	0	0	0	0	0	0	0	0	0
3.230522431e-05	2.12584096e-11	0	0	0	0	0	0	0	0	0	0
3.337064766e-05	1.901380533e-11	0	0	0	0	0	0	0	0	0	0
3.625187384e-05	1.893769965e-11	0	0	0	0	0	0	0	0	0	0
3.988178627e-05	2.155268126e-11	0	0	0	0	0	0	0	0	0	0
4.295228829e-05	2.636736574e-11	0	0	0	0	0	0	0	0	0	0
4.471900546e-05	3.323075411e-11	0	0	0	0	0	0	0	0	0	0
4.52742756e-05	4.337235305e-11	0	0	0	0	0	0	0	0	0	0
4.546151563e-05	5.938820566e-11	0	0	0	0	0	0	0	0	0	0
4.647796889e-05	8.368153408e-11	0	0	0	0	0	0	0	0	0	0
4.916808811e-05	1.174035908e-10	0	0	0	0	0	0	0	0	0	0
5.345785403e-05	1.59464821e-10	0	0	0	0	0	0	0	0	0	0
5.847791089e-05	2.064766159e-10	0	0	0	0	0	0	0	0	0	0
6.309167938e-05	2.523000892e-10	0	0	0	0	0	0	0	0	0	0
6.632158437e-05	2.891198614e-10	0	0	0	0	0	0	0	0	0	0
6.750800222e-05	3.097024061e-10	0	0	0	0	0	0	0	0	0	0
6.636771559e-05	3.09864884e-10	0	0	0	0	0	0	0	0	0	0
6.297244701e-05	2.900475777e-10	0	0	0	0	0	0	0	0	0	0
5.773371663e-05	2.543087533e-10	0	0	0	0	0	0	0	0	0	0
5.13357772e-05	2.094571901e-10	0	0	0	0	0	0	0	0	0	0
4.465765648e-05	1.624669603e-10	0	0	0	0	0	0	0	0	0	0
3.866641915e-05	1.191988196e-10	0	0	0	0	0	0	0	0	0	0
3.428053964e-05	8.300488642e-11	0	0	0	0	0	0	0	0	0	0
3.212412944e-05	5.534417811e-11	0	0	0	0	0	0	0	0	0	0
3.223327113e-05	3.598339763e-11	0	0	0	0	0	0	0	0	0	0
3.404592864e-05	2.398959382e-11	0	0	0	0	0	0	0	0	0	0
3.677948379e-05	1.790744825e-11	0	0	0	0	0	0	0	0	0	0
3.978019072e-05	1.58139814e-11	0	0	0	0	0	0	0	0	0	0
4.264150268e-05	1.546618731e-11	0	0	0	0	0	0	0	0	0	0
4.516391429e-05	1.53770106e-11	0	0	0	0	0	0	0	0	0	0
4.728169403e-05	1.513255277e-11	0	0	0	0	0	0	0	0	0	0
4.899026296e-05	1.471705656e-11	0	0	0	0	0	0	0	0	0	0
5.032835636e-05	1.45615629e-11	0	0	0	0	0	0	0	0	0	0
5.141062464e-05	1.525864946e-11	0	0	0	0	0	0	0	0	0	0
5.244444463e-05	1.736830489e-11	0	0	0	0	0	0	0	0	0	0
5.368157221e-05	2.087409164e-11	0	0	0	0	0	0	0	0	0	0
5.52963878e-05	2.5491121e-11	0	0	0	0	0	0	0	0	0	0
5.729550514e-05	3.037524902e-11	0	0	0	0	0	0	0	0	0	0
5.954045613e-05	3.471584892e-11	0	0	0	0	0	0	0	0	0	0
6.190536843e-05	3.813664006e-11	0	0	0	0	0	0	0	0	0	0
6.462463101e-05	4.138404427e-11	0	0	0	0	0	0	0	0	0	0
6.883418141e-05	4.940527449e-11	0	0	0	0	0	0	0	0	0	0
7.693797373e-05	7.62296247e-11	0	0	0	0	0	0	0	0	0	0
9.18727431e-05	1.396190122e-10	0	0	0	0	0	0	0	0	0	0
0.0001150943691	2.541456578e-10	0	0	0	0	0	0	0	0	0	0
0.000145407892	4.2823968e-10	0	0	0	0	0	0	0	0	0	0
0.0001795290151	6.602476255e-10	0	0	0	0	0	0	0	0	0	0
0.0002131227219	9.306631463e-10	0	0	0	0	0	0	0	0	0	0
0.0002417585303	1.206607108e-09	2.442240881e-15	0	0	0	0	0	0	0	0	0
0.0002617851919	1.445053047e-09	6.472942662e-15	0	0	0	0	0	0	0	0	0
0.0002710830407	1.607697995e-09	9.239753538e-15	0	0	0	0	0	0	0	0	0
0.0002695272293	1.668378905e-09	4.381617441e-15	0	0	0	0	0	0	0	0	0
0.000258995034	1.616350868e-09	4.182725804e-15	0	0	0	0	0	0	0	0	0
0.0002428884577	1.463665638e-09	4.198811428e-15	0	0	0	0	0	0	0	0	0
0.0002252110159	1.237057334e-09	5.825830604e-15	0	0	0	0	0	0	0	0	0
0.0002094187534	9.740872231e-10	0	0	0	0	0	0	0	0	0	0
0.0001974011044	7.131050006e-10	0	0	0	0	0	0	0	0	0	0
0.0001891374312	4.8967356e-10	0	0	0	0	0	0	0	0	0	0
0.0001832559556	3.343860184e-10	0	0	0	0	0	0	0	0	0	0
0.0001780470215	2.681665733e-10	0	0	0	0	0	0	0	0	0	0
0.0001722475168	2.66055952e-10	0	0	0	0	0	0	0	0	0	0
0.0001653268023	2.798602902e-10	0	0	0	0	0	0	0	0	0	0
0.000157426742	2.875452741e-10	0	0	0	0	0	0	0	0	0	0
0.0001491205479	2.895955845e-10	0	0	0	0	0	0	0	0	0	0
0.0001411266497	2.921148105e-10	0	0	0	0	0	0	0	0	0	0
0.0001340297054	2.956402106e-10	0	0	0	0	0	0	0	0	0	0
0.0001280776336	2.960114679e-10	0	0	0	0	0	0	0	0	0	0
0.0001231116501	2.884406208e-10	0	0	0	0	0	0	0	0	0	0
0.000118659677	2.712636041e-10	0	0	0	0	0	0	0	0	0	0
0.0001141756074	2.471606511e-10	0	0	0	0	0	0	0	0	0	0
0.0001092813166	2.204118458e-10	0	0	0	0	0	0	0	0	0	0
0.0001039475378	1.961529062e-10	0	0	0	0	0	0	0	0	0	0
9.849880243e-05	1.774431901e-10	0	0	0	0	0	0	0	0	0	0
9.347960639e-05	1.661955826e-10	0	0	0	0	0	0	0	0	0	0
8.939649158e-05	1.626980933e-10	0	0	0	0	0	0	0	0	0	0
8.646020503e-05	1.66012091e-10	0	0	0	0	0	0	0	0	0	0
8.450223925e-05	1.750554528e-10	0	0	0	0	0	0	0	0	0	0
8.308160952e-05	1.878871983e-10	0	0	0	0	0	0	0	0	0	0
8.17083263e-05	2.020476376e-10	0	0	0	0	0	0	0	0	0	0
8.004404044e-05	2.145320292e-10	0	0	0	0	0	0	0	0	0	0
7.797620224e-05	2.225694392e-10	0	0	0	0	0	0	0	0	0	0
7.560339413e-05	2.247638884e-10	0	0	0	0	0	0	0	0	0	0
7.310522495e-05	2.206369621e-10	0	0	0	0	0	0	0	0	0	0
7.061834873e-05	2.113090666e-10	0	0	0	0	0	0	0	0	0	0
6.811376176e-05	1.981120143e-10	0	0	0	0	0	0	0	0	0	0
6.536934558e-05	1.82308647e-10	0	0	0	0	0	0	0	0	0	0
6.204993342e-05	1.650247962e-10	0	0	0	0	0	0	0	0	0	0
5.787494518e-05	1.47073773e-10	0	0	0	0	0	0	0	0	0	0
5.280721905e-05	1.291396647e-10	0	0	0	0	0	0	0	0	0	0
4.718022948e-05	1.117498829e-10	0	0	0	0	0	0	0	0	0	0
4.165223587e-05	9.566303577e-11	0	0	0	0	0	0	0	0	0	0
3.691240411e-05	8.110142729e-11	0	0	0	0	0	0	0	0	0	0
3.322450882e-05	6.804706781e-11	0	0	0	0	0	0	0	0	0	0
3.026143471e-05	5.621614077e-11	0	0	0	0	0	0	0	0	0	0
2.758312845e-05	4.534927027e-11	0	0	0	0	0	0	0	0	0	0
2.537462129e-05	3.557575131e-11	0	0	0	0	0	0	0	0	0	0
2.476537929e-05	2.754491714e-11	0	0	0	0	0	0	0	0	0	0
2.68535486e-05	2.248998952e-11	0	0	0	0	0	0	0	0	0	0
3.12703863e-05	2.255725347e-11	0	0	0	0	0	0	0	0	0	0
3.650860493e-05	2.872412825e-11	0	0	0	0	0	0	0	0	0	0
4.11367053e-05	3.825463721e-11	0	0	0	0	0	0	0	0	0	0
4.425755209e-05	4.732866437e-11	0	0	0	0	0	0	0	0	0	0
4.550877427e-05	5.34541228e-11	0	0	0	0	0	0	0	0	0	0
4.499725744e-05	5.585722984e-11	0	0	0	0	0	0	0	0	0	0
4.31973284e-05	5.544562041e-11	0	0	0	0	0	0	0	0	0	0
4.091343579e-05	5.42387356e-11	0	0	0	0	0	0	0	0	0	0
3.911678398e-05	5.445849659e-11	0	0	0	0	0	0	0	0	0	0
3.867753442e-05	5.76764052e-11	0	0	0	0	0	0	0	0	0	0
3.992626404e-05	6.370314202e-11	0	0	0	0	0	0	0	0	0	0
4.246400405e-05	7.122882511e-11	0	0	0	0	0	0	0	0	0	0
4.546940835e-05	7.862919971e-11	0	0	0	0	0	0	0	0	0	0
4.814863371e-05	8.382999686e-11	0	0	0	0	0	0	0	0	0	0
5.000347645e-05	8.601274418e-11	0	0	0	0	0	0	0	0	0	0
5.089956905e-05	8.507711523e-11	0	0	0	0	0	0	0	0	0	0
5.104302211e-05	8.09411259e-11	0	0	0	0	0	0	0	0	0	0
5.089848108e-05	7.488291106e-11	0	0	0	0	0	0	0	0	0	0
5.104074716e-05	6.769288782e-11	0	0	0	0	0	0	0	0	0	0
5.198118204e-05	6.043077324e-11	0	0	0	0	0	0	0	0	0	0
5.398356489e-05	5.387070791e-11	0	0	0	0	0	0	0	0	0	0
5.701422975e-05	4.873551484e-11	0	0	0	0	0	0	0	0	0	0
6.080137957e-05	4.563567164e-11	0	0	0	0	0	0	0	0	0	0
6.499918723e-05	4.502000637e-11	0	0	0	0	0	0	0	0	0	0
6.932084999e-05	4.676500586e-11	0	0	0	0	0	0	0	0	0	0
7.359312172e-05	4.986953211e-11	0	0	0	0	0	0	0	0	0	0
7.776370611e-05	5.373455153e-11	0	0	0	0	0	0	0	0	0	0
8.185841831e-05	5.801236139e-11	0	0	0	0	0	0	0	0	0	0
8.591656876e-05	6.162200342e-11	0	0	0	0	0	0	0	0	0	0
8.993741144e-05	6.456850757e-11	0	0	0	0	0	0	0	0	0	0
9.384168485e-05	6.633443329e-11	0	0	0	0	0	0	0	0	0	0
9.748192884e-05	6.721986625e-11	0	0	0	0	0	0	0	0	0	0
0.0001006840092	6.79766405e-11	0	0	0	0	0	0	0	0	0	0
0.0001033325741	6.869067373e-11	0	0	0	0	0	0	0	0	0	0
0.0001054378154	7.037166949e-11	0	0	0	0	0	0	0	0	0	0
0.0001071752966	7.340119585e-11	0	0	0	0	0	0	0	0	0	0
0.0001088615858	7.897927379e-11	0	0	0	0	0	0	0	0	0	0
0.0001108649011	8.68543789e-11	0	0	0	0	0	0	0	0	0	0
0.0001134839053	9.69306485e-11	0	0	0	0	0	0	0	0	0	0
0.0001168381452	1.085694812e-10	0	0	0	0	0	0	0	0	0	0
0.0001208216957	1.21212594e-10	0	0	0	0	0	0	0	0	0	0
0.0001251327275	1.342795174e-10	0	0	0	0	0	0	0	0	0	0
0.0001293829059	1.469542961e-10	0	0	0	0	0	0	0	0	0	0
0.0001332474708	1.607901634e-10	0	0	0	0	0	0	0	0	0	0
0.0001366221275	1.799029838e-10	0	0	0	0	0	0	0	0	0	0
0.0001397510668	2.118437414e-10	0	0	0	0	0	0	0	0	0	0
0.0001432807143	2.653653035e-10	0	0	0	0	0	0	0	0	0	0
0.0001481478106	3.459249439e-10	0	0	0	0	0	0	0	0	0	0
0.0001552578769	4.555948805e-10	0	0	0	0	0	0	0	0	0	0
0.0001649736048	5.847345605e-10	0	0	0	0	0	0	0	0	0	0
0.0001767265726	7.250498713e-10	0	0	0	0	0	0	0	0	0	0
0.0001889469315	8.620716399e-10	0	0	0	0	0	0	0	0	0	0
0.0001994254084	9.718686956e-10	0	0	0	0	0	0	0	0	0	0
0.000205852249	1.044028985e-09	3.965215109e-15	0	0	0	0	0	0	0	0	0
0.0002063715884	1.059582469e-09	3.353736886e-15	0	0	0	0	0	0	0	0	0
0.000200010101	1.013474742e-09	3.358054773e-15	0	0	0	0	0	0	0	0	0
0.0001869172517	9.135223975e-10	0	0	0	0	0	0	0	0	0	0
0.0001683630831	7.758530129e-10	0	0	0	0	0	0	0	0	0	0
0.000146511025	6.198133078e-10	0	0	0	0	0	0	0	0	0	0
0.0001240056588	4.682835627e-10	0	0	0	0	0	0	0	0	0	0
0.0001034617426	3.358032835e-10	0	0	0	0	0	0	0	0	0	0
8.691496225e-05	2.311473457e-10	0	0	0	0	0	0	0	0	0	0
7.529591067e-05	1.548375542e-10	0	0	0	0	0	0	0	0	0	0
6.819265581e-05	1.033079485e-10	0	0	0	0	0	0	0	0	0	0
6.426051572e-05	7.041266826e-11	0	0	0	0	0	0	0	0	0	0
6.204956237e-05	5.04122668e-11	0	0	0	0	0	0	0	0	0	0
6.054178716e-05	3.869267631e-11	0	0	0	0	0	0	0	0	0	0
5.91841116e-05	3.195546643e-11	0	0	0	0	0	0	0	0	0	0
5.771527672e-05	2.786848629e-11	0	0	0	0	0	0	0	0	0	0
5.600649418e-05	2.526851402e-11	0	0	0	0	0	0	0	0	0	0
5.401244047e-05	2.342038734e-11	0	0	0	0	0	0	0	0	0	0
5.17515038e-05	2.216826646e-11	0	0	0	0	0	0	0	0	0	0
4.931701325e-05	2.149838377e-11	0	0	0	0	0	0	0	0	0	0
4.686895834e-05	2.147204845e-11	0	0	0	0	0	0	0	0	0	0
4.459771626e-05	2.238702904e-11	0	0	0	0	0	0	0	0	0	0
4.265916054e-05	2.438591467e-11	0	0	0	0	0	0	0	0	0	0
4.113314607e-05	2.76521662e-11	0	0	0	0	0	0	0	0	0	0
3.99980108e-05	3.230300156e-11	0	0	0	0	0	0	0	0	0	0
3.917260086e-05	3.847347655e-11	0	0	0	0	0	0	0	0	0	0
3.857804871e-05	4.626152143e-11	0	0	0	0	0	0	0	0	0	0
3.816408663e-05	5.561073235e-11	0	0	0	0	0	0	0	0	0	0
3.792414474e-05	6.624149631e-11	0	0	0	0	0	0	0	0	0	0
3.785939399e-05	7.781143193e-11	0	0	0	0	0	0	0	0	0	0
3.793861687e-05	8.951087306e-11	0	0	0	0	0	0	0	0	0	0
3.807231606e-05	1.004513957e-10	0	0	0	0	0	0	0	0	0	0
3.813317493e-05	1.094827516e-10	0	0	0	0	0	0	0	0	0	0
3.798863246e-05	1.156886324e-10	0	0	0	0	0	0	0	0	0	0
3.755217525e-05	1.183164811e-10	0	0	0	0	0	0	0	0	0	0
3.682576483e-05	1.170586778e-10	0	0	0	0	0	0	0	0	0	0
3.592533898e-05	1.122186374e-10	0	0	0	0	0	0	0	0	0	0
3.509397837e-05	1.044550121e-10	0	0	0	0	0	0	0	0	0	0
3.467231388e-05	9.490148995e-11	0	0	0	0	0	0	0	0	0	0
3.50350854e-05	8.500524584e-11	0	0	0	0	0	0	0	0	0	0
3.648160645e-05	7.638960237e-11	0	0	0	0	0	0	0	0	0	0
3.913905939e-05	7.075081901e-11	0	0	0	0	0	0	0	0	0	0
4.293320132e-05	6.969718167e-11	0	0	0	0	0	0	0	0	0	0
4.763162392e-05	7.40251218e-11	0	0	0	0	0	0	0	0	0	0
5.289077674e-05	8.321628667e-11	0	0	0	0	0	0	0	0	0	0
5.828072708e-05	9.544195061e-11	0	0	0	0	0	0	0	0	0	0
6.328381913e-05	1.07662557e-10	0	0	0	0	0	0	0	0	0	0
6.730557194e-05	1.16103115e-10	0	0	0	0	0	0	0	0	0	0
6.971175456e-05	1.168433462e-10	0	0	0	0	0	0	0	0	0	0
6.991296002e-05	1.069484041e-10	0	0	0	0	0	0	0	0	0	0
6.750960272e-05	8.604214741e-11	0	0	0	0	0	0	0	0	0	0
6.248869771e-05	5.799677734e-11	0	0	0	0	0	0	0	0	0	0
5.547753891e-05	3.029041073e-11	0	0	0	0	0	0	0	0	0	0
4.796016392e-05	1.293908174e-11	0	0	0	0	0	0	0	0	0	0
4.21062958e-05	1.054652409e-11	0	0	0	0	0	0	0	0	0	0
3.942827955e-05	1.031462202e-11	0	0	0	0	0	0	0	0	0	0
3.896664837e-05	1.154676425e-11	0	0	0	0	0	0	0	0	0	0
3.870614344e-05	1.199248699e-11	0	0	0	0	0	0	0	0	0	0
4.060583373e-05	1.299685505e-11	0	0	0	0	0	0	0	0	0	0
5.364895884e-05	2.989109055e-11	0	0	0	0	0	0	0	0	0	0
8.39726995e-05	1.23922051e-10	0	0	0	0	0	0	0	0	0	0
0.0001291248624	3.606006082e-10	0	0	0	0	0	0	0	0	0	0
0.0001844136396	8.046882693e-10	0	0	0	0	0	0	0	0	0	0
0.0002448558935	1.50094299e-09	1.68377859e-15	0	0	0	0	0	0	0	0	0
0.0003053362764	2.450024341e-09	2.209601126e-15	0	0	0	0	0	0	0	0	0
0.000361034686	3.59292846e-09	6.452949013e-15	0	0	0	0	0	0	0	0	0
0.000407974361	4.820969818e-09	3.503621113e-15	0	0	0	0	0	0	0	0	0
0.0004434431433	5.973517989e-09	2.196637453e-15	0	0	0	0	0	0	0	0	0
0.0004661641973	6.888212778e-09	3.436817307e-15	0	0	0	0	0	0	0	0	0
0.0004762037714	7.433095583e-09	3.37571006e-15	0	0	0	0	0	0	0	0	0
0.0004746600225	7.53754908e-09	1.91028384e-15	0	0	0	0	0	0	0	0	0
0.0004632543444	7.197191746e-09	3.79703348e-15	0	0	0	0	0	0	0	0	0
0.0004439260227	6.487182859e-09	5.731892516e-15	0	0	0	0	0	0	0	0	0
0.0004185362529	5.525818009e-09	6.229245174e-15	0	0	0	0	0	0	0	0	0
0.0003887154881	4.454875059e-09	1.038492958e-15	0	0	0	0	0	0	0	0	0
0.0003558467641	3.393183656e-09	1.201306489e-15	0	0	0	0	0	0	0	0	0
0.0003211261369	2.445192553e-09	2.745886997e-15	0	0	0	0	0	0	0	0	0
0.0002856523595	1.662720412e-09	4.268294746e-15	0	0	0	0	0	0	0	0	0
0.0002504813433	1.073787021e-09	1.082441122e-15	0	0	0	0	0	0	0	0	0
0.0002166483786	6.706950799e-10	0	0	0	0	0	0	0	0	0	0
0.0001851559462	4.259790696e-10	0	0	0	0	0	0	0	0	0	0
0.0001569476936	2.936287715e-10	0	0	0	0	0	0	0	0	0	0
0.0001328781825	2.210535166e-10	0	0	0	0	0	0	0	0	0	0
0.0001136324742	1.726264272e-10	0	0	0	0	0	0	0	0	0	0
9.954900707e-05	1.388640284e-10	0	0	0	0	0	0	0	0	0	0
9.036752973e-05	1.201526178e-10	0	0	0	0	0	0	0	0	0	0
8.510432243e-05	1.118481304e-10	0	0	0	0	0	0	0	0	0	0
8.232993915e-05	1.048166698e-10	0	0	0	0	0	0	0	0	0	0
8.068860595e-05	9.351237733e-11	0	0	0	0	0	0	0	0	0	0
7.927627148e-05	7.890168236e-11	0	0	0	0	0	0	0	0	0	0
7.770591499e-05	6.494890626e-11	0	0	0	0	0	0	0	0	0	0
7.596027922e-05	5.583411617e-11	0	0	0	0	0	0	0	0	0	0
7.418962243e-05	5.21627422e-11	0	0	0	0	0	0	0	0	0	0
7.252060043e-05	5.201583737e-11	0	0	0	0	0	0	0	0	0	0
7.097000709e-05	5.33164459e-11	0	0	0	0	0	0	0	0	0	0
6.944089814e-05	5.524339058e-11	0	0	0	0	0	0	0	0	0	0
6.779923453e-05	5.693870624e-11	0	0	0	0	0	0	0	0	0	0
6.592845702e-05	5.758294098e-11	0	0	0	0	0	0	0	0	0	0
6.377236598e-05	5.697005877e-11	0	0	0	0	0	0	0	0	0	0
6.13298598e-05	5.497564683e-11	0	0	0	0	0	0	0	0	0	0
5.864617107e-05	5.243741933e-11	0	0	0	0	0	0	0	0	0	0
5.580560005e-05	4.989604325e-11	0	0	0	0	0	0	0	0	0	0
5.292833425e-05	4.809552987e-11	0	0	0	0	0	0	0	0	0	0
5.017736199e-05	4.726222375e-11	0	0	0	0	0	0	0	0	0	0
4.773449306e-05	4.767331926e-11	0	0	0	0	0	0	0	0	0	0
4.578020122e-05	4.924001996e-11	0	0	0	0	0	0	0	0	0	0
4.443948529e-05	5.207961563e-11	0	0	0	0	0	0	0	0	0	0
4.377398087e-05	5.607240641e-11	0	0	0	0	0	0	0	0	0	0
4.377447722e-05	6.136440593e-11	0	0	0	0	0	0	0	0	0	0
4.438641692e-05	6.801336872e-11	0	0	0	0	0	0	0	0	0	0
4.554688894e-05	7.617047747e-11	0	0	0	0	0	0	0	0	0	0
4.719512418e-05	8.629748093e-11	0	0	0	0	0	0	0	0	0	0
4.927273598e-05	9.846617446e-11	0	0	0	0	0	0	0	0	0	0
5.172822521e-05	1.132137254e-10	0	0	0	0	0	0	0	0	0	0
5.450861917e-05	1.308831517e-10	0	0	0	0	0	0	0	0	0	0
5.757227733e-05	1.517296248e-10	0	0	0	0	0	0	0	0	0	0
6.086911337e-05	1.760363992e-10	0	0	0	0	0	0	0	0	0	0
6.436340593e-05	2.039598013e-10	0	0	0	0	0	0	0	0	0	0
6.800767143e-05	2.350642719e-10	0	0	0	0	0	0	0	0	0	0
7.174569465e-05	2.692060813e-10	0	0	0	0	0	0	0	0	0	0
7.549844743e-05	3.052101298e-10	0	0	0	0	0	0	0	0	0	0
7.914367762e-05	3.415931482e-10	0	0	0	0	0	0	0	0	0	0
8.250970902e-05	3.754652022e-10	0	0	0	0	0	0	0	0	0	0
8.536089836e-05	4.043402554e-10	0	0	0	0	0	0	0	0	0	0
8.740003352e-05	4.242877749e-10	0	0	0	0	0	0	0	0	0	0
8.828064618e-05	4.310086269e-10	0	0	0	0	0	0	0	0	0	0
8.763692506e-05	4.213953704e-10	0	0	0	0	0	0	0	0	0	0
8.513875001e-05	3.934510888e-10	0	0	0	0	0	0	0	0	0	0
8.057621236e-05	3.46761085e-10	0	0	0	0	0	0	0	0	0	0
7.398555924e-05	2.854223972e-10	0	0	0	0	0	0	0	0	0	0
6.580877075e-05	2.157255095e-10	0	0	0	0	0	0	0	0	0	0
5.709884323e-05	1.466119908e-10	0	0	0	0	0	0	0	0	0	0
4.960207686e-05	8.659034657e-11	0	0	0	0	0	0	0	0	0	0
4.522229878e-05	4.057162722e-11	0	0	0	0	0	0	0	0	0	0
4.448781112e-05	1.236961185e-11	0	0	0	0	0	0	0	0	0	0
4.577217468e-05	9.477359277e-12	0	0	0	0	0	0	0	0	0	0
4.737089335e-05	8.388192834e-12	0	0	0	0	0	0	0	0	0	0
5.040887949e-05	2.542742569e-11	0	0	0	0	0	0	0	0	0	0
5.962093933e-05	7.794567115e-11	0	0	0	0	0	0	0	0	0	0
7.89270577e-05	1.738642105e-10	0	0	0	0	0	0	0	0	0	0
0.0001069392389	3.285100571e-10	0	0	0	0	0	0	0	0	0	0
0.000138920141	5.467617217e-10	0	0	0	0	0	0	0	0	0	0
0.0001694554717	8.10222219e-10	0	0	0	0	0	0	0	0	0	0
0.0001935839239	1.078292964e-09	7.259930136e-15	0	0	0	0	0	0	0	0	0
0.0002075759226	1.293211255e-09	6.685173739e-15	0	0	0	0	0	0	0	0	0
0.0002096265238	1.408496272e-09	8.338750773e-15	0	0	0	0	0	0	0	0	0
0.000200276428	1.388464486e-09	8.76999801e-15	0	0	0	0	0	0	0	0	0
0.0001825549487	1.237586357e-09	6.186626599e-15	0	0	0	0	0	0	0	0	0
0.0001617961503	1.009934838e-09	5.908187966e-15	0	0	0	0	0	0	0	0	0
0.0001449789423	6.801659392e-10	0	0	0	0	0	0	0	0	0	0
0.0001387324817	3.976829942e-10	0	0	0	0	0	0	0	0	0	0
0.0001453061823	2.373468217e-10	0	0	0	0	0	0	0	0	0	0
0.0001612755802	2.84658623e-10	0	0	0	0	0	0	0	0	0	0
0.0001812402471	3.979212178e-10	0	0	0	0	0	0	0	0	0	0
0.0002009184308	5.344095968e-10	0	0	0	0	0	0	0	0	0	0
0.0002175832448	7.34107593e-10	0	0	0	0	0	0	0	0	0	0
0.0002296546291	1.010933073e-09	4.184178357e-15	0	0	0	0	0	0	0	0	0
0.000236401534	1.330684375e-09	2.740409106e-15	0	0	0	0	0	0	0	0	0
0.0002378000677	1.633401234e-09	3.778755126e-15	0	0	0	0	0	0	0	0	0
0.0002344984883	1.841991372e-09	3.487019844e-15	0	0	0	0	0	0	0	0	0
0.0002278804112	1.898854484e-09	1.029510164e-15	0	0	0	0	0	0	0	0	0
0.0002203441911	1.778536182e-09	5.933292932e-15	0	0	0	0	0	0	0	0	0
0.0002155917315	1.530071915e-09	3.157718548e-15	0	0	0	0	0	0	0	0	0
0.0002182742983	1.294176929e-09	3.552772439e-15	0	0	0	0	0	0	0	0	0
0.000232056235	1.185211989e-09	5.885530677e-15	0	0	0	0	0	0	0	0	0
0.0002570317388	1.176127713e-09	2.964826874e-15	0	0	0	0	0	0	0	0	0
0.0002892327984	1.142209383e-09	6.206254056e-15	0	0	0	0	0	0	0	0	0
0.0003225792208	1.163680856e-09	4.2755761e-15	0	0	0	0	0	0	0	0	0
0.00035101074	1.451339134e-09	1.026679274e-14	0	0	0	0	0	0	0	0	0
0.0003698693107	2.053269005e-09	1.208040042e-14	0	0	0	0	0	0	0	0	0
0.0003764017014	2.690223425e-09	1.208775896e-14	0	0	0	0	0	0	0	0	0
0.0003699636154	3.162294422e-09	1.547466511e-14	0	0	0	0	0	0	0	0	0
0.0003517415207	3.398065815e-09	1.26882412e-14	0	0	0	0	0	0	0	0	0
0.0003241936739	3.329670446e-09	1.218515032e-14	0	0	0	0	0	0	0	0	0
0.0002904510261	3.028384397e-09	9.432293598e-15	0	0	0	0	0	0	0	0	0
0.0002536473068	2.566535335e-09	8.821026482e-15	0	0	0	0	0	0	0	0	0
0.0002164864188	2.04013047e-09	6.199968327e-15	0	0	0	0	0	0	0	0	0
0.0001810387692	1.528573355e-09	5.517260715e-15	0	0	0	0	0	0	0	0	0
0.000148729476	1.081984126e-09	4.134159011e-15	0	0	0	0	0	0	0	0	0
0.0001204909402	7.256148827e-10	0	0	0	0	0	0	0	0	0	0
9.693721599e-05	4.615754061e-10	0	0	0	0	0	0	0	0	0	0
7.845407822e-05	2.786439076e-10	0	0	0	0	0	0	0	0	0	0
6.516035781e-05	1.585156804e-10	0	0	0	0	0	0	0	0	0	0
5.668545798e-05	8.411468346e-11	0	0	0	0	0	0	0	0	0	0
5.205957711e-05	3.998474211e-11	0	0	0	0	0	0	0	0	0	0
4.997499286e-05	1.729729789e-11	0	0	0	0	0	0	0	0	0	0
4.930775274e-05	1.49121212e-11	0	0	0	0	0	0	0	0	0	0
4.93754571e-05	1.891065857e-11	0	0	0	0	0	0	0	0	0	0
4.989537075e-05	1.933192943e-11	0	0	0	0	0	0	0	0	0	0
5.081769228e-05	1.575759053e-11	0	0	0	0	0	0	0	0	0	0
5.219873661e-05	1.208234833e-11	0	0	0	0	0	0	0	0	0	0
5.409978948e-05	1.985058823e-11	0	0	0	0	0	0	0	0	0	0
5.651257397e-05	3.856749066e-11	0	0	0	0	0	0	0	0	0	0
5.931640144e-05	6.356031549e-11	0	0	0	0	0	0	0	0	0	0
6.226781594e-05	9.303490072e-11	0	0	0	0	0	0	0	0	0	0
6.505894364e-05	1.251387323e-10	0	0	0	0	0	0	0	0	0	0
6.738643194e-05	1.574108475e-10	0	0	0	0	0	0	0	0	0	0
6.903735839e-05	1.879228729e-10	0	0	0	0	0	0	0	0	0	0
6.988606302e-05	2.14542153e-10	0	0	0	0	0	0	0	0	0	0
6.994979127e-05	2.353607193e-10	0	0	0	0	0	0	0	0	0	0
6.934414852e-05	2.49192305e-10	0	0	0	0	0	0	0	0	0	0
6.82549251e-05	2.565274956e-10	0	0	0	0	0	0	0	0	0	0
6.685030596e-05	2.575676231e-10	0	0	0	0	0	0	0	0	0	0
6.531232794e-05	2.533893648e-10	0	0	0	0	0	0	0	0	0	0
6.377465414e-05	2.447755324e-10	0	0	0	0	0	0	0	0	0	0
6.233723686e-05	2.331133891e-10	0	0	0	0	0	0	0	0	0	0
6.106974668e-05	2.19600689e-10	0	0	0	0	0	0	0	0	0	0
6.000559606e-05	2.052565929e-10	0	0	0	0	0	0	0	0	0	0
5.914166811e-05	1.906698459e-10	0	0	0	0	0	0	0	0	0	0
5.844098564e-05	1.764624988e-10	0	0	0	0	0	0	0	0	0	0
5.78522483e-05	1.632643844e-10	0	0	0	0	0	0	0	0	0	0
5.732835976e-05	1.509953886e-10	0	0	0	0	0	0	0	0	0	0
5.682826943e-05	1.398644021e-10	0	0	0	0	0	0	0	0	0	0
5.631568369e-05	1.299446487e-10	0	0	0	0	0	0	0	0	0	0
5.578922378e-05	1.212062617e-10	0	0	0	0	0	0	0	0	0	0
5.537694714e-05	1.135777286e-10	0	0	0	0	0	0	0	0	0	0
5.539235344e-05	1.075125266e-10	0	0	0	0	0	0	0	0	0	0
5.623137817e-05	1.033672098e-10	0	0	0	0	0	0	0	0	0	0
5.801673095e-05	1.011070704e-10	0	0	0	0	0	0	0	0	0	0
6.026592892e-05	9.968695127e-11	0	0	0	0	0	0	0	0	0	0
6.197131882e-05	9.655055804e-11	0	0	0	0	0	0	0	0	0	0
6.214335279e-05	8.950914461e-11	0	0	0	0	0	0	0	0	0	0
6.043041759e-05	7.921672399e-11	0	0	0	0	0	0	0	0	0	0
5.745072587e-05	6.956801037e-11	0	0	0	0	0	0	0	0	0	0
5.457141067e-05	6.349638399e-11	0	0	0	0	0	0	0	0	0	0
5.308892056e-05	6.128247656e-11	0	0	0	0	0	0	0	0	0	0
