7.493400059e-08	3.220057015e-12	0	0	0	0	0	0	0	0	0	0
1.155493412e-07	4.638249708e-13	0	0	0	0	0	0	0	0	0	0
6.183086379e-07	6.516948038e-13	0	0	0	0	0	0	0	0	0	0
3.131943991e-06	2.524981312e-12	0	0	0	0	0	0	0	0	0	0
1.514643759e-05	1.139350051e-11	0	0	0	0	0	0	0	0	0	0
6.761948224e-05	5.168411312e-11	0	0	0	0	0	0	0	0	0	0
0.0002866243282	3.775534002e-10	0	0	0	0	0	0	0	0	0	0
0.0007827978138	3.39845896e-09	5.979430657e-15	0	0	0	0	0	0	0	0	0
0.0005767526143	1.697040462e-09	4.900394595e-15	0	0	0	0	0	0	0	0	0
0.0005381341504	1.368471476e-09	2.334996195e-15	0	0	0	0	0	0	0	0	0
0.0004891524083	1.031744194e-09	5.92317397e-15	0	0	0	0	0	0	0	0	0
0.0004352483302	7.55577175e-10	0	0	0	0	0	0	0	0	0	0
0.000381932248	5.956884513e-10	0	0	0	0	0	0	0	0	0	0
0.0003341589195	5.562992207e-10	0	0	0	0	0	0	0	0	0	0
0.0002955725811	6.194582512e-10	0	0	0	0	0	0	0	0	0	0
0.0002679530851	7.435332602e-10	0	0	0	0	0	0	0	0	0	0
0.0002509546524	8.979760221e-10	0	0	0	0	0	0	0	0	0	0
0.0002424419574	1.041983309e-09	8.66691612e-16	0	0	0	0	0	0	0	0	0
0.0002392412748	1.151734894e-09	6.68912916e-15	0	0	0	0	0	0	0	0	0
0.0002379956776	1.201771088e-09	8.817937796e-15	0	0	0	0	0	0	0	0	0
0.0002359234066	1.178223427e-09	9.65392522e-16	0	0	0	0	0	0	0	0	0
0.0002312188126	1.070602055e-09	1.920876739e-15	0	0	0	0	0	0	0	0	0
0.0002234233107	8.876459545e-10	0	0	0	0	0	0	0	0	0	0
0.000213663424	6.605032537e-10	0	0	0	0	0	0	0	0	0	0
0.0002048836026	4.397434723e-10	0	0	0	0	0	0	0	0	0	0
0.0002016089041	3.877675169e-10	0	0	0	0	0	0	0	0	0	0
0.0002088570304	6.912194115e-10	0	0	0	0	0	0	0	0	0	0
0.0002299858872	1.399405681e-09	4.91068376e-15	0	0	0	0	0	0	0	0	0
0.0002651332455	2.643917e-09	1.000447861e-14	0	0	0	0	0	0	0	0	0
0.0003120557737	4.568084721e-09	1.762785773e-14	0	0	0	0	0	0	0	0	0
0.0003674642708	7.236579298e-09	2.559073668e-14	0	0	0	0	0	0	0	0	0
0.0004278285203	1.061756022e-08	3.73602351e-14	0	0	0	0	0	0	0	0	0
0.0004894451266	1.453261443e-08	5.227436289e-14	0	0	0	0	0	0	0	0	0
0.0005485231926	1.862357632e-08	6.473753214e-14	0	0	0	0	0	0	0	0	0
0.0006011087969	2.239026296e-08	7.889361761e-14	0	0	0	0	0	0	0	0	0
0.0006430803885	2.521657241e-08	8.714529764e-14	0	0	0	0	0	0	0	0	0
0.0006700012501	2.644251127e-08	9.115861878e-14	0	0	0	0	0	0	0	0	0
0.0006770738138	2.556530158e-08	8.633202461e-14	0	0	0	0	0	0	0	0	0
0.0006594042736	2.251654736e-08	7.496453047e-14	0	0	0	0	0	0	0	0	0
0.0006133087783	1.771593871e-08	5.677210477e-14	0	0	0	0	0	0	0	0	0
0.0005383727141	1.224519127e-08	3.926215779e-14	0	0	0	0	0	0	0	0	0
0.0004410164118	7.196433978e-09	1.986805412e-14	0	0	0	0	0	0	0	0	0
0.000337969639	3.474553944e-09	1.06083931e-14	0	0	0	0	0	0	0	0	0
0.0002563442927	1.304719129e-09	6.342664342e-15	0	0	0	0	0	0	0	0	0
0.0002169932951	3.641881116e-10	0	0	0	0	0	0	0	0	0	0
0.0002043478024	1.926186893e-10	0	0	0	0	0	0	0	0	0	0
0.0001994614547	2.534001966e-10	0	0	0	0	0	0	0	0	0	0
0.0002420150343	4.221107524e-10	0	0	0	0	0	0	0	0	0	0
0.0003767259357	7.614282554e-10	0	0	0	0	0	0	0	0	0	0
0.0005807718111	2.355287847e-09	1.155978703e-14	0	0	0	0	0	0	0	0	0
0.0008192004527	7.041295472e-09	2.417886676e-14	0	0	0	0	0	0	0	0	0
0.001066570498	1.69035316e-08	4.176066211e-14	0	0	0	0	0	0	0	0	0
0.001305154858	3.319399497e-08	6.271526508e-14	0	0	0	0	0	0	0	0	0
0.001522332162	5.534017277e-08	8.721881467e-14	0	0	0	0	0	0	0	0	0
0.001709166434	8.040469498e-08	1.115242263e-13	0	0	0	0	0	0	0	0	0
0.001858769282	1.039419902e-07	1.318651534e-13	0	0	0	0	0	0	0	0	0
0.001965974405	1.206669001e-07	1.477622303e-13	0	0	0	0	0	0	0	0	0
0.002027275838	1.274688216e-07	1.56114942e-13	0	0	0	0	0	0	0	0	0
0.002040617566	1.229068686e-07	1.560611881e-13	0	0	0	0	0	0	0	0	0
0.002005801043	1.088637474e-07	1.475837021e-13	0	0	0	0	0	0	0	0	0
0.001924720625	8.862678552e-08	1.301423409e-13	0	0	0	0	0	0	0	0	0
0.001802057933	6.694191938e-08	1.083623352e-13	0	0	0	0	0	0	0	0	0
0.001645580241	4.706953716e-08	8.449084284e-14	0	0	0	0	0	0	0	0	0
0.001466546992	3.134464933e-08	6.040388098e-14	0	0	0	0	0	0	0	0	0
0.001278780477	2.025360264e-08	4.055644844e-14	0	0	0	0	0	0	0	0	0
0.001096585336	1.312044306e-08	2.438824622e-14	0	0	0	0	0	0	0	0	0
0.0009318506549	8.684614454e-09	1.40631856e-14	0	0	0	0	0	0	0	0	0
0.0007910457788	5.87700496e-09	6.532546727e-15	0	0	0	0	0	0	0	0	0
0.0006743545096	3.96012725e-09	3.810390467e-15	0	0	0	0	0	0	0	0	0
0.0005775092078	2.604657501e-09	5.303709758e-15	0	0	0	0	0	0	0	0	0
0.0004957492432	1.650196813e-09	6.532625433e-15	0	0	0	0	0	0	0	0	0
0.000427119823	1.011833033e-09	3.348545889e-15	0	0	0	0	0	0	0	0	0
0.000372985948	6.074791525e-10	0	0	0	0	0	0	0	0	0	0
0.0003356025192	3.856564033e-10	0	0	0	0	0	0	0	0	0	0
0.0003137260871	3.497596648e-10	0	0	0	0	0	0	0	0	0	0
0.0003009497344	4.346882708e-10	0	0	0	0	0	0	0	0	0	0
0.0002893148513	5.226481644e-10	0	0	0	0	0	0	0	0	0	0
0.0002744388679	5.58902332e-10	0	0	0	0	0	0	0	0	0	0
0.0002576378641	5.312452268e-10	0	0	0	0	0	0	0	0	0	0
0.0002444376814	4.563521452e-10	0	0	0	0	0	0	0	0	0	0
0.000240102941	3.638865297e-10	0	0	0	0	0	0	0	0	0	0
0.0002457176692	2.884840669e-10	0	0	0	0	0	0	0	0	0	0
0.0002587115757	2.600339882e-10	0	0	0	0	0	0	0	0	0	0
0.0002760676293	2.715762786e-10	0	0	0	0	0	0	0	0	0	0
0.000295586129	2.964053433e-10	0	0	0	0	0	0	0	0	0	0
0.0003150701318	3.643176809e-10	0	0	0	0	0	0	0	0	0	0
0.0003317509875	5.833639218e-10	0	0	0	0	0	0	0	0	0	0
0.0003430851982	1.01206154e-09	3.633144037e-15	0	0	0	0	0	0	0	0	0
0.0003476257772	1.652088568e-09	1.067214275e-14	0	0	0	0	0	0	0	0	0
0.0003457908774	2.440038861e-09	8.260181602e-15	0	0	0	0	0	0	0	0	0
0.0003388774063	3.248347923e-09	1.269536653e-14	0	0	0	0	0	0	0	0	0
0.000328070941	3.930721006e-09	1.320571184e-14	0	0	0	0	0	0	0	0	0
0.0003138902302	4.353342283e-09	1.454451243e-14	0	0	0	0	0	0	0	0	0
0.0002965103372	4.44781127e-09	1.37476339e-14	0	0	0	0	0	0	0	0	0
0.0002767619445	4.211714822e-09	1.412745447e-14	0	0	0	0	0	0	0	0	0
0.0002570326727	3.704270541e-09	1.093230581e-14	0	0	0	0	0	0	0	0	0
0.0002409247067	3.035350108e-09	8.612483534e-15	0	0	0	0	0	0	0	0	0
0.0002320270347	2.31814305e-09	6.574833352e-15	0	0	0	0	0	0	0	0	0
0.0002319477111	1.659421123e-09	4.063427712e-15	0	0	0	0	0	0	0	0	0
0.0002394850553	1.142970805e-09	4.249500545e-15	0	0	0	0	0	0	0	0	0
0.0002517547507	8.203876991e-10	0	0	0	0	0	0	0	0	0	0
0.0002660265726	6.87744978e-10	0	0	0	0	0	0	0	0	0	0
0.0002805586022	6.847237703e-10	0	0	0	0	0	0	0	0	0	0
0.0002947306403	7.404924376e-10	0	0	0	0	0	0	0	0	0	0
0.0003088085594	8.228249295e-10	0	0	0	0	0	0	0	0	0	0
0.0003235166483	9.174909055e-10	0	0	0	0	0	0	0	0	0	0
0.000339465755	9.978783388e-10	0	0	0	0	0	0	0	0	0	0
0.0003567248336	1.049217257e-09	7.31824388e-16	0	0	0	0	0	0	0	0	0
0.0003746008679	1.054301571e-09	4.348554217e-15	0	0	0	0	0	0	0	0	0
0.0003917960648	1.017210257e-09	2.700671897e-15	0	0	0	0	0	0	0	0	0
0.000406880539	9.379382499e-10	0	0	0	0	0	0	0	0	0	0
0.0004187722406	8.392198857e-10	0	0	0	0	0	0	0	0	0	0
0.0004272073693	7.61020581e-10	0	0	0	0	0	0	0	0	0	0
0.0004329353273	7.653587874e-10	0	0	0	0	0	0	0	0	0	0
0.0004378020346	9.137910342e-10	0	0	0	0	0	0	0	0	0	0
0.000444435449	1.214515834e-09	4.627898511e-15	0	0	0	0	0	0	0	0	0
0.0004556533013	1.652428348e-09	3.233305985e-15	0	0	0	0	0	0	0	0	0
0.0004734702311	2.214765339e-09	4.871449035e-15	0	0	0	0	0	0	0	0	0
0.0004981865629	2.846241308e-09	5.811526004e-15	0	0	0	0	0	0	0	0	0
0.000527893389	3.467733784e-09	7.407986431e-15	0	0	0	0	0	0	0	0	0
0.0005587385806	3.976029384e-09	9.258125234e-15	0	0	0	0	0	0	0	0	0
0.0005858343139	4.270475588e-09	9.178596693e-15	0	0	0	0	0	0	0	0	0
0.0006041482986	4.276108301e-09	9.764617726e-15	0	0	0	0	0	0	0	0	0
0.0006093197331	3.956292889e-09	7.854061148e-15	0	0	0	0	0	0	0	0	0
0.0005984625647	3.354902593e-09	6.21741413e-15	0	0	0	0	0	0	0	0	0
0.0005706958015	2.569899944e-09	5.365053527e-15	0	0	0	0	0	0	0	0	0
0.0005275022303	1.73795701e-09	5.532685985e-15	0	0	0	0	0	0	0	0	0
0.0004728263158	1.011450061e-09	7.0336519e-15	0	0	0	0	0	0	0	0	0
0.0004129369865	5.664044403e-10	0	0	0	0	0	0	0	0	0	0
0.0003560988189	5.433317302e-10	0	0	0	0	0	0	0	0	0	0
0.0003118955916	7.436214196e-10	0	0	0	0	0	0	0	0	0	0
0.0002892376996	1.020480751e-09	1.014590747e-15	0	0	0	0	0	0	0	0	0
0.0002919776243	1.363060072e-09	4.862832906e-15	0	0	0	0	0	0	0	0	0
0.0003155678329	1.735951451e-09	9.28783397e-16	0	0	0	0	0	0	0	0	0
0.0003499589896	2.09962421e-09	8.089561037e-15	0	0	0	0	0	0	0	0	0
0.0003843454661	2.405003617e-09	3.517548382e-15	0	0	0	0	0	0	0	0	0
0.0004093145895	2.611751487e-09	2.223530987e-15	0	0	0	0	0	0	0	0	0
0.0004176874343	2.678523995e-09	1.860143336e-15	0	0	0	0	0	0	0	0	0
0.0004053233048	2.574353132e-09	7.739077548e-15	0	0	0	0	0	0	0	0	0
0.0003718489761	2.289569006e-09	1.276060904e-14	0	0	0	0	0	0	0	0	0
0.0003209643351	1.833593808e-09	1.507333627e-15	0	0	0	0	0	0	0	0	0
0.0002604590953	1.26539455e-09	4.946566135e-15	0	0	0	0	0	0	0	0	0
0.000203275874	6.866044522e-10	0	0	0	0	0	0	0	0	0	0
0.0001710390091	3.013757699e-10	0	0	0	0	0	0	0	0	0	0
0.0001872944533	7.091734492e-10	0	0	0	0	0	0	0	0	0	0
0.0002487516283	2.23208654e-09	7.957379691e-15	0	0	0	0	0	0	0	0	0
0.0003379047694	5.538339873e-09	2.016827552e-14	0	0	0	0	0	0	0	0	0
0.0004456387427	1.141932745e-08	4.430321663e-14	0	0	0	0	0	0	0	0	0
0.0005679853238	2.058085467e-08	7.354557649e-14	0	0	0	0	0	0	0	0	0
0.0007022437785	3.352566581e-08	1.221874537e-13	0	0	0	0	0	0	0	0	0
0.0008457247843	5.028253362e-08	1.792966159e-13	0	0	0	0	0	0	0	0	0
0.0009947495236	7.027783646e-08	2.50785084e-13	0	0	0	0	0	0	0	0	0
0.001143915416	9.19044584e-08	3.229354474e-13	0	0	0	0	0	0	0	0	0
0.00128500636	1.122537872e-07	3.861904058e-13	0	0	0	0	0	0	0	0	0
0.001405529165	1.268025808e-07	4.296851725e-13	0	0	0	0	0	0	0	0	0
0.001487105078	1.30410521e-07	4.314497088e-13	0	0	0	0	0	0	0	0	0
0.001504853401	1.190788331e-07	3.813543275e-13	0	0	0	0	0	0	0	0	0
0.001430101664	9.336780666e-08	2.915790071e-13	0	0	0	0	0	0	0	0	0
0.001241531328	6.022883583e-08	1.793454541e-13	0	0	0	0	0	0	0	0	0
0.0009469206423	3.030927953e-08	8.13089479e-14	0	0	0	0	0	0	0	0	0
0.0006131650129	1.099949767e-08	3.012744395e-14	0	0	0	0	0	0	0	0	0
0.0003889173596	2.432334272e-09	9.073337733e-15	0	0	0	0	0	0	0	0	0
0.0003560631819	7.926713022e-10	0	0	0	0	0	0	0	0	0	0
0.0003687771719	1.884139731e-09	1.42640913e-15	0	0	0	0	0	0	0	0	0
0.0006096028729	4.64077495e-09	6.267237139e-15	0	0	0	0	0	0	0	0	0
0.001208883702	7.881169589e-09	3.52715701e-14	0	0	0	0	0	0	0	0	0
0.001997941862	1.074290187e-08	1.02305692e-13	0	0	0	0	0	0	0	0	0
0.002821416467	2.757105347e-08	2.038139491e-13	0	0	0	0	0	0	0	0	0
0.003557122792	8.415086215e-08	3.199626659e-13	0	0	0	0	0	0	0	0	0
0.004119986521	1.815018881e-07	4.278256001e-13	0	0	0	0	0	0	0	0	0
0.004462832184	3.041160822e-07	5.051460113e-13	0	0	0	0	0	0	0	0	0
0.004572765089	4.204468423e-07	5.381561142e-13	0	0	0	0	0	0	0	0	0
0.004464067288	4.98136128e-07	5.333904812e-13	0	0	0	0	0	0	0	0	0
0.004170044658	5.167299207e-07	4.885408717e-13	0	0	0	0	0	0	0	0	0
0.003735703422	4.731826692e-07	4.225761126e-13	0	0	0	0	0	0	0	0	0
0.003211443758	3.86812798e-07	3.390017319e-13	0	0	0	0	0	0	0	0	0
0.002648453889	2.827381461e-07	2.532598812e-13	0	0	0	0	0	0	0	0	0
0.002095805443	1.84726416e-07	1.726939273e-13	0	0	0	0	0	0	0	0	0
0.001599162724	1.065513069e-07	1.067403598e-13	0	0	0	0	0	0	0	0	0
0.001198863588	5.334463803e-08	5.993403103e-14	0	0	0	0	0	0	0	0	0
0.0009232931714	2.241698004e-08	2.806818008e-14	0	0	0	0	0	0	0	0	0
0.0007707084896	8.233812607e-09	8.943201496e-15	0	0	0	0	0	0	0	0	0
0.0006987519111	5.021858947e-09	3.616050363e-15	0	0	0	0	0	0	0	0	0
0.0006546390033	4.901031518e-09	2.013472046e-15	0	0	0	0	0	0	0	0	0
0.0006094287274	4.61192934e-09	5.203995421e-15	0	0	0	0	0	0	0	0	0
0.0005577182452	4.095984689e-09	1.642801015e-15	0	0	0	0	0	0	0	0	0
0.0005035690216	3.414898646e-09	3.521921315e-15	0	0	0	0	0	0	0	0	0
0.0004525085758	2.665694112e-09	3.049854145e-15	0	0	0	0	0	0	0	0	0
0.000413138507	1.980041503e-09	4.492514371e-15	0	0	0	0	0	0	0	0	0
0.0004006634748	1.440790617e-09	6.792224537e-15	0	0	0	0	0	0	0	0	0
0.0004274414184	1.08953772e-09	5.825977528e-15	0	0	0	0	0	0	0	0	0
0.0004852670925	1.099521066e-09	2.35283755e-15	0	0	0	0	0	0	0	0	0
0.000549565414	1.545901557e-09	2.554657413e-15	0	0	0	0	0	0	0	0	0
0.0005966949875	2.157778995e-09	8.635837869e-15	0	0	0	0	0	0	0	0	0
0.0006130793961	2.641395411e-09	1.242592149e-14	0	0	0	0	0	0	0	0	0
0.0005969153576	2.833073262e-09	8.56336654e-16	0	0	0	0	0	0	0	0	0
0.0005559699481	2.678610006e-09	7.276330733e-15	0	0	0	0	0	0	0	0	0
0.0005028563731	2.238757422e-09	3.418567304e-15	0	0	0	0	0	0	0	0	0
0.0004492176043	1.652810057e-09	3.00727612e-15	0	0	0	0	0	0	0	0	0
0.0004042810099	1.070739174e-09	9.171264406e-15	0	0	0	0	0	0	0	0	0
0.000380500184	6.537826033e-10	0	0	0	0	0	0	0	0	0	0
0.0003958772091	4.595339958e-10	0	0	0	0	0	0	0	0	0	0
0.0004566128418	4.166379905e-10	0	0	0	0	0	0	0	0	0	0
0.0005430251756	5.945655545e-10	0	0	0	0	0	0	0	0	0	0
0.0006243174418	9.926423552e-10	0	0	0	0	0	0	0	0	0	0
0.0006750885918	1.377618431e-09	4.652616934e-15	0	0	0	0	0	0	0	0	0
0.0006817417394	1.580125883e-09	7.845376333e-15	0	0	0	0	0	0	0	0	0
0.0006440957129	1.569158872e-09	2.034371694e-15	0	0	0	0	0	0	0	0	0
0.000574154691	1.512404251e-09	1.844134478e-14	0	0	0	0	0	0	0	0	0
0.0004921977213	1.666429137e-09	4.710423149e-15	0	0	0	0	0	0	0	0	0
0.0004211126155	2.041573116e-09	6.221626725e-15	0	0	0	0	0	0	0	0	0
0.0003790475227	2.4609148e-09	7.818996744e-15	0	0	0	0	0	0	0	0	0
0.0003722797601	2.73399246e-09	8.70418355e-15	0	0	0	0	0	0	0	0	0
0.0003947423551	2.772690685e-09	6.44295976e-15	0	0	0	0	0	0	0	0	0
0.0004349049679	2.576287302e-09	6.836060053e-15	0	0	0	0	0	0	0	0	0
0.000480843469	2.271306363e-09	4.583168084e-15	0	0	0	0	0	0	0	0	0
0.0005221154216	2.108408955e-09	6.711579325e-15	0	0	0	0	0	0	0	0	0
0.0005511361896	2.334817902e-09	4.189608534e-15	0	0	0	0	0	0	0	0	0
0.0005649280654	2.834581933e-09	1.140115988e-14	0	0	0	0	0	0	0	0	0
0.0005652346023	3.302962225e-09	6.995300568e-15	0	0	0	0	0	0	0	0	0
0.0005571334042	3.56749554e-09	2.907955466e-15	0	0	0	0	0	0	0	0	0
0.000546886416	3.601262168e-09	8.2279406e-15	0	0	0	0	0	0	0	0	0
0.0005407225108	3.460291985e-09	3.608891044e-15	0	0	0	0	0	0	0	0	0
0.0005443667298	3.244276543e-09	1.369510013e-15	0	0	0	0	0	0	0	0	0
0.0005626289812	3.049402998e-09	1.099665188e-15	0	0	0	0	0	0	0	0	0
0.0005970357181	2.93135551e-09	4.880906918e-15	0	0	0	0	0	0	0	0	0
0.0006436583257	2.871775745e-09	4.962050126e-15	0	0	0	0	0	0	0	0	0
0.0006938821258	2.822346342e-09	1.148198243e-15	0	0	0	0	0	0	0	0	0
0.0007374364412	2.724734157e-09	2.271461804e-15	0	0	0	0	0	0	0	0	0
0.0007657102735	2.520498378e-09	7.16732672e-16	0	0	0	0	0	0	0	0	0
0.0007737216798	2.183025389e-09	3.906291757e-15	0	0	0	0	0	0	0	0	0
0.0007610803124	1.765797621e-09	2.255409509e-15	0	0	0	0	0	0	0	0	0
0.0007320104104	1.456358649e-09	6.801692311e-15	0	0	0	0	0	0	0	0	0
0.000694675951	1.547540309e-09	6.86437284e-15	0	0	0	0	0	0	0	0	0
0.0006603494894	2.198019516e-09	3.701449162e-15	0	0	0	0	0	0	0	0	0
0.0006412807864	3.659538746e-09	8.560776075e-15	0	0	0	0	0	0	0	0	0
0.000646721913	6.189651945e-09	1.424247016e-14	0	0	0	0	0	0	0	0	0
0.0006787840894	9.74770291e-09	2.379581808e-14	0	0	0	0	0	0	0	0	0
0.000730618804	1.393345164e-08	3.120431879e-14	0	0	0	0	0	0	0	0	0
0.0007896008917	1.806722573e-08	4.048203721e-14	0	0	0	0	0	0	0	0	0
0.0008409533511	2.134451999e-08	4.765497297e-14	0	0	0	0	0	0	0	0	0
0.0008707454	2.299614258e-08	5.268946061e-14	0	0	0	0	0	0	0	0	0
0.0008674827329	2.252418942e-08	5.199407841e-14	0	0	0	0	0	0	0	0	0
0.0008241246054	1.987495731e-08	4.346363678e-14	0	0	0	0	0	0	0	0	0
0.0007398379727	1.552000437e-08	3.421136984e-14	0	0	0	0	0	0	0	0	0
0.0006216355547	1.04311337e-08	2.315904461e-14	0	0	0	0	0	0	0	0	0
0.0004849062452	5.746231884e-09	1.382338307e-14	0	0	0	0	0	0	0	0	0
0.0003530729486	2.381856258e-09	6.429890777e-15	0	0	0	0	0	0	0	0	0
0.0002594940766	7.126881279e-10	0	0	0	0	0	0	0	0	0	0
0.0002476427647	7.630271e-10	0	0	0	0	0	0	0	0	0	0
0.000330302624	1.833606013e-09	2.337741918e-15	0	0	0	0	0	0	0	0	0
0.0004802857381	3.42129026e-09	2.711009284e-15	0	0	0	0	0	0	0	0	0
0.0006717161441	5.280581849e-09	2.218905763e-15	0	0	0	0	0	0	0	0	0
0.0008731549133	7.120037871e-09	5.438170172e-15	0	0	0	0	0	0	0	0	0
0.001043456675	8.612668492e-09	6.033340456e-15	0	0	0	0	0	0	0	0	0
0.001140850262	9.37925488e-09	7.340935654e-15	0	0	0	0	0	0	0	0	0
0.001136394481	9.153682495e-09	7.2675945e-15	0	0	0	0	0	0	0	0	0
0.001025816656	7.973543459e-09	1.093520845e-14	0	0	0	0	0	0	0	0	0
0.0008339560036	6.187114581e-09	1.158310332e-14	0	0	0	0	0	0	0	0	0
0.0006079660591	4.194686186e-09	6.294002999e-15	0	0	0	0	0	0	0	0	0
0.000399764277	2.293582304e-09	3.516590829e-15	0	0	0	0	0	0	0	0	0
0.0002532267872	7.88228594e-10	0	0	0	0	0	0	0	0	0	0
0.0002261198023	4.344590907e-10	0	0	0	0	0	0	0	0	0	0
0.0003441647184	3.599731119e-09	1.53728269e-14	0	0	0	0	0	0	0	0	0
0.0005436468951	1.402511225e-08	5.619390336e-14	0	0	0	0	0	0	0	0	0
0.0007833370296	3.621618878e-08	1.420800697e-13	0	0	0	0	0	0	0	0	0
0.001042584074	7.303316796e-08	2.826555894e-13	0	0	0	0	0	0	0	0	0
0.001310865408	1.248694702e-07	4.694977744e-13	0	0	0	0	0	0	0	0	0
0.001582654328	1.89317352e-07	6.917122384e-13	0	0	0	0	0	0	0	0	0
0.00185267198	2.608800387e-07	9.309343751e-13	0	0	0	0	0	0	0	0	0
0.002111847929	3.298731582e-07	1.142237949e-12	0	0	0	0	0	0	0	0	0
0.002344865289	3.817421088e-07	1.291943596e-12	0	0	0	0	0	0	0	0	0
0.002526965142	3.978691765e-07	1.309435809e-12	0	0	0	0	0	0	0	0	0
0.002618204703	3.622263443e-07	1.167442087e-12	0	0	0	0	0	0	0	0	0
0.002560312719	2.763802018e-07	8.82344896e-13	0	0	0	0	0	0	0	0	0
0.002293359236	1.68491712e-07	5.321963915e-13	0	0	0	0	0	0	0	0	0
0.00181027348	7.925295194e-08	2.336920283e-13	0	0	0	0	0	0	0	0	0
0.00123368411	2.838816006e-08	6.408302388e-14	0	0	0	0	0	0	0	0	0
0.0008277292344	7.271688943e-09	1.474285035e-14	0	0	0	0	0	0	0	0	0
0.0006849689252	2.997393444e-09	1.085485039e-14	0	0	0	0	0	0	0	0	0
0.0006228512794	7.095069781e-09	1.227999224e-15	0	0	0	0	0	0	0	0	0
0.001079576925	1.770230654e-08	3.142071242e-14	0	0	0	0	0	0	0	0	0
0.002132961983	4.313031153e-08	1.367363871e-13	0	0	0	0	0	0	0	0	0
0.003425112581	7.048908321e-08	3.370781452e-13	0	0	0	0	0	0	0	0	0
0.004713509103	7.722788526e-08	6.09904708e-13	0	0	0	0	0	0	0	0	0
0.00582697585	2.167966723e-07	8.900315884e-13	0	0	0	0	0	0	0	0	0
0.006649083686	5.344382826e-07	1.113360657e-12	0	0	0	0	0	0	0	0	0
0.007111468384	9.197902978e-07	1.244481261e-12	0	0	0	0	0	0	0	0	0
0.007189152879	1.238487891e-06	1.263202513e-12	0	0	0	0	0	0	0	0	0
0.006896161695	1.37965863e-06	1.186857299e-12	0	0	0	0	0	0	0	0	0
0.006279795674	1.30297214e-06	1.033291232e-12	0	0	0	0	0	0	0	0	0
0.005412954763	1.060424468e-06	8.248175413e-13	0	0	0	0	0	0	0	0	0
0.004386327654	7.491709137e-07	5.999872572e-13	0	0	0	0	0	0	0	0	0
0.003305149615	4.627965087e-07	3.958561333e-13	0	0	0	0	0	0	0	0	0
0.002290623612	2.501225439e-07	2.292802664e-13	0	0	0	0	0	0	0	0	0
0.00149139274	1.175170693e-07	1.171718058e-13	0	0	0	0	0	0	0	0	0
0.001073710465	4.735203506e-08	5.495176626e-14	0	0	0	0	0	0	0	0	0
0.001021661671	1.715687275e-08	2.089820821e-14	0	0	0	0	0	0	0	0	0
0.001058790594	8.738187249e-09	6.406535e-15	0	0	0	0	0	0	0	0	0
0.001034930635	7.859775281e-09	2.921427757e-15	0	0	0	0	0	0	0	0	0
0.000963499757	7.684395713e-09	5.491420239e-15	0	0	0	0	0	0	0	0	0
0.0008994712078	7.712925065e-09	1.114909566e-14	0	0	0	0	0	0	0	0	0
0.0008644633204	9.043403069e-09	2.109623793e-14	0	0	0	0	0	0	0	0	0
0.0008334873893	1.162318579e-08	3.494067206e-14	0	0	0	0	0	0	0	0	0
0.0007755290479	1.369091937e-08	4.208729036e-14	0	0	0	0	0	0	0	0	0
0.0006961295583	1.377054209e-08	4.171265028e-14	0	0	0	0	0	0	0	0	0
0.0006529922873	1.186903063e-08	3.664902282e-14	0	0	0	0	0	0	0	0	0
0.0007112511149	8.940519204e-09	2.796548343e-14	0	0	0	0	0	0	0	0	0
0.0008496999084	6.417196037e-09	1.626046709e-14	0	0	0	0	0	0	0	0	0
0.0009897864397	5.450713716e-09	1.548071902e-14	0	0	0	0	0	0	0	0	0
0.001073625224	5.795322208e-09	1.117488806e-14	0	0	0	0	0	0	0	0	0
0.001082079838	6.159409836e-09	1.65871439e-14	0	0	0	0	0	0	0	0	0
0.001029678011	5.88613566e-09	4.777063817e-15	0	0	0	0	0	0	0	0	0
0.0009522157929	5.025682967e-09	4.002145335e-15	0	0	0	0	0	0	0	0	0
0.0008849477577	4.028742327e-09	3.917919232e-15	0	0	0	0	0	0	0	0	0
0.0008392282281	3.495169272e-09	9.655700078e-15	0	0	0	0	0	0	0	0	0
0.0008030961897	3.499311252e-09	2.901963523e-15	0	0	0	0	0	0	0	0	0
0.000769344236	3.549746425e-09	9.937598775e-15	0	0	0	0	0	0	0	0	0
0.0007553295079	3.301217503e-09	5.496501291e-15	0	0	0	0	0	0	0	0	0
0.0007863619312	2.779534296e-09	7.966882126e-15	0	0	0	0	0	0	0	0	0
0.0008585544026	2.506579832e-09	4.738148736e-15	0	0	0	0	0	0	0	0	0
0.0009351212769	2.861823365e-09	7.413497008e-15	0	0	0	0	0	0	0	0	0
0.0009772828356	3.391243315e-09	1.057176197e-14	0	0	0	0	0	0	0	0	0
0.0009660481566	3.86739251e-09	6.32429432e-15	0	0	0	0	0	0	0	0	0
0.0009067574611	4.975707514e-09	1.159012745e-14	0	0	0	0	0	0	0	0	0
0.0008259898449	7.382215129e-09	2.033245961e-14	0	0	0	0	0	0	0	0	0
0.0007624606998	1.081507239e-08	3.093215385e-14	0	0	0	0	0	0	0	0	0
0.000749371086	1.447439737e-08	3.917935856e-14	0	0	0	0	0	0	0	0	0
0.0007930390849	1.74664172e-08	4.48373613e-14	0	0	0	0	0	0	0	0	0
0.0008716272838	1.898239417e-08	4.519261312e-14	0	0	0	0	0	0	0	0	0
0.0009544200616	1.851390016e-08	4.279996636e-14	0	0	0	0	0	0	0	0	0
0.001014837663	1.606003477e-08	3.259161443e-14	0	0	0	0	0	0	0	0	0
0.001034067769	1.226096947e-08	2.136105232e-14	0	0	0	0	0	0	0	0	0
0.001003834007	8.328111264e-09	1.207857686e-14	0	0	0	0	0	0	0	0	0
0.0009290434855	5.715370186e-09	6.336504186e-15	0	0	0	0	0	0	0	0	0
0.0008283480715	5.020219949e-09	2.645020902e-15	0	0	0	0	0	0	0	0	0
0.00072977195	5.095292049e-09	2.964264915e-15	0	0	0	0	0	0	0	0	0
0.0006622672236	5.08783858e-09	7.630584214e-15	0	0	0	0	0	0	0	0	0
0.0006470097718	5.039272071e-09	3.842681656e-15	0	0	0	0	0	0	0	0	0
0.0006920656899	5.151060147e-09	2.876686619e-15	0	0	0	0	0	0	0	0	0
0.0007879071124	5.479878868e-09	2.050553107e-15	0	0	0	0	0	0	0	0	0
0.0009076118777	5.889147738e-09	8.428280049e-15	0	0	0	0	0	0	0	0	0
0.0010165592	6.185324794e-09	8.050537507e-15	0	0	0	0	0	0	0	0	0
0.001086373089	6.206597084e-09	3.092886701e-15	0	0	0	0	0	0	0	0	0
0.001104058527	5.953374412e-09	4.500162358e-15	0	0	0	0	0	0	0	0	0
0.001073469791	5.554489364e-09	3.266254803e-15	0	0	0	0	0	0	0	0	0
0.001008673896	5.063320113e-09	1.214844581e-15	0	0	0	0	0	0	0	0	0
0.0009255304611	4.327497256e-09	3.725332578e-15	0	0	0	0	0	0	0	0	0
0.000838177709	3.341515185e-09	4.0838101e-15	0	0	0	0	0	0	0	0	0
0.0007634359722	2.719706182e-09	6.222627767e-15	0	0	0	0	0	0	0	0	0
0.0007263113532	3.2886717e-09	4.556886335e-15	0	0	0	0	0	0	0	0	0
0.0007524657975	6.918189252e-09	1.898664576e-14	0	0	0	0	0	0	0	0	0
0.000846802787	1.602300036e-08	4.505839568e-14	0	0	0	0	0	0	0	0	0
0.0009867528189	3.052236885e-08	8.286992498e-14	0	0	0	0	0	0	0	0	0
0.001138966363	4.843804394e-08	1.318261331e-13	0	0	0	0	0	0	0	0	0
0.001272146106	6.654816498e-08	1.851939388e-13	0	0	0	0	0	0	0	0	0
0.001360363975	8.113720074e-08	2.244387172e-13	0	0	0	0	0	0	0	0	0
0.001383873319	8.888072101e-08	2.44384966e-13	0	0	0	0	0	0	0	0	0
0.001330582548	8.759189592e-08	2.440515732e-13	0	0	0	0	0	0	0	0	0
0.001198422958	7.701223535e-08	2.156037438e-13	0	0	0	0	0	0	0	0	0
0.0009984111868	5.920762993e-08	1.657765063e-13	0	0	0	0	0	0	0	0	0
0.0007554780872	3.848622308e-08	1.03763969e-13	0	0	0	0	0	0	0	0	0
0.0005065512482	1.999275537e-08	5.236677606e-14	0	0	0	0	0	0	0	0	0
0.0002963693187	7.591471912e-09	1.903009722e-14	0	0	0	0	0	0	0	0	0
0.0002039144406	1.982586057e-09	5.775278887e-15	0	0	0	0	0	0	0	0	0
0.0003324792251	1.876313193e-09	1.0538442e-15	0	0	0	0	0	0	0	0	0
0.0006197720875	5.365435977e-09	4.784888456e-15	0	0	0	0	0	0	0	0	0
0.001020644113	1.083582957e-08	4.696348372e-15	0	0	0	0	0	0	0	0	0
0.00148060965	1.738039082e-08	1.421683746e-14	0	0	0	0	0	0	0	0	0
0.001904640246	2.403935226e-08	3.497312565e-14	0	0	0	0	0	0	0	0	0
0.002176785871	2.912411993e-08	5.975765575e-14	0	0	0	0	0	0	0	0	0
0.002200407866	2.993472096e-08	7.182620717e-14	0	0	0	0	0	0	0	0	0
0.001946426203	2.444175826e-08	5.65678659e-14	0	0	0	0	0	0	0	0	0
0.001488541705	1.42126849e-08	2.850829172e-14	0	0	0	0	0	0	0	0	0
0.0009967071742	5.492338731e-09	7.526989986e-15	0	0	0	0	0	0	0	0	0
0.0006639269002	2.088124112e-09	3.309945444e-15	0	0	0	0	0	0	0	0	0
0.0005324474298	1.594613934e-09	9.956745015e-15	0	0	0	0	0	0	0	0	0
0.0004918400102	1.813248583e-09	1.034212001e-14	0	0	0	0	0	0	0	0	0
0.0005812151361	7.10808435e-09	2.715017072e-14	0	0	0	0	0	0	0	0	0
0.0008436158661	2.880908559e-08	1.099527393e-13	0	0	0	0	0	0	0	0	0
0.001188652469	7.30512231e-08	2.6223224e-13	0	0	0	0	0	0	0	0	0
0.001542016893	1.359906059e-07	4.63791334e-13	0	0	0	0	0	0	0	0	0
0.001867531946	2.045264548e-07	6.636640638e-13	0	0	0	0	0	0	0	0	0
0.002145051232	2.607131635e-07	8.124200827e-13	0	0	0	0	0	0	0	0	0
0.002358477461	2.880324998e-07	8.625280149e-13	0	0	0	0	0	0	0	0	0
0.002490058257	2.743458802e-07	8.016119761e-13	0	0	0	0	0	0	0	0	0
0.00251733467	2.19318459e-07	6.428436159e-13	0	0	0	0	0	0	0	0	0
0.002414324722	1.391820934e-07	4.282874872e-13	0	0	0	0	0	0	0	0	0
0.002162471535	6.342679439e-08	2.22707204e-13	0	0	0	0	0	0	0	0	0
0.001776105633	2.024710099e-08	8.400772658e-14	0	0	0	0	0	0	0	0	0
0.001330829086	1.143701969e-08	1.622444279e-14	0	0	0	0	0	0	0	0	0
0.0009478659441	7.220515406e-09	1.551711116e-15	0	0	0	0	0	0	0	0	0
0.0006767359657	4.887062058e-09	2.987000922e-15	0	0	0	0	0	0	0	0	0
0.0004965598147	4.220826495e-09	4.878806892e-15	0	0	0	0	0	0	0	0	0
0.0007848093836	8.160611054e-09	2.087358216e-14	0	0	0	0	0	0	0	0	0
0.001590131863	1.687963561e-08	9.125660302e-14	0	0	0	0	0	0	0	0	0
0.00261356045	2.834854926e-08	2.251576865e-13	0	0	0	0	0	0	0	0	0
0.003679323481	8.375444611e-08	4.03282899e-13	0	0	0	0	0	0	0	0	0
0.004657052913	2.282329854e-07	6.002536771e-13	0	0	0	0	0	0	0	0	0
0.005450720733	4.542229529e-07	7.79590994e-13	0	0	0	0	0	0	0	0	0
0.00599787995	7.125153033e-07	9.047455547e-13	0	0	0	0	0	0	0	0	0
0.006267341628	9.142956039e-07	9.812609092e-13	0	0	0	0	0	0	0	0	0
0.006256585038	9.871717046e-07	9.861313878e-13	0	0	0	0	0	0	0	0	0
0.00598341356	9.096178396e-07	9.267871432e-13	0	0	0	0	0	0	0	0	0
0.005475139032	7.149092013e-07	8.091518827e-13	0	0	0	0	0	0	0	0	0
0.004760905565	4.78653284e-07	6.351900894e-13	0	0	0	0	0	0	0	0	0
0.003875484803	2.692565719e-07	4.514299187e-13	0	0	0	0	0	0	0	0	0
0.002880883043	1.275389596e-07	2.675919233e-13	0	0	0	0	0	0	0	0	0
0.001905844483	5.108249445e-08	1.286009421e-13	0	0	0	0	0	0	0	0	0
0.001208896155	1.727553656e-08	4.491343152e-14	0	0	0	0	0	0	0	0	0
0.001086428445	6.393242931e-09	8.301049146e-15	0	0	0	0	0	0	0	0	0
0.001262001731	6.697609071e-09	7.210237846e-15	0	0	0	0	0	0	0	0	0
0.001367175123	7.952446696e-09	2.497785212e-15	0	0	0	0	0	0	0	0	0
0.00137900273	8.810743737e-09	1.144894693e-14	0	0	0	0	0	0	0	0	0
0.001367457217	1.417879181e-08	4.502927652e-14	0	0	0	0	0	0	0	0	0
0.001360275037	2.891412936e-08	1.011261207e-13	0	0	0	0	0	0	0	0	0
0.001341880665	4.684988596e-08	1.594223688e-13	0	0	0	0	0	0	0	0	0
0.001285351835	5.862169682e-08	1.985012584e-13	0	0	0	0	0	0	0	0	0
0.001168638502	5.899800349e-08	1.988608489e-13	0	0	0	0	0	0	0	0	0
0.0009916044844	4.88414952e-08	1.659055463e-13	0	0	0	0	0	0	0	0	0
0.0008017532982	3.370295825e-08	1.138390679e-13	0	0	0	0	0	0	0	0	0
0.0007053614738	1.952776317e-08	6.408247604e-14	0	0	0	0	0	0	0	0	0
0.0007702050178	9.730375621e-09	3.173084846e-14	0	0	0	0	0	0	0	0	0
0.0009090681341	4.748573787e-09	1.225918464e-14	0	0	0	0	0	0	0	0	0
0.001014057856	3.191777408e-09	6.662049523e-15	0	0	0	0	0	0	0	0	0
0.001045864091	2.812102732e-09	6.139911598e-15	0	0	0	0	0	0	0	0	0
0.001021266566	2.581488349e-09	5.921018902e-15	0	0	0	0	0	0	0	0	0
0.0009885876153	3.489203922e-09	3.866286122e-15	0	0	0	0	0	0	0	0	0
0.0009905749136	5.817451647e-09	3.956540012e-15	0	0	0	0	0	0	0	0	0
0.001025999587	8.36990995e-09	6.824657374e-15	0	0	0	0	0	0	0	0	0
0.001056157853	1.015686553e-08	7.025398476e-15	0	0	0	0	0	0	0	0	0
0.001044034451	1.06364878e-08	2.020178543e-15	0	0	0	0	0	0	0	0	0
0.0009792931205	9.754283583e-09	1.405337696e-15	0	0	0	0	0	0	0	0	0
0.0008801923137	7.789413149e-09	7.158525947e-15	0	0	0	0	0	0	0	0	0
0.0007835199262	5.363119175e-09	7.083180496e-15	0	0	0	0	0	0	0	0	0
0.0007239353125	3.270939918e-09	7.446335274e-15	0	0	0	0	0	0	0	0	0
0.0007085182535	2.370491244e-09	8.220226327e-15	0	0	0	0	0	0	0	0	0
0.0007155783454	3.46730412e-09	1.28063607e-14	0	0	0	0	0	0	0	0	0
0.0007228223971	7.299891092e-09	2.491475088e-14	0	0	0	0	0	0	0	0	0
0.0007275021916	1.395029357e-08	4.193153247e-14	0	0	0	0	0	0	0	0	0
0.000744821437	2.288905203e-08	6.693216884e-14	0	0	0	0	0	0	0	0	0
0.0007930027343	3.295707639e-08	8.909602803e-14	0	0	0	0	0	0	0	0	0
0.0008773900187	4.260556098e-08	1.103177176e-13	0	0	0	0	0	0	0	0	0
0.0009858739023	5.003214554e-08	1.180795701e-13	0	0	0	0	0	0	0	0	0
0.001096063955	5.37455358e-08	1.261244544e-13	0	0	0	0	0	0	0	0	0
0.001183332321	5.277113366e-08	1.137820471e-13	0	0	0	0	0	0	0	0	0
0.001225128005	4.685825357e-08	9.79661891e-14	0	0	0	0	0	0	0	0	0
0.001204625311	3.73009343e-08	7.097605364e-14	0	0	0	0	0	0	0	0	0
0.001115447048	2.588126051e-08	4.701820954e-14	0	0	0	0	0	0	0	0	0
0.0009658764824	1.511040558e-08	2.77966669e-14	0	0	0	0	0	0	0	0	0
0.0007810364686	7.154796414e-09	1.41034324e-14	0	0	0	0	0	0	0	0	0
0.0006009372762	3.063147394e-09	5.511538792e-15	0	0	0	0	0	0	0	0	0
0.0004716903439	1.940230559e-09	5.007968656e-15	0	0	0	0	0	0	0	0	0
0.0004302991355	2.17466918e-09	1.365229197e-15	0	0	0	0	0	0	0	0	0
0.0004883589392	3.366142132e-09	2.455968054e-15	0	0	0	0	0	0	0	0	0
0.0006329779209	4.733586354e-09	3.430640877e-15	0	0	0	0	0	0	0	0	0
0.0008308514686	5.878395168e-09	2.133883744e-15	0	0	0	0	0	0	0	0	0
0.001031362287	6.680641956e-09	4.269330912e-15	0	0	0	0	0	0	0	0	0
0.001180528136	7.03639487e-09	8.137018831e-15	0	0	0	0	0	0	0	0	0
0.001237759544	6.920366063e-09	4.720371676e-15	0	0	0	0	0	0	0	0	0
0.001188616755	6.207912768e-09	5.890783342e-15	0	0	0	0	0	0	0	0	0
0.001048783165	5.363872501e-09	2.106411287e-15	0	0	0	0	0	0	0	0	0
0.0008578588048	4.569834625e-09	2.428984143e-15	0	0	0	0	0	0	0	0	0
0.0006645451496	3.618522506e-09	3.448290201e-15	0	0	0	0	0	0	0	0	0
0.0005102852845	2.28798049e-09	9.76329571e-16	0	0	0	0	0	0	0	0	0
0.0004253640775	1.131200437e-09	1.311739818e-15	0	0	0	0	0	0	0	0	0
0.0004405332901	1.845551478e-09	2.221062968e-15	0	0	0	0	0	0	0	0	0
0.0005648830806	6.283132581e-09	1.548621324e-14	0	0	0	0	0	0	0	0	0
0.0007626988764	1.733189782e-08	3.717467143e-14	0	0	0	0	0	0	0	0	0
0.0009867222324	3.532095013e-08	8.537209918e-14	0	0	0	0	0	0	0	0	0
0.001196014241	5.815736737e-08	1.354966794e-13	0	0	0	0	0	0	0	0	0
0.00135849025	8.193612009e-08	2.015608336e-13	0	0	0	0	0	0	0	0	0
0.001452072214	1.021517138e-07	2.64646176e-13	0	0	0	0	0	0	0	0	0
0.001465588148	1.145865321e-07	3.03902608e-13	0	0	0	0	0	0	0	0	0
0.001399190202	1.166090589e-07	3.114186766e-13	0	0	0	0	0	0	0	0	0
0.001264253967	1.075052288e-07	2.965823743e-13	0	0	0	0	0	0	0	0	0
0.001081594054	8.854497704e-08	2.478868011e-13	0	0	0	0	0	0	0	0	0
0.0008765454814	6.368492801e-08	1.814294242e-13	0	0	0	0	0	0	0	0	0
0.0006730433679	3.850271962e-08	1.099621916e-13	0	0	0	0	0	0	0	0	0
0.000495161771	1.85159675e-08	5.188605869e-14	0	0	0	0	0	0	0	0	0
0.0003975124192	6.72155066e-09	1.961131244e-14	0	0	0	0	0	0	0	0	0
0.0004761627916	2.691604295e-09	2.593111365e-15	0	0	0	0	0	0	0	0	0
0.0007195017831	5.286907973e-09	3.763038179e-15	0	0	0	0	0	0	0	0	0
0.001053702493	1.051189774e-08	1.128552946e-14	0	0	0	0	0	0	0	0	0
0.001426409901	1.656681848e-08	2.694281564e-15	0	0	0	0	0	0	0	0	0
0.001774326896	2.240039373e-08	1.986830594e-14	0	0	0	0	0	0	0	0	0
0.002010277169	2.73834179e-08	3.988260976e-14	0	0	0	0	0	0	0	0	0
0.002045390852	2.932820703e-08	5.639495496e-14	0	0	0	0	0	0	0	0	0
0.001836100903	2.584705268e-08	5.75861989e-14	0	0	0	0	0	0	0	0	0
0.001433689246	1.701513466e-08	3.86599387e-14	0	0	0	0	0	0	0	0	0
0.00101185181	7.453040912e-09	1.449204374e-14	0	0	0	0	0	0	0	0	0
0.0008171356071	3.261807221e-09	4.147267122e-15	0	0	0	0	0	0	0	0	0
0.0008624224868	3.774835177e-09	7.588225752e-15	0	0	0	0	0	0	0	0	0
0.0009252375481	4.379553503e-09	1.05285492e-15	0	0	0	0	0	0	0	0	0
0.0009493887829	6.226766508e-09	1.125213566e-14	0	0	0	0	0	0	0	0	0
0.001014300609	1.693462438e-08	4.63009348e-14	0	0	0	0	0	0	0	0	0
0.001176587585	3.997758927e-08	1.135932539e-13	0	0	0	0	0	0	0	0	0
0.001394424234	6.86823432e-08	1.922771617e-13	0	0	0	0	0	0	0	0	0
0.001583879722	9.05545035e-08	2.385297227e-13	0	0	0	0	0	0	0	0	0
0.001683728268	9.417200913e-08	2.359013787e-13	0	0	0	0	0	0	0	0	0
0.001679908711	7.695628091e-08	1.885581878e-13	0	0	0	0	0	0	0	0	0
0.001610652128	4.704067575e-08	1.12693982e-13	0	0	0	0	0	0	0	0	0
0.001551273447	2.135035129e-08	4.519551345e-14	0	0	0	0	0	0	0	0	0
0.001562817315	1.643215419e-08	9.847052899e-15	0	0	0	0	0	0	0	0	0
0.001629005089	1.937888165e-08	3.409692208e-15	0	0	0	0	0	0	0	0	0
0.001663299025	2.090639791e-08	3.945742551e-15	0	0	0	0	0	0	0	0	0
0.001579961517	1.90695149e-08	7.555598208e-15	0	0	0	0	0	0	0	0	0
0.001361980885	1.37719494e-08	7.32807239e-15	0	0	0	0	0	0	0	0	0
0.001128963686	9.59903696e-09	9.027599111e-15	0	0	0	0	0	0	0	0	0
0.001156010743	7.878596098e-09	3.162551467e-14	0	0	0	0	0	0	0	0	0
0.001519141327	8.784228179e-09	7.347832444e-14	0	0	0	0	0	0	0	0	0
0.00199518258	3.132773772e-08	1.287854783e-13	0	0	0	0	0	0	0	0	0
0.002439277861	7.460523039e-08	1.763739037e-13	0	0	0	0	0	0	0	0	0
0.002820056449	1.367944441e-07	2.214920172e-13	0	0	0	0	0	0	0	0	0
0.003144143877	2.08116504e-07	2.548490697e-13	0	0	0	0	0	0	0	0	0
0.003407408691	2.744118184e-07	2.740199736e-13	0	0	0	0	0	0	0	0	0
0.003584277591	3.206059678e-07	2.914350718e-13	0	0	0	0	0	0	0	0	0
0.003647231691	3.333525134e-07	2.949430249e-13	0	0	0	0	0	0	0	0	0
0.003589968047	3.114805939e-07	2.932555308e-13	0	0	0	0	0	0	0	0	0
0.003435272106	2.608041237e-07	2.845818997e-13	0	0	0	0	0	0	0	0	0
0.003219292755	1.939843966e-07	2.685719787e-13	0	0	0	0	0	0	0	0	0
0.002957390119	1.24738638e-07	2.382770678e-13	0	0	0	0	0	0	0	0	0
0.002621122989	6.485607887e-08	1.980605463e-13	0	0	0	0	0	0	0	0	0
0.002166931462	2.414432716e-08	1.381572147e-13	0	0	0	0	0	0	0	0	0
0.001615394677	5.143737733e-09	7.436276638e-14	0	0	0	0	0	0	0	0	0
0.001156050313	2.875558913e-09	2.399183862e-14	0	0	0	0	0	0	0	0	0
0.00110487796	4.592241025e-09	4.362082484e-15	0	0	0	0	0	0	0	0	0
0.00133462853	7.653033119e-09	2.300536348e-15	0	0	0	0	0	0	0	0	0
0.001507995487	1.003577128e-08	2.129467188e-15	0	0	0	0	0	0	0	0	0
0.001563849223	1.041140642e-08	4.792091455e-15	0	0	0	0	0	0	0	0	0
0.001573481468	9.873642158e-09	2.604252789e-14	0	0	0	0	0	0	0	0	0
0.001592724023	2.511949739e-08	8.921561795e-14	0	0	0	0	0	0	0	0	0
0.001627286805	5.661114308e-08	1.92064644e-13	0	0	0	0	0	0	0	0	0
0.001654027756	8.917164384e-08	2.968781224e-13	0	0	0	0	0	0	0	0	0
0.001637554133	1.090019896e-07	3.56311975e-13	0	0	0	0	0	0	0	0	0
0.001548466384	1.090740465e-07	3.534106763e-13	0	0	0	0	0	0	0	0	0
0.00138548515	9.131837003e-08	2.963913486e-13	0	0	0	0	0	0	0	0	0
0.001187064342	6.402907301e-08	2.049153116e-13	0	0	0	0	0	0	0	0	0
0.001020331681	3.709770787e-08	1.175336402e-13	0	0	0	0	0	0	0	0	0
0.0009328777185	1.741755126e-08	5.366881361e-14	0	0	0	0	0	0	0	0	0
0.0008985041268	6.887100778e-09	1.224581796e-14	0	0	0	0	0	0	0	0	0
0.0008507383962	2.953255762e-09	9.956455799e-15	0	0	0	0	0	0	0	0	0
0.0007638731465	1.628624705e-09	1.001876435e-14	0	0	0	0	0	0	0	0	0
0.0006945109349	1.1559079e-09	7.758934887e-15	0	0	0	0	0	0	0	0	0
0.0007517719717	2.735806807e-09	2.835627893e-15	0	0	0	0	0	0	0	0	0
0.0009440642069	5.842519472e-09	1.188347358e-14	0	0	0	0	0	0	0	0	0
0.001164078774	9.33861888e-09	9.539386206e-15	0	0	0	0	0	0	0	0	0
0.001316440165	1.182744339e-08	7.393450253e-15	0	0	0	0	0	0	0	0	0
0.00135259423	1.263947796e-08	6.019445309e-15	0	0	0	0	0	0	0	0	0
0.00126770632	1.182287168e-08	5.239730171e-15	0	0	0	0	0	0	0	0	0
0.001090680059	1.013109104e-08	3.71800081e-15	0	0	0	0	0	0	0	0	0
0.0008680252541	8.042816855e-09	4.322288171e-15	0	0	0	0	0	0	0	0	0
0.0006471462813	5.726036796e-09	1.311180411e-14	0	0	0	0	0	0	0	0	0
0.0004696562371	3.284050417e-09	8.410957022e-15	0	0	0	0	0	0	0	0	0
0.000375747695	1.371486115e-09	1.639315786e-15	0	0	0	0	0	0	0	0	0
0.000387660042	2.603345762e-09	9.790806403e-15	0	0	0	0	0	0	0	0	0
0.0004785329676	8.803875208e-09	2.343963636e-14	0	0	0	0	0	0	0	0	0
0.0006134596647	2.030924055e-08	5.980204175e-14	0	0	0	0	0	0	0	0	0
0.0007739553694	3.578416952e-08	8.952688818e-14	0	0	0	0	0	0	0	0	0
0.0009439049435	5.222949813e-08	1.25381886e-13	0	0	0	0	0	0	0	0	0
0.001103581058	6.618745678e-08	1.514009491e-13	0	0	0	0	0	0	0	0	0
0.001231302334	7.457371895e-08	1.630577315e-13	0	0	0	0	0	0	0	0	0
0.001307193533	7.581729348e-08	1.598902582e-13	0	0	0	0	0	0	0	0	0
0.001316461212	6.986314033e-08	1.446977492e-13	0	0	0	0	0	0	0	0	0
0.001252195986	5.803353024e-08	1.153608145e-13	0	0	0	0	0	0	0	0	0
0.001117798259	4.301015485e-08	8.629520814e-14	0	0	0	0	0	0	0	0	0
0.0009287106902	2.774429657e-08	5.588269713e-14	0	0	0	0	0	0	0	0	0
0.000712635122	1.498558519e-08	2.70490999e-14	0	0	0	0	0	0	0	0	0
0.0005077523802	6.353135784e-09	1.163660353e-14	0	0	0	0	0	0	0	0	0
0.0003612801354	2.013665277e-09	5.568387828e-15	0	0	0	0	0	0	0	0	0
0.0003205668827	8.721151967e-10	0	0	0	0	0	0	0	0	0	0
0.0003875106457	2.029457151e-09	2.203879719e-15	0	0	0	0	0	0	0	0	0
0.0005233217468	3.707753097e-09	1.188318668e-15	0	0	0	0	0	0	0	0	0
0.0006950292895	5.178465697e-09	3.824626233e-15	0	0	0	0	0	0	0	0	0
0.0008665566554	6.266930421e-09	2.16634141e-15	0	0	0	0	0	0	0	0	0
0.0009965536693	6.913097333e-09	2.211179648e-15	0	0	0	0	0	0	0	0	0
0.001050602003	7.135112889e-09	5.194856098e-15	0	0	0	0	0	0	0	0	0
0.001012948434	6.940739529e-09	2.802570929e-15	0	0	0	0	0	0	0	0	0
0.0008927962143	6.379443127e-09	5.105249353e-15	0	0	0	0	0	0	0	0	0
0.0007225200239	5.559359404e-09	3.658212316e-15	0	0	0	0	0	0	0	0	0
0.0005486585722	4.546659275e-09	2.957113736e-15	0	0	0	0	0	0	0	0	0
0.0004190717165	3.302654245e-09	3.89649835e-15	0	0	0	0	0	0	0	0	0
0.0003697261316	1.908048216e-09	5.232217295e-15	0	0	0	0	0	0	0	0	0
0.0004085616454	1.120899371e-09	2.749558332e-15	0	0	0	0	0	0	0	0	0
0.0005140174125	1.932067713e-09	9.418777199e-15	0	0	0	0	0	0	0	0	0
0.0006543749415	5.991057883e-09	1.125882556e-14	0	0	0	0	0	0	0	0	0
0.0007979492893	1.477266614e-08	3.199423026e-14	0	0	0	0	0	0	0	0	0
0.0009180513994	2.776819724e-08	6.650916538e-14	0	0	0	0	0	0	0	0	0
0.0009982151638	4.31002576e-08	1.034189321e-13	0	0	0	0	0	0	0	0	0
0.001033983437	5.819890129e-08	1.50217526e-13	0	0	0	0	0	0	0	0	0
0.001031679285	7.060791109e-08	1.947455939e-13	0	0	0	0	0	0	0	0	0
0.001003936198	7.857082221e-08	2.246360466e-13	0	0	0	0	0	0	0	0	0
0.0009645884411	8.107736497e-08	2.384057813e-13	0	0	0	0	0	0	0	0	0
0.0009238967772	7.791286107e-08	2.400332869e-13	0	0	0	0	0	0	0	0	0
0.0008867151828	6.956329406e-08	2.145372179e-13	0	0	0	0	0	0	0	0	0
0.000853763497	5.723618722e-08	1.798930443e-13	0	0	0	0	0	0	0	0	0
0.000823986585	4.284577718e-08	1.332948302e-13	0	0	0	0	0	0	0	0	0
0.0007980270487	2.869793382e-08	8.705928279e-14	0	0	0	0	0	0	0	0	0
0.0007809440388	1.701326713e-08	4.977746461e-14	0	0	0	0	0	0	0	0	0
0.0007833487304	9.043815308e-09	2.209495511e-14	0	0	0	0	0	0	0	0	0
0.0008162470943	5.635131997e-09	1.13872528e-14	0	0	0	0	0	0	0	0	0
0.0008805646389	6.913904763e-09	3.447371705e-15	0	0	0	0	0	0	0	0	0
0.0009599276438	9.340168275e-09	5.496815789e-15	0	0	0	0	0	0	0	0	0
0.001026064147	1.060341377e-08	1.07922752e-14	0	0	0	0	0	0	0	0	0
0.001051381395	1.011869736e-08	6.236571871e-15	0	0	0	0	0	0	0	0	0
0.001023832754	8.215613284e-09	8.403002695e-15	0	0	0	0	0	0	0	0	0
0.0009627292535	5.684668547e-09	1.339128486e-14	0	0	0	0	0	0	0	0	0
0.0009215538111	3.671781185e-09	2.493342372e-15	0	0	0	0	0	0	0	0	0
0.0009464264847	3.204243469e-09	2.384741514e-15	0	0	0	0	0	0	0	0	0
0.001011235478	3.575051545e-09	2.233027417e-15	0	0	0	0	0	0	0	0	0
0.001039399932	3.662419696e-09	7.402843529e-15	0	0	0	0	0	0	0	0	0
0.0009773330342	3.19501193e-09	2.307796913e-15	0	0	0	0	0	0	0	0	0
0.000828826027	2.498949672e-09	8.814662917e-15	0	0	0	0	0	0	0	0	0
0.0006553039587	2.744348972e-09	6.156991403e-15	0	0	0	0	0	0	0	0	0
0.0005483305152	4.468846996e-09	8.342435635e-15	0	0	0	0	0	0	0	0	0
0.0005428185939	5.804235598e-09	8.99987184e-15	0	0	0	0	0	0	0	0	0
0.0005865772363	5.531120297e-09	7.611227761e-15	0	0	0	0	0	0	0	0	0
0.000661623762	4.624328957e-09	8.983919367e-15	0	0	0	0	0	0	0	0	0
0.000801214516	5.859312349e-09	3.518118383e-15	0	0	0	0	0	0	0	0	0
0.001002467917	9.153712238e-09	2.439466776e-15	0	0	0	0	0	0	0	0	0
0.001211663202	1.281784662e-08	6.369088701e-15	0	0	0	0	0	0	0	0	0
0.001374937179	1.580735608e-08	8.517404562e-15	0	0	0	0	0	0	0	0	0
0.001472815425	1.684181687e-08	5.828590379e-15	0	0	0	0	0	0	0	0	0
0.001530918671	1.67619948e-08	1.818061334e-14	0	0	0	0	0	0	0	0	0
0.001606293748	2.056140009e-08	5.079951429e-14	0	0	0	0	0	0	0	0	0
0.001745929603	3.643317829e-08	9.636362838e-14	0	0	0	0	0	0	0	0	0
0.001947139611	6.664454744e-08	1.378671101e-13	0	0	0	0	0	0	0	0	0
0.002168546401	1.099551737e-07	1.764317049e-13	0	0	0	0	0	0	0	0	0
0.002370293637	1.613849227e-07	2.073014404e-13	0	0	0	0	0	0	0	0	0
0.002536545814	2.132120473e-07	2.280278825e-13	0	0	0	0	0	0	0	0	0
0.002670782399	2.537659178e-07	2.398521282e-13	0	0	0	0	0	0	0	0	0
0.002777364753	2.7282433e-07	2.402381606e-13	0	0	0	0	0	0	0	0	0
0.002849012223	2.646945263e-07	2.357333245e-13	0	0	0	0	0	0	0	0	0
0.002869061772	2.303053112e-07	2.246573464e-13	0	0	0	0	0	0	0	0	0
0.002824415466	1.778306741e-07	2.108269959e-13	0	0	0	0	0	0	0	0	0
0.002713493103	1.189517045e-07	1.923346362e-13	0	0	0	0	0	0	0	0	0
0.00253963847	6.5131164e-08	1.763739328e-13	0	0	0	0	0	0	0	0	0
0.002292988509	2.492449488e-08	1.462116354e-13	0	0	0	0	0	0	0	0	0
0.001944202523	4.584704211e-09	1.064100858e-13	0	0	0	0	0	0	0	0	0
0.001478768975	5.292130566e-09	6.044990283e-14	0	0	0	0	0	0	0	0	0
0.0009658122349	3.283225655e-09	2.490998994e-14	0	0	0	0	0	0	0	0	0
0.0006373377022	2.155342345e-09	2.701072414e-15	0	0	0	0	0	0	0	0	0
0.0007009922124	2.195487849e-09	4.520013374e-15	0	0	0	0	0	0	0	0	0
0.0008947573633	2.805900972e-09	1.051485365e-14	0	0	0	0	0	0	0	0	0
0.001108556837	3.639188693e-09	3.231985597e-15	0	0	0	0	0	0	0	0	0
0.00136851245	7.110699452e-09	2.666172455e-14	0	0	0	0	0	0	0	0	0
0.00161970581	2.752976314e-08	1.117020029e-13	0	0	0	0	0	0	0	0	0
0.001789030022	6.537928507e-08	2.473881222e-13	0	0	0	0	0	0	0	0	0
0.001855954543	1.10102709e-07	3.993807343e-13	0	0	0	0	0	0	0	0	0
0.001839181844	1.462252848e-07	5.149936094e-13	0	0	0	0	0	0	0	0	0
0.001763030127	1.625079456e-07	5.630326255e-13	0	0	0	0	0	0	0	0	0
0.001637671925	1.557527668e-07	5.346341701e-13	0	0	0	0	0	0	0	0	0
0.001462054716	1.301279424e-07	4.468444474e-13	0	0	0	0	0	0	0	0	0
0.001237926791	9.430528558e-08	3.233496038e-13	0	0	0	0	0	0	0	0	0
0.0009801377228	5.817883712e-08	1.971105634e-13	0	0	0	0	0	0	0	0	0
0.0007202415001	2.954049133e-08	9.889881129e-14	0	0	0	0	0	0	0	0	0
0.0005037947962	1.165457231e-08	3.461892315e-14	0	0	0	0	0	0	0	0	0
0.0003790009464	3.236756413e-09	8.525418539e-15	0	0	0	0	0	0	0	0	0
0.000357785479	5.639309344e-10	0	0	0	0	0	0	0	0	0	0
0.0004183055858	5.975945631e-10	0	0	0	0	0	0	0	0	0	0
0.0005686209878	2.222735058e-09	7.326344535e-15	0	0	0	0	0	0	0	0	0
0.0008002982648	5.030680709e-09	3.714076485e-15	0	0	0	0	0	0	0	0	0
0.001053733249	8.372236057e-09	1.286114344e-14	0	0	0	0	0	0	0	0	0
0.001251587051	1.115295427e-08	7.566637025e-15	0	0	0	0	0	0	0	0	0
0.00133147946	1.220362687e-08	1.267854238e-14	0	0	0	0	0	0	0	0	0
0.001267547281	1.119180607e-08	1.382819458e-14	0	0	0	0	0	0	0	0	0
0.001078417933	8.979541151e-09	4.462038406e-15	0	0	0	0	0	0	0	0	0
0.0008182403263	6.610253523e-09	8.015664139e-15	0	0	0	0	0	0	0	0	0
0.0005538646122	4.497057628e-09	3.64660587e-15	0	0	0	0	0	0	0	0	0
0.0003404282018	2.668723964e-09	1.702081061e-15	0	0	0	0	0	0	0	0	0
0.0002169347413	1.126779532e-09	8.70072587e-16	0	0	0	0	0	0	0	0	0
0.000222887325	3.998164194e-10	0	0	0	0	0	0	0	0	0	0
0.0003334873329	2.590457795e-09	8.82491344e-15	0	0	0	0	0	0	0	0	0
0.0004923774208	8.688198278e-09	2.919693208e-14	0	0	0	0	0	0	0	0	0
0.0006700071134	1.873207457e-08	5.12323251e-14	0	0	0	0	0	0	0	0	0
0.0008447674675	3.082455557e-08	8.260220358e-14	0	0	0	0	0	0	0	0	0
0.0009980294645	4.210389889e-08	1.105899773e-13	0	0	0	0	0	0	0	0	0
0.001114356192	4.989988897e-08	1.270174654e-13	0	0	0	0	0	0	0	0	0
0.001183027124	5.257754254e-08	1.285082466e-13	0	0	0	0	0	0	0	0	0
0.001198463866	4.981484839e-08	1.193341637e-13	0	0	0	0	0	0	0	0	0
0.001160985934	4.253497929e-08	9.986574184e-14	0	0	0	0	0	0	0	0	0
0.001077331707	3.246282309e-08	7.351485293e-14	0	0	0	0	0	0	0	0	0
0.0009610766074	2.181078629e-08	5.135017722e-14	0	0	0	0	0	0	0	0	0
0.0008319797344	1.251991203e-08	2.636702723e-14	0	0	0	0	0	0	0	0	0
0.0007131176154	5.901868642e-09	1.199110582e-14	0	0	0	0	0	0	0	0	0
0.0006237480247	2.22079579e-09	8.177152099e-15	0	0	0	0	0	0	0	0	0
0.0005707459058	8.538703239e-10	0	0	0	0	0	0	0	0	0	0
0.0005483212597	1.26327647e-09	7.391785082e-15	0	0	0	0	0	0	0	0	0
0.000549746699	2.280096853e-09	3.744519237e-15	0	0	0	0	0	0	0	0	0
0.0005749348196	3.269854079e-09	3.192025921e-15	0	0	0	0	0	0	0	0	0
0.0006221073198	4.13211666e-09	6.915066402e-15	0	0	0	0	0	0	0	0	0
0.0006780087449	4.82743348e-09	5.90803938e-16	0	0	0	0	0	0	0	0	0
0.0007215731763	5.271340251e-09	7.084643613e-15	0	0	0	0	0	0	0	0	0
0.0007356452103	5.374400647e-09	5.84938242e-15	0	0	0	0	0	0	0	0	0
0.0007157661909	5.141228506e-09	4.558328688e-15	0	0	0	0	0	0	0	0	0
0.0006724779494	4.656791877e-09	1.781008656e-15	0	0	0	0	0	0	0	0	0
0.0006265163553	3.9741168e-09	4.875082214e-15	0	0	0	0	0	0	0	0	0
0.0005974012199	3.148477629e-09	7.26862384e-16	0	0	0	0	0	0	0	0	0
0.0005905651928	2.254845854e-09	3.646930716e-15	0	0	0	0	0	0	0	0	0
0.0005953770875	1.530193837e-09	7.284437392e-15	0	0	0	0	0	0	0	0	0
0.0005957782822	1.198349923e-09	9.305872589e-15	0	0	0	0	0	0	0	0	0
0.0005818151658	1.64693526e-09	7.05403289e-15	0	0	0	0	0	0	0	0	0
0.000555280028	3.93438391e-09	9.574006935e-15	0	0	0	0	0	0	0	0	0
0.0005295606252	8.027094309e-09	2.263200096e-14	0	0	0	0	0	0	0	0	0
0.0005219698024	1.338461391e-08	4.147501793e-14	0	0	0	0	0	0	0	0	0
0.0005404371929	1.930016439e-08	6.466285938e-14	0	0	0	0	0	0	0	0	0
0.0005794311655	2.505308429e-08	8.162434634e-14	0	0	0	0	0	0	0	0	0
0.0006305844824	3.008556323e-08	1.007587559e-13	0	0	0	0	0	0	0	0	0
0.0006916672698	3.399178009e-08	1.168876013e-13	0	0	0	0	0	0	0	0	0
0.0007626369431	3.658322926e-08	1.237862884e-13	0	0	0	0	0	0	0	0	0
0.0008379493824	3.772345439e-08	1.270943922e-13	0	0	0	0	0	0	0	0	0
0.0009042346833	3.742139948e-08	1.249598797e-13	0	0	0	0	0	0	0	0	0
0.0009458156629	3.57050052e-08	1.176360917e-13	0	0	0	0	0	0	0	0	0
0.0009515476985	3.275138054e-08	1.093774335e-13	0	0	0	0	0	0	0	0	0
0.0009193999049	2.876615069e-08	9.609036491e-14	0	0	0	0	0	0	0	0	0
0.000857177229	2.409017613e-08	8.125307823e-14	0	0	0	0	0	0	0	0	0
0.0007788115554	1.918976926e-08	6.625880471e-14	0	0	0	0	0	0	0	0	0
0.0006987540117	1.446589278e-08	4.387605865e-14	0	0	0	0	0	0	0	0	0
0.0006283215674	1.027975518e-08	2.985899994e-14	0	0	0	0	0	0	0	0	0
0.0005793754004	6.778019126e-09	2.120173885e-14	0	0	0	0	0	0	0	0	0
0.0005687841839	4.106390308e-09	1.295830557e-14	0	0	0	0	0	0	0	0	0
0.0006069712179	2.544714971e-09	8.026548497e-15	0	0	0	0	0	0	0	0	0
0.0006782252762	2.455354939e-09	8.403869465e-15	0	0	0	0	0	0	0	0	0
0.0007458627565	2.812277997e-09	5.80541311e-15	0	0	0	0	0	0	0	0	0
0.000773986607	2.800867405e-09	4.006457162e-15	0	0	0	0	0	0	0	0	0
0.0007413548973	2.462180428e-09	2.207210994e-15	0	0	0	0	0	0	0	0	0
0.0006489348128	1.909437658e-09	2.22183511e-15	0	0	0	0	0	0	0	0	0
0.0005286676181	1.199399488e-09	2.789954131e-15	0	0	0	0	0	0	0	0	0
0.0004586571271	8.125366464e-10	0	0	0	0	0	0	0	0	0	0
0.0005258565311	1.474201807e-09	8.624877881e-15	0	0	0	0	0	0	0	0	0
0.0007054388738	8.103471037e-09	1.934966097e-14	0	0	0	0	0	0	0	0	0
0.0009284324953	2.227071315e-08	3.756736071e-14	0	0	0	0	0	0	0	0	0
0.00116185093	4.488186714e-08	6.360943392e-14	0	0	0	0	0	0	0	0	0
0.001393667476	7.501437276e-08	9.08027604e-14	0	0	0	0	0	0	0	0	0
0.001614992108	1.110229275e-07	1.201479128e-13	0	0	0	0	0	0	0	0	0
0.001813856436	1.500695207e-07	1.496256124e-13	0	0	0	0	0	0	0	0	0
0.001976707219	1.888244742e-07	1.768207347e-13	0	0	0	0	0	0	0	0	0
0.002093921458	2.249283963e-07	1.986091119e-13	0	0	0	0	0	0	0	0	0
0.002163669872	2.558383542e-07	2.186022486e-13	0	0	0	0	0	0	0	0	0
0.002192688646	2.792465873e-07	2.232297157e-13	0	0	0	0	0	0	0	0	0
0.002193011303	2.920637807e-07	2.347723253e-13	0	0	0	0	0	0	0	0	0
0.002176136717	2.932741315e-07	2.324930312e-13	0	0	0	0	0	0	0	0	0
0.002148108635	2.808902384e-07	2.254980042e-13	0	0	0	0	0	0	0	0	0
0.002109474324	2.549445103e-07	2.090168069e-13	0	0	0	0	0	0	0	0	0
0.002059671234	2.177839151e-07	1.871557835e-13	0	0	0	0	0	0	0	0	0
0.002001623142	1.720399358e-07	1.644422351e-13	0	0	0	0	0	0	0	0	0
0.00194107284	1.228927229e-07	1.436481908e-13	0	0	0	0	0	0	0	0	0
0.001878217546	7.618543564e-08	1.202079789e-13	0	0	0	0	0	0	0	0	0
0.001798130268	3.754289865e-08	9.892439193e-14	0	0	0	0	0	0	0	0	0
0.001670324202	1.160118851e-08	7.396739883e-14	0	0	0	0	0	0	0	0	0
0.001465665546	2.411620752e-09	5.195535338e-14	0	0	0	0	0	0	0	0	0
0.00118424131	4.360707358e-09	2.819908224e-14	0	0	0	0	0	0	0	0	0
0.0008835910649	3.467770581e-09	6.990075623e-15	0	0	0	0	0	0	0	0	0
0.0006782020649	3.255130424e-09	4.216149706e-15	0	0	0	0	0	0	0	0	0
0.0006236893082	2.667165412e-09	2.454758378e-15	0	0	0	0	0	0	0	0	0
0.0006168356677	2.175310944e-09	8.243602441e-15	0	0	0	0	0	0	0	0	0
0.0006045533721	2.08851104e-09	3.810938476e-15	0	0	0	0	0	0	0	0	0
0.0006668860686	2.629146849e-09	5.512293988e-15	0	0	0	0	0	0	0	0	0
0.0008361698597	9.356996088e-09	2.846775734e-14	0	0	0	0	0	0	0	0	0
0.001033075841	2.297736783e-08	8.404009217e-14	0	0	0	0	0	0	0	0	0
0.001188915709	4.117744851e-08	1.530220774e-13	0	0	0	0	0	0	0	0	0
0.001280468783	5.956736041e-08	2.257435802e-13	0	0	0	0	0	0	0	0	0
0.001310743825	7.338580834e-08	2.714984455e-13	0	0	0	0	0	0	0	0	0
0.001290814898	7.997261943e-08	2.962178384e-13	0	0	0	0	0	0	0	0	0
0.001230921506	7.882600342e-08	2.902628954e-13	0	0	0	0	0	0	0	0	0
0.001138546631	7.132399819e-08	2.531674685e-13	0	0	0	0	0	0	0	0	0
0.001020022249	5.967449713e-08	2.158740378e-13	0	0	0	0	0	0	0	0	0
0.0008819945992	4.621790072e-08	1.611956021e-13	0	0	0	0	0	0	0	0	0
0.0007323595305	3.301914645e-08	1.180041114e-13	0	0	0	0	0	0	0	0	0
0.000579858842	2.155228985e-08	6.889625843e-14	0	0	0	0	0	0	0	0	0
0.0004339660078	1.264551234e-08	4.041682066e-14	0	0	0	0	0	0	0	0	0
0.0003057882027	6.476150019e-09	1.804288966e-14	0	0	0	0	0	0	0	0	0
0.0002123598064	2.746531837e-09	1.346051342e-14	0	0	0	0	0	0	0	0	0
0.0001812621988	8.769424543e-10	0	0	0	0	0	0	0	0	0	0
0.0002192914149	3.077616748e-10	0	0	0	0	0	0	0	0	0	0
0.0002949961822	7.790823319e-10	0	0	0	0	0	0	0	0	0	0
0.0003865910497	1.602384226e-09	3.769571848e-15	0	0	0	0	0	0	0	0	0
0.0004820391689	2.538648803e-09	4.291771697e-15	0	0	0	0	0	0	0	0	0
0.0005684278264	3.371233495e-09	7.506987645e-15	0	0	0	0	0	0	0	0	0
0.0006315765505	3.944401026e-09	1.561383086e-15	0	0	0	0	0	0	0	0	0
0.0006597460708	4.195028379e-09	3.774760379e-15	0	0	0	0	0	0	0	0	0
0.0006473598407	4.105382363e-09	3.255279271e-15	0	0	0	0	0	0	0	0	0
0.0005970078608	3.748045588e-09	1.725187207e-15	0	0	0	0	0	0	0	0	0
0.0005191908168	3.210081399e-09	4.710039888e-15	0	0	0	0	0	0	0	0	0
0.000429910062	2.584758942e-09	3.592609723e-15	0	0	0	0	0	0	0	0	0
0.0003471231943	1.929184901e-09	4.396160529e-15	0	0	0	0	0	0	0	0	0
0.0002870215929	1.280688112e-09	5.239372601e-15	0	0	0	0	0	0	0	0	0
0.0002607838336	7.254563584e-10	0	0	0	0	0	0	0	0	0	0
0.0002724174787	4.429556856e-10	0	0	0	0	0	0	0	0	0	0
0.0003194774529	7.961972069e-10	0	0	0	0	0	0	0	0	0	0
0.000396205858	2.054955714e-09	4.459952972e-15	0	0	0	0	0	0	0	0	0
0.0004946318807	4.351792716e-09	1.146787961e-14	0	0	0	0	0	0	0	0	0
0.0006049958055	7.590353276e-09	2.030277147e-14	0	0	0	0	0	0	0	0	0
0.0007169573531	1.138938286e-08	2.425535566e-14	0	0	0	0	0	0	0	0	0
0.0008200018387	1.521628325e-08	3.667789775e-14	0	0	0	0	0	0	0	0	0
0.0009047606916	1.845259928e-08	4.225042109e-14	0	0	0	0	0	0	0	0	0
0.0009632903868	2.058311706e-08	4.722103992e-14	0	0	0	0	0	0	0	0	0
0.0009897743119	2.123909876e-08	4.812987932e-14	0	0	0	0	0	0	0	0	0
0.0009809139356	2.030586926e-08	4.193348111e-14	0	0	0	0	0	0	0	0	0
0.0009363444649	1.792775034e-08	3.71871361e-14	0	0	0	0	0	0	0	0	0
0.0008589582222	1.449243288e-08	2.978593297e-14	0	0	0	0	0	0	0	0	0
0.0007551123993	1.056364932e-08	2.140821551e-14	0	0	0	0	0	0	0	0	0
0.0006344729242	6.773327025e-09	1.489585931e-14	0	0	0	0	0	0	0	0	0
0.0005095233938	3.689111838e-09	7.698514544e-15	0	0	0	0	0	0	0	0	0
0.0003946793165	1.625415206e-09	2.730751955e-15	0	0	0	0	0	0	0	0	0
0.0003054067316	6.222776736e-10	0	0	0	0	0	0	0	0	0	0
0.0002574664433	5.650040889e-10	0	0	0	0	0	0	0	0	0	0
0.0002622360743	1.01064449e-09	3.707710455e-15	0	0	0	0	0	0	0	0	0
0.0003167913525	1.647025883e-09	4.640709777e-15	0	0	0	0	0	0	0	0	0
0.0004065247363	2.349697555e-09	2.623910982e-15	0	0	0	0	0	0	0	0	0
0.0005130494256	3.038606121e-09	6.941376588e-15	0	0	0	0	0	0	0	0	0
0.0006156575513	3.621254694e-09	5.539989488e-15	0	0	0	0	0	0	0	0	0
0.000693326434	3.991022239e-09	4.343078922e-15	0	0	0	0	0	0	0	0	0
0.0007289454418	4.084649763e-09	8.225767655e-15	0	0	0	0	0	0	0	0	0
0.0007139300055	3.870236218e-09	3.935346858e-15	0	0	0	0	0	0	0	0	0
0.0006507471855	3.39130153e-09	8.592601689e-15	0	0	0	0	0	0	0	0	0
0.0005522639799	2.746093264e-09	6.359098295e-15	0	0	0	0	0	0	0	0	0
0.0004374341936	2.011714433e-09	1.459535286e-15	0	0	0	0	0	0	0	0	0
0.0003246469413	1.262538539e-09	7.435512858e-15	0	0	0	0	0	0	0	0	0
0.0002274847375	6.002361325e-10	0	0	0	0	0	0	0	0	0	0
0.0001626136032	1.619885623e-10	0	0	0	0	0	0	0	0	0	0
0.0001689136908	5.398837158e-10	0	0	0	0	0	0	0	0	0	0
0.0002524845188	2.467987336e-09	9.20720168e-15	0	0	0	0	0	0	0	0	0
0.0003742935739	6.750867985e-09	2.178569854e-14	0	0	0	0	0	0	0	0	0
0.0005117114096	1.400978169e-08	4.967354205e-14	0	0	0	0	0	0	0	0	0
0.0006531006311	2.436188285e-08	8.890215228e-14	0	0	0	0	0	0	0	0	0
0.0007911930835	3.736621534e-08	1.35760111e-13	0	0	0	0	0	0	0	0	0
0.0009205185073	5.200021793e-08	1.814694506e-13	0	0	0	0	0	0	0	0	0
0.001036472913	6.680047241e-08	2.359910014e-13	0	0	0	0	0	0	0	0	0
0.0011342762	7.994339511e-08	2.728719879e-13	0	0	0	0	0	0	0	0	0
0.001208577091	8.927858289e-08	2.972516911e-13	0	0	0	0	0	0	0	0	0
0.001253338808	9.265451296e-08	3.011972683e-13	0	0	0	0	0	0	0	0	0
0.001261424459	8.832826438e-08	2.832150129e-13	0	0	0	0	0	0	0	0	0
0.001224613692	7.597010931e-08	2.368006247e-13	0	0	0	0	0	0	0	0	0
0.001135345794	5.75195768e-08	1.784474952e-13	0	0	0	0	0	0	0	0	0
0.000992500968	3.714357345e-08	1.108504115e-13	0	0	0	0	0	0	0	0	0
0.000812935087	1.960885746e-08	5.099265799e-14	0	0	0	0	0	0	0	0	0
0.0006459381326	8.036571034e-09	1.672652695e-14	0	0	0	0	0	0	0	0	0
0.0005629035177	2.4918441e-09	8.066731277e-15	0	0	0	0	0	0	0	0	0
0.0005695482524	1.384670543e-09	7.225967617e-15	0	0	0	0	0	0	0	0	0
0.0005885528421	1.64139653e-09	1.819364071e-15	0	0	0	0	0	0	0	0	0
0.0006037564688	2.545765928e-09	9.0146338e-16	0	0	0	0	0	0	0	0	0
0.0007095067833	3.768956541e-09	4.097057354e-15	0	0	0	0	0	0	0	0	0
0.0009632001142	4.28899067e-09	1.781728546e-14	0	0	0	0	0	0	0	0	0
0.001293954153	3.927424888e-09	3.596873192e-14	0	0	0	0	0	0	0	0	0
0.001613729581	9.6368581e-09	6.985055461e-14	0	0	0	0	0	0	0	0	0
0.001871485908	2.916841332e-08	9.768544991e-14	0	0	0	0	0	0	0	0	0
0.002051337422	6.236082757e-08	1.245165316e-13	0	0	0	0	0	0	0	0	0
0.002159880731	1.057306042e-07	1.489337367e-13	0	0	0	0	0	0	0	0	0
0.002212117731	1.522167083e-07	1.691158367e-13	0	0	0	0	0	0	0	0	0
0.002222930756	1.933349398e-07	1.82060353e-13	0	0	0	0	0	0	0	0	0
0.00220368224	2.220816603e-07	1.959618115e-13	0	0	0	0	0	0	0	0	0
0.002163357605	2.351372061e-07	1.989069276e-13	0	0	0	0	0	0	0	0	0
0.002109602499	2.32121048e-07	1.921071281e-13	0	0	0	0	0	0	0	0	0
0.002047700416	2.158712476e-07	1.804435596e-13	0	0	0	0	0	0	0	0	0
0.001978071261	1.91142842e-07	1.699549827e-13	0	0	0	0	0	0	0	0	0
0.001895223384	1.620048364e-07	1.48197959e-13	0	0	0	0	0	0	0	0	0
0.001790076867	1.319674731e-07	1.291701275e-13	0	0	0	0	0	0	0	0	0
0.001655261164	1.034441005e-07	1.118286793e-13	0	0	0	0	0	0	0	0	0
0.001489909952	7.777088126e-08	8.689011607e-14	0	0	0	0	0	0	0	0	0
0.001301443716	5.568634995e-08	7.301928356e-14	0	0	0	0	0	0	0	0	0
0.001103232524	3.750181985e-08	5.291066918e-14	0	0	0	0	0	0	0	0	0
0.0009078971809	2.320242099e-08	3.65865989e-14	0	0	0	0	0	0	0	0	0
0.0007224869248	1.276540048e-08	2.032252763e-14	0	0	0	0	0	0	0	0	0
0.0005514972813	5.914351215e-09	1.404385321e-14	0	0	0	0	0	0	0	0	0
0.0004157044075	2.070737195e-09	4.704710121e-15	0	0	0	0	0	0	0	0	0
0.0003749221063	4.62734492e-10	0	0	0	0	0	0	0	0	0	0
0.0004587976769	4.859182814e-10	0	0	0	0	0	0	0	0	0	0
0.000594313136	9.562027884e-10	0	0	0	0	0	0	0	0	0	0
0.0007109463615	1.513386182e-09	3.753880444e-15	0	0	0	0	0	0	0	0	0
0.0007728570864	1.971147484e-09	5.13195515e-15	0	0	0	0	0	0	0	0	0
0.0007681759916	2.179934749e-09	7.821632718e-15	0	0	0	0	0	0	0	0	0
0.0007048337581	2.089401321e-09	4.449142089e-15	0	0	0	0	0	0	0	0	0
0.0006082346144	1.753913314e-09	5.850120233e-15	0	0	0	0	0	0	0	0	0
0.0005154687675	1.48937367e-09	2.508230097e-15	0	0	0	0	0	0	0	0	0
0.0004610023153	1.81011411e-09	1.212354556e-14	0	0	0	0	0	0	0	0	0
0.0004549901509	2.76811505e-09	7.111295586e-15	0	0	0	0	0	0	0	0	0
0.0004843940057	4.106435782e-09	1.351686998e-14	0	0	0	0	0	0	0	0	0
0.0005394235228	5.687001685e-09	1.838439936e-14	0	0	0	0	0	0	0	0	0
0.0006177014448	7.431259157e-09	3.095815934e-14	0	0	0	0	0	0	0	0	0
0.0007094106992	9.245491457e-09	3.117289479e-14	0	0	0	0	0	0	0	0	0
0.000792960506	1.102005727e-08	4.238132087e-14	0	0	0	0	0	0	0	0	0
0.0008449585344	1.262030904e-08	4.576555884e-14	0	0	0	0	0	0	0	0	0
0.000850269531	1.39372856e-08	4.670301199e-14	0	0	0	0	0	0	0	0	0
0.000807358978	1.48328154e-08	4.737537311e-14	0	0	0	0	0	0	0	0	0
0.0007275624603	1.520525701e-08	4.898802241e-14	0	0	0	0	0	0	0	0	0
0.0006309356148	1.496438553e-08	4.647391044e-14	0	0	0	0	0	0	0	0	0
0.0005385635142	1.406987931e-08	4.201878151e-14	0	0	0	0	0	0	0	0	0
0.000465268677	1.254428883e-08	4.141912198e-14	0	0	0	0	0	0	0	0	0
0.0004173144588	1.049646535e-08	2.809215109e-14	0	0	0	0	0	0	0	0	0
0.0003978134999	8.139855126e-09	2.396897687e-14	0	0	0	0	0	0	0	0	0
0.0004092837348	5.737200556e-09	2.215539735e-14	0	0	0	0	0	0	0	0	0
0.0004470522547	3.57226373e-09	8.229989807e-15	0	0	0	0	0	0	0	0	0
0.0004960658069	1.936139235e-09	1.107039575e-14	0	0	0	0	0	0	0	0	0
0.0005391711548	1.098148684e-09	1.648961926e-15	0	0	0	0	0	0	0	0	0
0.0005655307041	1.091222081e-09	5.519056278e-15	0	0	0	0	0	0	0	0	0
0.0005740781863	1.415706448e-09	3.063716868e-15	0	0	0	0	0	0	0	0	0
0.0005721490793	1.882159685e-09	5.562170441e-15	0	0	0	0	0	0	0	0	0
0.0005704596323	2.430198847e-09	5.035003285e-15	0	0	0	0	0	0	0	0	0
0.0005759193384	2.948222255e-09	1.070924424e-14	0	0	0	0	0	0	0	0	0
0.000586951635	3.362536129e-09	6.685532224e-15	0	0	0	0	0	0	0	0	0
0.000595308622	3.62515921e-09	9.629000669e-15	0	0	0	0	0	0	0	0	0
0.000592695812	3.713892555e-09	2.172970012e-15	0	0	0	0	0	0	0	0	0
0.0005763248737	3.651322984e-09	7.885660877e-15	0	0	0	0	0	0	0	0	0
0.0005505905511	3.477616658e-09	2.186742751e-15	0	0	0	0	0	0	0	0	0
0.0005245939264	3.219271894e-09	9.787447224e-15	0	0	0	0	0	0	0	0	0
0.0005066213397	2.859320519e-09	4.524602726e-15	0	0	0	0	0	0	0	0	0
0.0004996359101	2.312545992e-09	6.481761572e-15	0	0	0	0	0	0	0	0	0
0.0005024490164	1.518946927e-09	1.469952611e-15	0	0	0	0	0	0	0	0	0
0.0005151300124	7.182917186e-10	0	0	0	0	0	0	0	0	0	0
0.0005421321645	1.084875278e-09	3.116736702e-15	0	0	0	0	0	0	0	0	0
0.0005895460375	3.111637569e-09	5.87123618e-15	0	0	0	0	0	0	0	0	0
0.0006593262373	7.237742522e-09	1.687657862e-14	0	0	0	0	0	0	0	0	0
0.0007463026193	1.378291624e-08	3.504309822e-14	0	0	0	0	0	0	0	0	0
0.000839797453	2.233429447e-08	5.178049183e-14	0	0	0	0	0	0	0	0	0
0.0009271176374	3.18230918e-08	7.4485242e-14	0	0	0	0	0	0	0	0	0
0.0009958670556	4.077751415e-08	9.105239671e-14	0	0	0	0	0	0	0	0	0
0.001035141748	4.761904332e-08	1.085078335e-13	0	0	0	0	0	0	0	0	0
0.001036551977	5.105836971e-08	1.201130992e-13	0	0	0	0	0	0	0	0	0
0.0009950364966	5.021126904e-08	1.201126615e-13	0	0	0	0	0	0	0	0	0
0.0009099392873	4.509157249e-08	1.072951998e-13	0	0	0	0	0	0	0	0	0
0.0007861765573	3.64387171e-08	8.771473322e-14	0	0	0	0	0	0	0	0	0
0.0006349107627	2.593511291e-08	6.904602651e-14	0	0	0	0	0	0	0	0	0
0.0004728731283	1.565930305e-08	3.962811908e-14	0	0	0	0	0	0	0	0	0
0.0003201937929	7.593213525e-09	2.294259389e-14	0	0	0	0	0	0	0	0	0
0.0002019669242	2.755682012e-09	1.031539548e-14	0	0	0	0	0	0	0	0	0
0.0001732399764	9.694980587e-10	0	0	0	0	0	0	0	0	0	0
0.000275288016	2.027414681e-09	1.707399209e-15	0	0	0	0	0	0	0	0	0
0.0004595355932	4.310425337e-09	4.664516519e-15	0	0	0	0	0	0	0	0	0
0.0006926286989	6.981914833e-09	7.700226034e-15	0	0	0	0	0	0	0	0	0
0.0009405940109	9.564739542e-09	7.416906413e-15	0	0	0	0	0	0	0	0	0
0.001155753251	1.163480844e-08	7.399953966e-15	0	0	0	0	0	0	0	0	0
0.001285699245	1.270143825e-08	1.055425945e-14	0	0	0	0	0	0	0	0	0
0.001290409398	1.222434961e-08	1.328479659e-14	0	0	0	0	0	0	0	0	0
0.001160882246	1.004622637e-08	1.480944008e-14	0	0	0	0	0	0	0	0	0
0.0009304562093	6.950448222e-09	8.551838511e-15	0	0	0	0	0	0	0	0	0
0.0006699224848	4.183721355e-09	1.412079383e-15	0	0	0	0	0	0	0	0	0
0.0004608895598	2.249802864e-09	6.666387664e-15	0	0	0	0	0	0	0	0	0
0.0003457982938	9.527460488e-10	0	0	0	0	0	0	0	0	0	0
0.0003129952067	4.231974212e-10	0	0	0	0	0	0	0	0	0	0
0.000381427454	2.192434271e-09	1.067350852e-14	0	0	0	0	0	0	0	0	0
0.0005615235136	9.84148138e-09	3.743178357e-14	0	0	0	0	0	0	0	0	0
0.0008013477323	2.71245116e-08	9.882971271e-14	0	0	0	0	0	0	0	0	0
0.001050879846	5.505354287e-08	2.06154799e-13	0	0	0	0	0	0	0	0	0
0.001279866508	9.044515193e-08	3.227396805e-13	0	0	0	0	0	0	0	0	0
0.00147188704	1.265026006e-07	4.365709316e-13	0	0	0	0	0	0	0	0	0
0.001618477522	1.543055191e-07	5.128459168e-13	0	0	0	0	0	0	0	0	0
0.001713927303	1.653193982e-07	5.237949665e-13	0	0	0	0	0	0	0	0	0
0.001751463009	1.543601316e-07	4.777689882e-13	0	0	0	0	0	0	0	0	0
0.001721552301	1.227718277e-07	3.713087125e-13	0	0	0	0	0	0	0	0	0
0.001614723523	8.010781057e-08	2.41485361e-13	0	0	0	0	0	0	0	0	0
0.001430871043	4.073392778e-08	1.197860113e-13	0	0	0	0	0	0	0	0	0
0.001194257901	1.55492037e-08	4.381624834e-14	0	0	0	0	0	0	0	0	0
0.0009590369433	6.029739784e-09	1.341101527e-14	0	0	0	0	0	0	0	0	0
0.0007769418873	3.753335963e-09	3.995728556e-15	0	0	0	0	0	0	0	0	0
0.0006429581601	2.940461486e-09	6.221197263e-15	0	0	0	0	0	0	0	0	0
0.0005583069015	3.729525405e-09	3.127220561e-15	0	0	0	0	0	0	0	0	0
0.0006739442631	5.453446635e-09	9.098246051e-15	0	0	0	0	0	0	0	0	0
0.001042629227	7.480572522e-09	2.696083636e-14	0	0	0	0	0	0	0	0	0
0.001515359598	9.041136877e-09	6.464326895e-14	0	0	0	0	0	0	0	0	0
0.001978852906	7.316483968e-09	9.980750222e-14	0	0	0	0	0	0	0	0	0
0.002375257644	2.85593195e-08	1.452182442e-13	0	0	0	0	0	0	0	0	0
0.002680477815	7.963973041e-08	1.807992088e-13	0	0	0	0	0	0	0	0	0
0.002889906874	1.530325134e-07	2.170653319e-13	0	0	0	0	0	0	0	0	0
0.003011044954	2.361739015e-07	2.44580501e-13	0	0	0	0	0	0	0	0	0
0.003058426842	3.109914817e-07	2.767050912e-13	0	0	0	0	0	0	0	0	0
0.003047368044	3.594927436e-07	2.978162324e-13	0	0	0	0	0	0	0	0	0
0.002987279854	3.704693232e-07	3.100275369e-13	0	0	0	0	0	0	0	0	0
0.002880448604	3.440852662e-07	3.048363815e-13	0	0	0	0	0	0	0	0	0
0.002727373702	2.884557373e-07	2.838501728e-13	0	0	0	0	0	0	0	0	0
0.002534005206	2.164705514e-07	2.513308535e-13	0	0	0	0	0	0	0	0	0
0.002314173202	1.452965176e-07	2.033409392e-13	0	0	0	0	0	0	0	0	0
0.002085364308	8.595853034e-08	1.477469897e-13	0	0	0	0	0	0	0	0	0
0.001863613056	4.521815944e-08	8.701644042e-14	0	0	0	0	0	0	0	0	0
0.001657975418	2.288991623e-08	4.184813096e-14	0	0	0	0	0	0	0	0	0
0.001463221593	1.392920183e-08	1.305131103e-14	0	0	0	0	0	0	0	0	0
0.001259256203	1.047349686e-08	6.056622882e-15	0	0	0	0	0	0	0	0	0
0.001029609851	7.914651282e-09	4.900881014e-15	0	0	0	0	0	0	0	0	0
0.0007881997569	5.426583728e-09	1.009345751e-14	0	0	0	0	0	0	0	0	0
0.0005836927822	3.355149269e-09	2.115075598e-15	0	0	0	0	0	0	0	0	0
0.0004612027153	2.109024374e-09	6.617155875e-15	0	0	0	0	0	0	0	0	0
0.0004048210807	2.208204581e-09	4.052971322e-15	0	0	0	0	0	0	0	0	0
0.0003899179164	2.59847458e-09	9.289159671e-15	0	0	0	0	0	0	0	0	0
0.0004616711227	2.287571495e-09	8.66298569e-15	0	0	0	0	0	0	0	0	0
0.0006284293252	1.906758588e-09	3.905300211e-15	0	0	0	0	0	0	0	0	0
0.0008135985532	2.553250319e-09	6.70762543e-15	0	0	0	0	0	0	0	0	0
0.0009426214484	3.475837741e-09	1.918504973e-15	0	0	0	0	0	0	0	0	0
0.0009787865095	3.939980654e-09	3.548691896e-15	0	0	0	0	0	0	0	0	0
0.0009311085698	3.727854312e-09	5.247308658e-15	0	0	0	0	0	0	0	0	0
0.000850588881	3.010916262e-09	2.08995619e-15	0	0	0	0	0	0	0	0	0
0.0008022244682	2.405627374e-09	4.83107716e-15	0	0	0	0	0	0	0	0	0
0.0008111080002	2.980105808e-09	1.256714737e-14	0	0	0	0	0	0	0	0	0
0.0008454336284	4.425359227e-09	6.982909634e-15	0	0	0	0	0	0	0	0	0
0.0008661870696	5.685307763e-09	2.573551855e-15	0	0	0	0	0	0	0	0	0
0.0008608078431	6.094713337e-09	7.821011554e-15	0	0	0	0	0	0	0	0	0
0.0008380268564	5.368020066e-09	4.964731816e-15	0	0	0	0	0	0	0	0	0
0.0008115472216	3.777921501e-09	2.057537908e-15	0	0	0	0	0	0	0	0	0
0.0007907984882	2.481066015e-09	7.272304718e-15	0	0	0	0	0	0	0	0	0
0.0007793653887	4.000586689e-09	1.244327955e-14	0	0	0	0	0	0	0	0	0
0.0007777661079	8.705083465e-09	3.164490046e-14	0	0	0	0	0	0	0	0	0
