2.253620231e-08	8.252814262e-13	0	0	0	0	0	0	0	0	0	0
3.129724421e-08	1.242733102e-13	0	0	0	0	0	0	0	0	0	0
1.385283094e-07	8.74407504e-14	0	0	0	0	0	0	0	0	0	0
6.490215594e-07	2.109783977e-13	0	0	0	0	0	0	0	0	0	0
3.027651003e-06	8.779436062e-13	0	0	0	0	0	0	0	0	0	0
1.337391595e-05	3.875874016e-12	0	0	0	0	0	0	0	0	0	0
5.636132856e-05	3.422255452e-11	0	0	0	0	0	0	0	0	0	0
0.0001522745484	4.929339572e-10	0	0	0	0	0	0	0	0	0	0
0.0001123550901	2.894556036e-10	0	0	0	0	0	0	0	0	0	0
0.000106441325	2.568252955e-10	0	0	0	0	0	0	0	0	0	0
9.890894269e-05	2.165798664e-10	0	0	0	0	0	0	0	0	0	0
9.050542766e-05	1.73956763e-10	0	0	0	0	0	0	0	0	0	0
8.191691297e-05	1.33768376e-10	0	0	0	0	0	0	0	0	0	0
7.369550585e-05	9.921307679e-11	0	0	0	0	0	0	0	0	0	0
6.620239313e-05	7.194837995e-11	0	0	0	0	0	0	0	0	0	0
5.959463947e-05	5.232003788e-11	0	0	0	0	0	0	0	0	0	0
5.385953971e-05	3.938446315e-11	0	0	0	0	0	0	0	0	0	0
4.888046494e-05	3.15025867e-11	0	0	0	0	0	0	0	0	0	0
4.4515469e-05	2.670619727e-11	0	0	0	0	0	0	0	0	0	0
4.064625626e-05	2.354895118e-11	0	0	0	0	0	0	0	0	0	0
3.720666364e-05	2.123883899e-11	0	0	0	0	0	0	0	0	0	0
3.417122838e-05	1.947214083e-11	0	0	0	0	0	0	0	0	0	0
3.154354132e-05	1.817498502e-11	0	0	0	0	0	0	0	0	0	0
2.932746393e-05	1.73268677e-11	0	0	0	0	0	0	0	0	0	0
2.751193222e-05	1.69309116e-11	0	0	0	0	0	0	0	0	0	0
2.606375533e-05	1.702166571e-11	0	0	0	0	0	0	0	0	0	0
2.493248256e-05	1.762771269e-11	0	0	0	0	0	0	0	0	0	0
2.406359829e-05	1.875438607e-11	0	0	0	0	0	0	0	0	0	0
2.34097308e-05	2.049630443e-11	0	0	0	0	0	0	0	0	0	0
2.293820709e-05	2.293614239e-11	0	0	0	0	0	0	0	0	0	0
2.263410934e-05	2.606743114e-11	0	0	0	0	0	0	0	0	0	0
2.249405091e-05	2.999201135e-11	0	0	0	0	0	0	0	0	0	0
2.251807428e-05	3.467360685e-11	0	0	0	0	0	0	0	0	0	0
2.270454025e-05	4.012841961e-11	0	0	0	0	0	0	0	0	0	0
2.303819285e-05	4.614617296e-11	0	0	0	0	0	0	0	0	0	0
2.348700507e-05	5.261760204e-11	0	0	0	0	0	0	0	0	0	0
2.400020729e-05	5.917974643e-11	0	0	0	0	0	0	0	0	0	0
2.451150126e-05	6.549450223e-11	0	0	0	0	0	0	0	0	0	0
2.494005843e-05	7.108163221e-11	0	0	0	0	0	0	0	0	0	0
2.520190172e-05	7.549659767e-11	0	0	0	0	0	0	0	0	0	0
2.521278298e-05	7.826045875e-11	0	0	0	0	0	0	0	0	0	0
2.489752504e-05	7.900720442e-11	0	0	0	0	0	0	0	0	0	0
2.419927877e-05	7.754696359e-11	0	0	0	0	0	0	0	0	0	0
2.308278681e-05	7.384707167e-11	0	0	0	0	0	0	0	0	0	0
2.154347782e-05	6.810287139e-11	0	0	0	0	0	0	0	0	0	0
1.961072201e-05	6.068619535e-11	0	0	0	0	0	0	0	0	0	0
1.735093932e-05	5.210781957e-11	0	0	0	0	0	0	0	0	0	0
1.487036794e-05	4.295467713e-11	0	0	0	0	0	0	0	0	0	0
1.231707134e-05	3.380819417e-11	0	0	0	0	0	0	0	0	0	0
9.891685977e-06	2.519174447e-11	0	0	0	0	0	0	0	0	0	0
7.86856392e-06	1.753639337e-11	0	0	0	0	0	0	0	0	0	0
6.58839505e-06	1.117770907e-11	0	0	0	0	0	0	0	0	0	0
6.287635117e-06	6.348931982e-12	0	0	0	0	0	0	0	0	0	0
6.797903472e-06	3.213696047e-12	0	0	0	0	0	0	0	0	0	0
7.708822728e-06	1.911005631e-12	0	0	0	0	0	0	0	0	0	0
8.744376646e-06	2.197104512e-12	0	0	0	0	0	0	0	0	0	0
9.836664824e-06	3.969581843e-12	0	0	0	0	0	0	0	0	0	0
1.105376753e-05	7.343931912e-12	0	0	0	0	0	0	0	0	0	0
1.252073571e-05	1.22024212e-11	0	0	0	0	0	0	0	0	0	0
1.435485249e-05	1.836757233e-11	0	0	0	0	0	0	0	0	0	0
1.661774327e-05	2.568468986e-11	0	0	0	0	0	0	0	0	0	0
1.930631607e-05	3.390170592e-11	0	0	0	0	0	0	0	0	0	0
2.236824942e-05	4.285144352e-11	0	0	0	0	0	0	0	0	0	0
2.573232111e-05	5.219753947e-11	0	0	0	0	0	0	0	0	0	0
2.931731272e-05	6.168756532e-11	0	0	0	0	0	0	0	0	0	0
3.304321363e-05	7.104486532e-11	0	0	0	0	0	0	0	0	0	0
3.684314993e-05	8.002226966e-11	0	0	0	0	0	0	0	0	0	0
4.065577505e-05	8.850712153e-11	0	0	0	0	0	0	0	0	0	0
4.443166576e-05	9.623707143e-11	0	0	0	0	0	0	0	0	0	0
4.81285152e-05	1.03257972e-10	0	0	0	0	0	0	0	0	0	0
5.17106483e-05	1.094101012e-10	0	0	0	0	0	0	0	0	0	0
5.515390799e-05	1.151986336e-10	0	0	0	0	0	0	0	0	0	0
5.843183887e-05	1.205706124e-10	0	0	0	0	0	0	0	0	0	0
6.152910869e-05	1.25374402e-10	0	0	0	0	0	0	0	0	0	0
6.442234072e-05	1.30140152e-10	0	0	0	0	0	0	0	0	0	0
6.709376831e-05	1.34702609e-10	0	0	0	0	0	0	0	0	0	0
6.951735613e-05	1.388121913e-10	0	0	0	0	0	0	0	0	0	0
7.166002623e-05	1.423751814e-10	0	0	0	0	0	0	0	0	0	0
7.34851572e-05	1.450328236e-10	0	0	0	0	0	0	0	0	0	0
7.494729195e-05	1.465229773e-10	0	0	0	0	0	0	0	0	0	0
7.600323048e-05	1.465121109e-10	0	0	0	0	0	0	0	0	0	0
7.661096953e-05	1.445217086e-10	0	0	0	0	0	0	0	0	0	0
7.674407988e-05	1.403985398e-10	0	0	0	0	0	0	0	0	0	0
7.639471096e-05	1.342577974e-10	0	0	0	0	0	0	0	0	0	0
7.558424681e-05	1.258935914e-10	0	0	0	0	0	0	0	0	0	0
7.436372165e-05	1.156736818e-10	0	0	0	0	0	0	0	0	0	0
7.281151506e-05	1.047557114e-10	0	0	0	0	0	0	0	0	0	0
7.102465039e-05	9.286431476e-11	0	0	0	0	0	0	0	0	0	0
6.910488892e-05	8.089443385e-11	0	0	0	0	0	0	0	0	0	0
6.714170358e-05	6.969066118e-11	0	0	0	0	0	0	0	0	0	0
6.519698066e-05	5.950982208e-11	0	0	0	0	0	0	0	0	0	0
6.329703192e-05	5.062855311e-11	0	0	0	0	0	0	0	0	0	0
6.143300386e-05	4.325586189e-11	0	0	0	0	0	0	0	0	0	0
5.956830918e-05	3.729796052e-11	0	0	0	0	0	0	0	0	0	0
5.765406634e-05	3.272275389e-11	0	0	0	0	0	0	0	0	0	0
5.564330556e-05	2.922908345e-11	0	0	0	0	0	0	0	0	0	0
5.350438339e-05	2.668533772e-11	0	0	0	0	0	0	0	0	0	0
5.122962323e-05	2.494529765e-11	0	0	0	0	0	0	0	0	0	0
4.88388052e-05	2.393074869e-11	0	0	0	0	0	0	0	0	0	0
4.637863921e-05	2.379594962e-11	0	0	0	0	0	0	0	0	0	0
4.391790974e-05	2.450170591e-11	0	0	0	0	0	0	0	0	0	0
4.153581164e-05	2.601085453e-11	0	0	0	0	0	0	0	0	0	0
3.931280064e-05	2.823812958e-11	0	0	0	0	0	0	0	0	0	0
3.731176817e-05	3.085209892e-11	0	0	0	0	0	0	0	0	0	0
3.55678126e-05	3.363644008e-11	0	0	0	0	0	0	0	0	0	0
3.407313274e-05	3.631095883e-11	0	0	0	0	0	0	0	0	0	0
3.278180337e-05	3.853423721e-11	0	0	0	0	0	0	0	0	0	0
3.161846941e-05	3.993918568e-11	0	0	0	0	0	0	0	0	0	0
3.049553137e-05	4.031261563e-11	0	0	0	0	0	0	0	0	0	0
2.934008793e-05	3.949255712e-11	0	0	0	0	0	0	0	0	0	0
2.811356911e-05	3.741142697e-11	0	0	0	0	0	0	0	0	0	0
2.68190469e-05	3.420904842e-11	0	0	0	0	0	0	0	0	0	0
2.549585583e-05	3.007038373e-11	0	0	0	0	0	0	0	0	0	0
2.420492634e-05	2.539960924e-11	0	0	0	0	0	0	0	0	0	0
2.300198476e-05	2.061931342e-11	0	0	0	0	0	0	0	0	0	0
2.19134869e-05	1.608863464e-11	0	0	0	0	0	0	0	0	0	0
2.092939589e-05	1.214460103e-11	0	0	0	0	0	0	0	0	0	0
2.001032703e-05	9.064343983e-12	0	0	0	0	0	0	0	0	0	0
1.910107833e-05	6.934410144e-12	0	0	0	0	0	0	0	0	0	0
1.815757233e-05	5.649108908e-12	0	0	0	0	0	0	0	0	0	0
1.715194349e-05	5.072029222e-12	0	0	0	0	0	0	0	0	0	0
1.607584867e-05	5.041309818e-12	0	0	0	0	0	0	0	0	0	0
1.493772121e-05	5.507309349e-12	0	0	0	0	0	0	0	0	0	0
1.376041013e-05	6.441355292e-12	0	0	0	0	0	0	0	0	0	0
1.258166198e-05	7.740805527e-12	0	0	0	0	0	0	0	0	0	0
1.146582069e-05	9.244441117e-12	0	0	0	0	0	0	0	0	0	0
1.050947686e-05	1.08968789e-11	0	0	0	0	0	0	0	0	0	0
9.835100599e-06	1.260803165e-11	0	0	0	0	0	0	0	0	0	0
9.551716033e-06	1.43481869e-11	0	0	0	0	0	0	0	0	0	0
9.691168568e-06	1.612610076e-11	0	0	0	0	0	0	0	0	0	0
1.018059386e-05	1.791465895e-11	0	0	0	0	0	0	0	0	0	0
1.088508239e-05	1.972582876e-11	0	0	0	0	0	0	0	0	0	0
1.167810979e-05	2.153262481e-11	0	0	0	0	0	0	0	0	0	0
1.248070794e-05	2.335142385e-11	0	0	0	0	0	0	0	0	0	0
1.326491499e-05	2.518455319e-11	0	0	0	0	0	0	0	0	0	0
1.402855257e-05	2.701795201e-11	0	0	0	0	0	0	0	0	0	0
1.477754945e-05	2.883932129e-11	0	0	0	0	0	0	0	0	0	0
1.550716852e-05	3.059660446e-11	0	0	0	0	0	0	0	0	0	0
1.621305086e-05	3.222375546e-11	0	0	0	0	0	0	0	0	0	0
1.689268948e-05	3.365315303e-11	0	0	0	0	0	0	0	0	0	0
1.755926039e-05	3.481978766e-11	0	0	0	0	0	0	0	0	0	0
1.823398105e-05	3.565115023e-11	0	0	0	0	0	0	0	0	0	0
1.894556131e-05	3.612123421e-11	0	0	0	0	0	0	0	0	0	0
1.971987047e-05	3.62064198e-11	0	0	0	0	0	0	0	0	0	0
2.059588124e-05	3.594204019e-11	0	0	0	0	0	0	0	0	0	0
2.16311075e-05	3.530153209e-11	0	0	0	0	0	0	0	0	0	0
2.289824908e-05	3.442034335e-11	0	0	0	0	0	0	0	0	0	0
2.445944365e-05	3.333572215e-11	0	0	0	0	0	0	0	0	0	0
2.633445392e-05	3.219035559e-11	0	0	0	0	0	0	0	0	0	0
2.847662744e-05	3.11853349e-11	0	0	0	0	0	0	0	0	0	0
3.078295236e-05	3.039186441e-11	0	0	0	0	0	0	0	0	0	0
3.311626715e-05	3.000168109e-11	0	0	0	0	0	0	0	0	0	0
3.533973814e-05	3.000992892e-11	0	0	0	0	0	0	0	0	0	0
3.734205124e-05	3.051072301e-11	0	0	0	0	0	0	0	0	0	0
3.905673747e-05	3.124197455e-11	0	0	0	0	0	0	0	0	0	0
4.048947893e-05	3.203600993e-11	0	0	0	0	0	0	0	0	0	0
4.175390924e-05	3.278414945e-11	0	0	0	0	0	0	0	0	0	0
4.311098328e-05	3.356901351e-11	0	0	0	0	0	0	0	0	0	0
4.499073779e-05	3.46905056e-11	0	0	0	0	0	0	0	0	0	0
4.793482888e-05	3.671146765e-11	0	0	0	0	0	0	0	0	0	0
5.242903351e-05	4.047144729e-11	0	0	0	0	0	0	0	0	0	0
5.870356717e-05	4.827019948e-11	0	0	0	0	0	0	0	0	0	0
6.662506795e-05	6.422084265e-11	0	0	0	0	0	0	0	0	0	0
7.57581876e-05	9.132961427e-11	0	0	0	0	0	0	0	0	0	0
8.550049895e-05	1.297254038e-10	0	0	0	0	0	0	0	0	0	0
9.520810211e-05	1.768996253e-10	0	0	0	0	0	0	0	0	0	0
0.0001042837028	2.28713691e-10	0	0	0	0	0	0	0	0	0	0
0.0001122291184	2.799445172e-10	0	0	0	0	0	0	0	0	0	0
0.0001186713301	3.255829586e-10	0	0	0	0	0	0	0	0	0	0
0.0001233671104	3.610543276e-10	0	0	0	0	0	0	0	0	0	0
0.0001261975153	3.832548528e-10	0	0	0	0	0	0	0	0	0	0
0.0001271509243	3.906981349e-10	0	0	0	0	0	0	0	0	0	0
0.0001263022577	3.836493432e-10	0	0	0	0	0	0	0	0	0	0
0.0001237890647	3.640744944e-10	0	0	0	0	0	0	0	0	0	0
0.0001197926443	3.343259288e-10	0	0	0	0	0	0	0	0	0	0
0.0001145209699	2.979262527e-10	0	0	0	0	0	0	0	0	0	0
0.0001081956286	2.578057168e-10	0	0	0	0	0	0	0	0	0	0
0.0001010452327	2.171181843e-10	0	0	0	0	0	0	0	0	0	0
9.329602207e-05	1.778934669e-10	0	0	0	0	0	0	0	0	0	0
8.517078768e-05	1.420192527e-10	0	0	0	0	0	0	0	0	0	0
7.688588328e-05	1.102512649e-10	0	0	0	0	0	0	0	0	0	0
6.864969692e-05	8.316666908e-11	0	0	0	0	0	0	0	0	0	0
6.065957651e-05	6.096979691e-11	0	0	0	0	0	0	0	0	0	0
5.310123812e-05	4.332895061e-11	0	0	0	0	0	0	0	0	0	0
4.614292001e-05	2.98646462e-11	0	0	0	0	0	0	0	0	0	0
3.993260275e-05	2.000595295e-11	0	0	0	0	0	0	0	0	0	0
3.458510419e-05	1.318052726e-11	0	0	0	0	0	0	0	0	0	0
3.017493034e-05	8.839782824e-12	0	0	0	0	0	0	0	0	0	0
2.670933553e-05	6.401335647e-12	0	0	0	0	0	0	0	0	0	0
2.412209754e-05	5.219033533e-12	0	0	0	0	0	0	0	0	0	0
2.226842755e-05	4.7103457e-12	0	0	0	0	0	0	0	0	0	0
2.095536483e-05	4.511747593e-12	0	0	0	0	0	0	0	0	0	0
1.998033146e-05	4.473981828e-12	0	0	0	0	0	0	0	0	0	0
1.917418575e-05	4.585457361e-12	0	0	0	0	0	0	0	0	0	0
1.841821037e-05	4.861122427e-12	0	0	0	0	0	0	0	0	0	0
1.765282085e-05	5.354627645e-12	0	0	0	0	0	0	0	0	0	0
1.686687685e-05	6.180927261e-12	0	0	0	0	0	0	0	0	0	0
1.609590198e-05	7.40492959e-12	0	0	0	0	0	0	0	0	0	0
1.540651885e-05	9.112122286e-12	0	0	0	0	0	0	0	0	0	0
1.488634562e-05	1.137980522e-11	0	0	0	0	0	0	0	0	0	0
1.461890919e-05	1.426344405e-11	0	0	0	0	0	0	0	0	0	0
1.46602563e-05	1.77498916e-11	0	0	0	0	0	0	0	0	0	0
1.501462442e-05	2.177615389e-11	0	0	0	0	0	0	0	0	0	0
1.562774098e-05	2.623949377e-11	0	0	0	0	0	0	0	0	0	0
1.640515941e-05	3.090084598e-11	0	0	0	0	0	0	0	0	0	0
1.723203552e-05	3.550323758e-11	0	0	0	0	0	0	0	0	0	0
1.799563874e-05	3.971320851e-11	0	0	0	0	0	0	0	0	0	0
1.859934928e-05	4.318275282e-11	0	0	0	0	0	0	0	0	0	0
1.896930365e-05	4.558388922e-11	0	0	0	0	0	0	0	0	0	0
1.906112549e-05	4.66768622e-11	0	0	0	0	0	0	0	0	0	0
1.886475764e-05	4.633957514e-11	0	0	0	0	0	0	0	0	0	0
1.840495422e-05	4.460001957e-11	0	0	0	0	0	0	0	0	0	0
1.774136233e-05	4.163835978e-11	0	0	0	0	0	0	0	0	0	0
1.696009086e-05	3.773759677e-11	0	0	0	0	0	0	0	0	0	0
1.616047224e-05	3.325691936e-11	0	0	0	0	0	0	0	0	0	0
1.54338861e-05	2.858583336e-11	0	0	0	0	0	0	0	0	0	0
1.484363944e-05	2.402390088e-11	0	0	0	0	0	0	0	0	0	0
1.441094095e-05	1.981068027e-11	0	0	0	0	0	0	0	0	0	0
1.412203917e-05	1.608575102e-11	0	0	0	0	0	0	0	0	0	0
1.395198285e-05	1.291333204e-11	0	0	0	0	0	0	0	0	0	0
1.38906392e-05	1.026110533e-11	0	0	0	0	0	0	0	0	0	0
1.395450672e-05	8.087188009e-12	0	0	0	0	0	0	0	0	0	0
1.417572848e-05	6.319111077e-12	0	0	0	0	0	0	0	0	0	0
1.457606327e-05	4.901086681e-12	0	0	0	0	0	0	0	0	0	0
1.514642909e-05	3.797741635e-12	0	0	0	0	0	0	0	0	0	0
1.585091018e-05	3.006752976e-12	0	0	0	0	0	0	0	0	0	0
1.665598755e-05	2.520092671e-12	0	0	0	0	0	0	0	0	0	0
1.755732959e-05	2.358418385e-12	0	0	0	0	0	0	0	0	0	0
1.858574598e-05	2.492468125e-12	0	0	0	0	0	0	0	0	0	0
1.979073218e-05	2.78219762e-12	0	0	0	0	0	0	0	0	0	0
2.120610187e-05	2.976587987e-12	0	0	0	0	0	0	0	0	0	0
2.283507723e-05	3.029033641e-12	0	0	0	0	0	0	0	0	0	0
2.467127824e-05	4.112765779e-12	0	0	0	0	0	0	0	0	0	0
2.678767371e-05	8.804950898e-12	0	0	0	0	0	0	0	0	0	0
2.94449982e-05	1.830970912e-11	0	0	0	0	0	0	0	0	0	0
3.317875522e-05	3.42420173e-11	0	0	0	0	0	0	0	0	0	0
3.873411006e-05	5.859297364e-11	0	0	0	0	0	0	0	0	0	0
4.674523962e-05	9.399892112e-11	0	0	0	0	0	0	0	0	0	0
5.738322236e-05	1.427144967e-10	0	0	0	0	0	0	0	0	0	0
7.022971239e-05	2.056574119e-10	0	0	0	0	0	0	0	0	0	0
8.435833443e-05	2.814739264e-10	0	0	0	0	0	0	0	0	0	0
9.851294415e-05	3.651411274e-10	0	0	0	0	0	0	0	0	0	0
0.0001113252651	4.47974504e-10	0	0	0	0	0	0	0	0	0	0
0.000121523307	5.19213735e-10	0	0	0	0	0	0	0	0	0	0
0.0001281529535	5.687027069e-10	0	0	0	0	0	0	0	0	0	0
0.0001307304715	5.888522495e-10	0	0	0	0	0	0	0	0	0	0
0.0001293366532	5.762801117e-10	0	0	0	0	0	0	0	0	0	0
0.0001245867471	5.345504349e-10	0	0	0	0	0	0	0	0	0	0
0.0001175151074	4.700270643e-10	0	0	0	0	0	0	0	0	0	0
0.0001093644223	3.929978047e-10	0	0	0	0	0	0	0	0	0	0
0.000101336849	3.131471376e-10	0	0	0	0	0	0	0	0	0	0
9.43372426e-05	2.3840273e-10	0	0	0	0	0	0	0	0	0	0
8.880117159e-05	1.748321611e-10	0	0	0	0	0	0	0	0	0	0
8.467380911e-05	1.257781172e-10	0	0	0	0	0	0	0	0	0	0
8.155743404e-05	9.210141001e-11	0	0	0	0	0	0	0	0	0	0
7.894117779e-05	7.2394612e-11	0	0	0	0	0	0	0	0	0	0
7.638101958e-05	6.282472129e-11	0	0	0	0	0	0	0	0	0	0
7.359217492e-05	5.822849941e-11	0	0	0	0	0	0	0	0	0	0
7.045625591e-05	5.496452342e-11	0	0	0	0	0	0	0	0	0	0
6.698991755e-05	5.135115253e-11	0	0	0	0	0	0	0	0	0	0
6.329929624e-05	4.693083035e-11	0	0	0	0	0	0	0	0	0	0
5.953571988e-05	4.15119991e-11	0	0	0	0	0	0	0	0	0	0
5.585895557e-05	3.544964199e-11	0	0	0	0	0	0	0	0	0	0
5.240979923e-05	2.894005092e-11	0	0	0	0	0	0	0	0	0	0
4.928770633e-05	2.274088894e-11	0	0	0	0	0	0	0	0	0	0
4.65358712e-05	1.814149494e-11	0	0	0	0	0	0	0	0	0	0
4.414315905e-05	1.715100599e-11	0	0	0	0	0	0	0	0	0	0
4.204910999e-05	2.002646073e-11	0	0	0	0	0	0	0	0	0	0
4.016404769e-05	2.484369329e-11	0	0	0	0	0	0	0	0	0	0
3.838866795e-05	2.974943348e-11	0	0	0	0	0	0	0	0	0	0
3.6633057e-05	3.370862922e-11	0	0	0	0	0	0	0	0	0	0
3.483027251e-05	3.633706928e-11	0	0	0	0	0	0	0	0	0	0
3.294014352e-05	3.748947407e-11	0	0	0	0	0	0	0	0	0	0
3.095562918e-05	3.724975793e-11	0	0	0	0	0	0	0	0	0	0
2.89010556e-05	3.578967242e-11	0	0	0	0	0	0	0	0	0	0
2.682599836e-05	3.344386497e-11	0	0	0	0	0	0	0	0	0	0
2.480364544e-05	3.049427003e-11	0	0	0	0	0	0	0	0	0	0
2.291557629e-05	2.71958405e-11	0	0	0	0	0	0	0	0	0	0
2.123791438e-05	2.381269942e-11	0	0	0	0	0	0	0	0	0	0
1.982376938e-05	2.050989723e-11	0	0	0	0	0	0	0	0	0	0
1.869320932e-05	1.747160356e-11	0	0	0	0	0	0	0	0	0	0
1.782027413e-05	1.476581343e-11	0	0	0	0	0	0	0	0	0	0
1.714854883e-05	1.248906694e-11	0	0	0	0	0	0	0	0	0	0
1.660143451e-05	1.064801728e-11	0	0	0	0	0	0	0	0	0	0
1.609880625e-05	9.207995087e-12	0	0	0	0	0	0	0	0	0	0
1.556613461e-05	8.123985208e-12	0	0	0	0	0	0	0	0	0	0
1.494402703e-05	7.250723052e-12	0	0	0	0	0	0	0	0	0	0
1.418906157e-05	6.498417369e-12	0	0	0	0	0	0	0	0	0	0
1.328323544e-05	5.793487641e-12	0	0	0	0	0	0	0	0	0	0
1.223946654e-05	5.160497494e-12	0	0	0	0	0	0	0	0	0	0
1.112533501e-05	4.764042454e-12	0	0	0	0	0	0	0	0	0	0
1.00715216e-05	4.818212011e-12	0	0	0	0	0	0	0	0	0	0
9.269681571e-06	5.441340998e-12	0	0	0	0	0	0	0	0	0	0
8.915588945e-06	6.485839798e-12	0	0	0	0	0	0	0	0	0	0
9.084133875e-06	7.809151225e-12	0	0	0	0	0	0	0	0	0	0
9.66358858e-06	9.262590319e-12	0	0	0	0	0	0	0	0	0	0
1.044793927e-05	1.072290977e-11	0	0	0	0	0	0	0	0	0	0
1.128428801e-05	1.215345146e-11	0	0	0	0	0	0	0	0	0	0
1.214755696e-05	1.351313288e-11	0	0	0	0	0	0	0	0	0	0
1.313349283e-05	1.48787648e-11	0	0	0	0	0	0	0	0	0	0
1.437781838e-05	1.632232785e-11	0	0	0	0	0	0	0	0	0	0
1.595082056e-05	1.79357901e-11	0	0	0	0	0	0	0	0	0	0
1.7792448e-05	1.97932318e-11	0	0	0	0	0	0	0	0	0	0
1.974186721e-05	2.19845654e-11	0	0	0	0	0	0	0	0	0	0
2.161799672e-05	2.443029752e-11	0	0	0	0	0	0	0	0	0	0
2.328813234e-05	2.712225904e-11	0	0	0	0	0	0	0	0	0	0
2.470630825e-05	3.00050736e-11	0	0	0	0	0	0	0	0	0	0
2.591563972e-05	3.308206256e-11	0	0	0	0	0	0	0	0	0	0
2.701561896e-05	3.63513627e-11	0	0	0	0	0	0	0	0	0	0
2.812935231e-05	3.977061452e-11	0	0	0	0	0	0	0	0	0	0
2.93464983e-05	4.327193342e-11	0	0	0	0	0	0	0	0	0	0
3.070276229e-05	4.674618341e-11	0	0	0	0	0	0	0	0	0	0
3.217098118e-05	5.013286606e-11	0	0	0	0	0	0	0	0	0	0
3.368424325e-05	5.322816268e-11	0	0	0	0	0	0	0	0	0	0
3.516574381e-05	5.60015319e-11	0	0	0	0	0	0	0	0	0	0
3.65752051e-05	5.828948988e-11	0	0	0	0	0	0	0	0	0	0
3.790885083e-05	6.00176826e-11	0	0	0	0	0	0	0	0	0	0
3.922381379e-05	6.119726874e-11	0	0	0	0	0	0	0	0	0	0
4.060909356e-05	6.188519316e-11	0	0	0	0	0	0	0	0	0	0
4.215768372e-05	6.201778432e-11	0	0	0	0	0	0	0	0	0	0
4.392717382e-05	6.176434929e-11	0	0	0	0	0	0	0	0	0	0
4.590572438e-05	6.114502869e-11	0	0	0	0	0	0	0	0	0	0
4.800999745e-05	6.045390945e-11	0	0	0	0	0	0	0	0	0	0
5.010647579e-05	5.966877563e-11	0	0	0	0	0	0	0	0	0	0
5.206232097e-05	5.917579536e-11	0	0	0	0	0	0	0	0	0	0
5.378978418e-05	5.891493019e-11	0	0	0	0	0	0	0	0	0	0
5.528058793e-05	5.910594078e-11	0	0	0	0	0	0	0	0	0	0
5.660728822e-05	5.975921478e-11	0	0	0	0	0	0	0	0	0	0
5.789577004e-05	6.076368006e-11	0	0	0	0	0	0	0	0	0	0
5.927641312e-05	6.199195039e-11	0	0	0	0	0	0	0	0	0	0
6.083286157e-05	6.321250487e-11	0	0	0	0	0	0	0	0	0	0
6.256536144e-05	6.432275188e-11	0	0	0	0	0	0	0	0	0	0
6.438345695e-05	6.522504003e-11	0	0	0	0	0	0	0	0	0	0
6.612670013e-05	6.580300799e-11	0	0	0	0	0	0	0	0	0	0
6.761584353e-05	6.595793694e-11	0	0	0	0	0	0	0	0	0	0
6.871251353e-05	6.560327417e-11	0	0	0	0	0	0	0	0	0	0
6.938659897e-05	6.50888939e-11	0	0	0	0	0	0	0	0	0	0
6.977166871e-05	6.487488724e-11	0	0	0	0	0	0	0	0	0	0
7.019212803e-05	6.650442827e-11	0	0	0	0	0	0	0	0	0	0
7.113658654e-05	7.238488217e-11	0	0	0	0	0	0	0	0	0	0
7.312653546e-05	8.527312394e-11	0	0	0	0	0	0	0	0	0	0
7.649589022e-05	1.062379848e-10	0	0	0	0	0	0	0	0	0	0
8.117579491e-05	1.344139937e-10	0	0	0	0	0	0	0	0	0	0
8.662177334e-05	1.66757749e-10	0	0	0	0	0	0	0	0	0	0
9.193640687e-05	1.985633967e-10	0	0	0	0	0	0	0	0	0	0
9.6094208e-05	2.244941836e-10	0	0	0	0	0	0	0	0	0	0
9.81750437e-05	2.396030136e-10	0	0	0	0	0	0	0	0	0	0
9.753846011e-05	2.403070351e-10	0	0	0	0	0	0	0	0	0	0
9.393608035e-05	2.260701822e-10	0	0	0	0	0	0	0	0	0	0
8.753830776e-05	1.988202291e-10	0	0	0	0	0	0	0	0	0	0
7.889187675e-05	1.631840651e-10	0	0	0	0	0	0	0	0	0	0
6.881095254e-05	1.248302332e-10	0	0	0	0	0	0	0	0	0	0
5.823656695e-05	8.878944855e-11	0	0	0	0	0	0	0	0	0	0
4.80836092e-05	5.882826033e-11	0	0	0	0	0	0	0	0	0	0
3.911033645e-05	3.654184017e-11	0	0	0	0	0	0	0	0	0	0
3.18095983e-05	2.18378782e-11	0	0	0	0	0	0	0	0	0	0
2.633516436e-05	1.346218493e-11	0	0	0	0	0	0	0	0	0	0
2.24903232e-05	9.506492107e-12	0	0	0	0	0	0	0	0	0	0
1.98321616e-05	7.997788669e-12	0	0	0	0	0	0	0	0	0	0
1.787654346e-05	7.561873612e-12	0	0	0	0	0	0	0	0	0	0
1.626372235e-05	7.635582698e-12	0	0	0	0	0	0	0	0	0	0
1.479652677e-05	8.035202349e-12	0	0	0	0	0	0	0	0	0	0
1.341166899e-05	8.673897861e-12	0	0	0	0	0	0	0	0	0	0
1.212070097e-05	9.51126895e-12	0	0	0	0	0	0	0	0	0	0
1.097991248e-05	1.051281147e-11	0	0	0	0	0	0	0	0	0	0
1.006434172e-05	1.1604277e-11	0	0	0	0	0	0	0	0	0	0
9.444070307e-06	1.270898475e-11	0	0	0	0	0	0	0	0	0	0
9.153121625e-06	1.371256148e-11	0	0	0	0	0	0	0	0	0	0
9.166211542e-06	1.449893741e-11	0	0	0	0	0	0	0	0	0	0
9.405577941e-06	1.49341161e-11	0	0	0	0	0	0	0	0	0	0
9.774666667e-06	1.493323732e-11	0	0	0	0	0	0	0	0	0	0
1.018921423e-05	1.444222668e-11	0	0	0	0	0	0	0	0	0	0
1.059635875e-05	1.347565942e-11	0	0	0	0	0	0	0	0	0	0
1.097309577e-05	1.212187265e-11	0	0	0	0	0	0	0	0	0	0
1.131756994e-05	1.053742041e-11	0	0	0	0	0	0	0	0	0	0
1.163743384e-05	8.921971254e-12	0	0	0	0	0	0	0	0	0	0
1.193951928e-05	7.466604457e-12	0	0	0	0	0	0	0	0	0	0
1.22306578e-05	6.354452446e-12	0	0	0	0	0	0	0	0	0	0
1.251687912e-05	5.611036088e-12	0	0	0	0	0	0	0	0	0	0
1.281069687e-05	5.217631268e-12	0	0	0	0	0	0	0	0	0	0
1.313094178e-05	5.091920383e-12	0	0	0	0	0	0	0	0	0	0
1.349918061e-05	5.189778812e-12	0	0	0	0	0	0	0	0	0	0
1.392963474e-05	5.448867799e-12	0	0	0	0	0	0	0	0	0	0
1.442596577e-05	5.743174923e-12	0	0	0	0	0	0	0	0	0	0
1.498341406e-05	5.913558034e-12	0	0	0	0	0	0	0	0	0	0
1.559037901e-05	5.833813291e-12	0	0	0	0	0	0	0	0	0	0
1.623576267e-05	5.485178525e-12	0	0	0	0	0	0	0	0	0	0
1.691827452e-05	4.875374217e-12	0	0	0	0	0	0	0	0	0	0
1.765215214e-05	4.12439614e-12	0	0	0	0	0	0	0	0	0	0
1.847964877e-05	3.380278231e-12	0	0	0	0	0	0	0	0	0	0
1.947269223e-05	2.946233537e-12	0	0	0	0	0	0	0	0	0	0
2.070537664e-05	3.213178618e-12	0	0	0	0	0	0	0	0	0	0
2.222209507e-05	4.377576612e-12	0	0	0	0	0	0	0	0	0	0
2.399902666e-05	6.21522027e-12	0	0	0	0	0	0	0	0	0	0
2.594629332e-05	8.427979385e-12	0	0	0	0	0	0	0	0	0	0
2.79400677e-05	1.064472953e-11	0	0	0	0	0	0	0	0	0	0
2.986517296e-05	1.240981985e-11	0	0	0	0	0	0	0	0	0	0
3.166245014e-05	1.309784918e-11	0	0	0	0	0	0	0	0	0	0
3.339787583e-05	1.247330551e-11	0	0	0	0	0	0	0	0	0	0
3.53117511e-05	1.185918401e-11	0	0	0	0	0	0	0	0	0	0
3.787190732e-05	1.65039687e-11	0	0	0	0	0	0	0	0	0	0
4.170252786e-05	2.986867872e-11	0	0	0	0	0	0	0	0	0	0
4.734180671e-05	5.168767748e-11	0	0	0	0	0	0	0	0	0	0
5.494521913e-05	8.187666474e-11	0	0	0	0	0	0	0	0	0	0
6.41898403e-05	1.205785056e-10	0	0	0	0	0	0	0	0	0	0
7.43650808e-05	1.672700766e-10	0	0	0	0	0	0	0	0	0	0
8.458604701e-05	2.199248396e-10	0	0	0	0	0	0	0	0	0	0
9.398590542e-05	2.742836339e-10	0	0	0	0	0	0	0	0	0	0
0.0001018586664	3.260332569e-10	0	0	0	0	0	0	0	0	0	0
0.0001077505236	3.701178323e-10	0	0	0	0	0	0	0	0	0	0
0.000111487192	4.026232609e-10	0	0	0	0	0	0	0	0	0	0
0.00011314631	4.204069567e-10	0	0	0	0	0	0	0	0	0	0
0.0001129806339	4.234523005e-10	0	0	0	0	0	0	0	0	0	0
0.0001113213984	4.129711031e-10	0	0	0	0	0	0	0	0	0	0
0.0001084852067	3.915811989e-10	0	0	0	0	0	0	0	0	0	0
0.0001047200103	3.6215235e-10	0	0	0	0	0	0	0	0	0	0
0.0001001909743	3.282613541e-10	0	0	0	0	0	0	0	0	0	0
9.500649091e-05	2.924077096e-10	0	0	0	0	0	0	0	0	0	0
8.925743076e-05	2.567388941e-10	0	0	0	0	0	0	0	0	0	0
8.305778738e-05	2.228310278e-10	0	0	0	0	0	0	0	0	0	0
7.65544441e-05	1.912558049e-10	0	0	0	0	0	0	0	0	0	0
6.99296396e-05	1.622716979e-10	0	0	0	0	0	0	0	0	0	0
6.337434314e-05	1.359443903e-10	0	0	0	0	0	0	0	0	0	0
5.70669095e-05	1.122726627e-10	0	0	0	0	0	0	0	0	0	0
5.116157393e-05	9.117137285e-11	0	0	0	0	0	0	0	0	0	0
4.578489047e-05	7.224262655e-11	0	0	0	0	0	0	0	0	0	0
4.105872878e-05	5.549422888e-11	0	0	0	0	0	0	0	0	0	0
3.710016179e-05	4.098794701e-11	0	0	0	0	0	0	0	0	0	0
3.400922315e-05	2.86192012e-11	0	0	0	0	0	0	0	0	0	0
3.181585666e-05	1.851082071e-11	0	0	0	0	0	0	0	0	0	0
3.043579761e-05	1.082905258e-11	0	0	0	0	0	0	0	0	0	0
2.966424943e-05	6.362840779e-12	0	0	0	0	0	0	0	0	0	0
2.924352281e-05	5.617191322e-12	0	0	0	0	0	0	0	0	0	0
2.89474887e-05	6.34899481e-12	0	0	0	0	0	0	0	0	0	0
2.863029425e-05	6.602223986e-12	0	0	0	0	0	0	0	0	0	0
2.823504879e-05	6.303611427e-12	0	0	0	0	0	0	0	0	0	0
2.776279657e-05	6.2431144e-12	0	0	0	0	0	0	0	0	0	0
2.723582693e-05	7.226284911e-12	0	0	0	0	0	0	0	0	0	0
2.667423558e-05	9.143374876e-12	0	0	0	0	0	0	0	0	0	0
2.608961274e-05	1.127187103e-11	0	0	0	0	0	0	0	0	0	0
2.549239534e-05	1.313597406e-11	0	0	0	0	0	0	0	0	0	0
2.489928786e-05	1.451018191e-11	0	0	0	0	0	0	0	0	0	0
2.434183186e-05	1.537781101e-11	0	0	0	0	0	0	0	0	0	0
2.385363926e-05	1.586436283e-11	0	0	0	0	0	0	0	0	0	0
2.346479816e-05	1.617785253e-11	0	0	0	0	0	0	0	0	0	0
2.318674517e-05	1.648537319e-11	0	0	0	0	0	0	0	0	0	0
2.301139198e-05	1.689458137e-11	0	0	0	0	0	0	0	0	0	0
2.290659905e-05	1.744166883e-11	0	0	0	0	0	0	0	0	0	0
2.282286238e-05	1.801611386e-11	0	0	0	0	0	0	0	0	0	0
2.269472615e-05	1.847274123e-11	0	0	0	0	0	0	0	0	0	0
2.244642355e-05	1.860545597e-11	0	0	0	0	0	0	0	0	0	0
2.19997821e-05	1.822274542e-11	0	0	0	0	0	0	0	0	0	0
2.128117391e-05	1.716322424e-11	0	0	0	0	0	0	0	0	0	0
2.023865604e-05	1.536666894e-11	0	0	0	0	0	0	0	0	0	0
1.885480262e-05	1.291422394e-11	0	0	0	0	0	0	0	0	0	0
1.716320192e-05	1.003782546e-11	0	0	0	0	0	0	0	0	0	0
1.526159854e-05	7.097678848e-12	0	0	0	0	0	0	0	0	0	0
1.331944676e-05	4.584824407e-12	0	0	0	0	0	0	0	0	0	0
1.157198134e-05	3.150695865e-12	0	0	0	0	0	0	0	0	0	0
1.027713998e-05	3.056459339e-12	0	0	0	0	0	0	0	0	0	0
9.609383012e-06	3.43093979e-12	0	0	0	0	0	0	0	0	0	0
9.540479468e-06	3.607914156e-12	0	0	0	0	0	0	0	0	0	0
9.865636965e-06	3.47078428e-12	0	0	0	0	0	0	0	0	0	0
1.03690689e-05	3.12648813e-12	0	0	0	0	0	0	0	0	0	0
1.093987454e-05	2.73388498e-12	0	0	0	0	0	0	0	0	0	0
1.157090086e-05	2.521731006e-12	0	0	0	0	0	0	0	0	0	0
1.230039237e-05	2.7713006e-12	0	0	0	0	0	0	0	0	0	0
1.315501791e-05	3.573428631e-12	0	0	0	0	0	0	0	0	0	0
1.412708677e-05	4.830312736e-12	0	0	0	0	0	0	0	0	0	0
1.520316656e-05	6.436961756e-12	0	0	0	0	0	0	0	0	0	0
1.639904573e-05	8.356748168e-12	0	0	0	0	0	0	0	0	0	0
1.779182626e-05	1.056239549e-11	0	0	0	0	0	0	0	0	0	0
1.950405691e-05	1.308394337e-11	0	0	0	0	0	0	0	0	0	0
2.165116273e-05	1.591215747e-11	0	0	0	0	0	0	0	0	0	0
2.428080166e-05	1.906234212e-11	0	0	0	0	0	0	0	0	0	0
2.735652094e-05	2.257731888e-11	0	0	0	0	0	0	0	0	0	0
3.077744046e-05	2.656501982e-11	0	0	0	0	0	0	0	0	0	0
3.444902319e-05	3.1175807e-11	0	0	0	0	0	0	0	0	0	0
3.83311713e-05	3.672497119e-11	0	0	0	0	0	0	0	0	0	0
4.247225574e-05	4.355246686e-11	0	0	0	0	0	0	0	0	0	0
4.700102336e-05	5.212961766e-11	0	0	0	0	0	0	0	0	0	0
5.206107165e-05	6.282350151e-11	0	0	0	0	0	0	0	0	0	0
5.772101661e-05	7.578883942e-11	0	0	0	0	0	0	0	0	0	0
6.387379506e-05	9.06272023e-11	0	0	0	0	0	0	0	0	0	0
7.020397023e-05	1.063661544e-10	0	0	0	0	0	0	0	0	0	0
7.621191887e-05	1.214871083e-10	0	0	0	0	0	0	0	0	0	0
8.13211163e-05	1.339699956e-10	0	0	0	0	0	0	0	0	0	0
8.501119686e-05	1.420698009e-10	0	0	0	0	0	0	0	0	0	0
8.695263012e-05	1.444835342e-10	0	0	0	0	0	0	0	0	0	0
8.710247242e-05	1.40768446e-10	0	0	0	0	0	0	0	0	0	0
8.573782349e-05	1.322395016e-10	0	0	0	0	0	0	0	0	0	0
8.340484757e-05	1.20387568e-10	0	0	0	0	0	0	0	0	0	0
8.078385847e-05	1.074238173e-10	0	0	0	0	0	0	0	0	0	0
7.84996101e-05	9.524467799e-11	0	0	0	0	0	0	0	0	0	0
7.693688127e-05	8.523760945e-11	0	0	0	0	0	0	0	0	0	0
7.614214672e-05	7.789151465e-11	0	0	0	0	0	0	0	0	0	0
7.586557057e-05	7.288172652e-11	0	0	0	0	0	0	0	0	0	0
7.57014754e-05	6.958764666e-11	0	0	0	0	0	0	0	0	0	0
7.524284949e-05	6.705020082e-11	0	0	0	0	0	0	0	0	0	0
7.418688176e-05	6.47105486e-11	0	0	0	0	0	0	0	0	0	0
7.238295164e-05	6.200359511e-11	0	0	0	0	0	0	0	0	0	0
6.983993777e-05	5.895225324e-11	0	0	0	0	0	0	0	0	0	0
6.670830764e-05	5.566870474e-11	0	0	0	0	0	0	0	0	0	0
6.324093258e-05	5.235848459e-11	0	0	0	0	0	0	0	0	0	0
5.974396477e-05	4.926887332e-11	0	0	0	0	0	0	0	0	0	0
5.651077853e-05	4.657960923e-11	0	0	0	0	0	0	0	0	0	0
5.37466932e-05	4.452658982e-11	0	0	0	0	0	0	0	0	0	0
5.150826368e-05	4.327167633e-11	0	0	0	0	0	0	0	0	0	0
4.968734609e-05	4.292894254e-11	0	0	0	0	0	0	0	0	0	0
4.8053763e-05	4.315231713e-11	0	0	0	0	0	0	0	0	0	0
4.634733276e-05	4.366313722e-11	0	0	0	0	0	0	0	0	0	0
4.437212446e-05	4.402386061e-11	0	0	0	0	0	0	0	0	0	0
4.205165378e-05	4.383898343e-11	0	0	0	0	0	0	0	0	0	0
3.943716438e-05	4.297155001e-11	0	0	0	0	0	0	0	0	0	0
3.667354743e-05	4.14912063e-11	0	0	0	0	0	0	0	0	0	0
3.394365343e-05	3.948700681e-11	0	0	0	0	0	0	0	0	0	0
3.141142807e-05	3.721561009e-11	0	0	0	0	0	0	0	0	0	0
2.918772743e-05	3.481697796e-11	0	0	0	0	0	0	0	0	0	0
2.731308923e-05	3.237892032e-11	0	0	0	0	0	0	0	0	0	0
2.577587537e-05	2.993599219e-11	0	0	0	0	0	0	0	0	0	0
2.453231961e-05	2.755660088e-11	0	0	0	0	0	0	0	0	0	0
2.352413477e-05	2.527711683e-11	0	0	0	0	0	0	0	0	0	0
2.268382199e-05	2.309478245e-11	0	0	0	0	0	0	0	0	0	0
2.193690281e-05	2.110756336e-11	0	0	0	0	0	0	0	0	0	0
2.120358865e-05	1.930260389e-11	0	0	0	0	0	0	0	0	0	0
2.040839063e-05	1.772995229e-11	0	0	0	0	0	0	0	0	0	0
1.949219565e-05	1.637602986e-11	0	0	0	0	0	0	0	0	0	0
1.842578725e-05	1.523268206e-11	0	0	0	0	0	0	0	0	0	0
1.721791119e-05	1.429164644e-11	0	0	0	0	0	0	0	0	0	0
1.591585384e-05	1.349175169e-11	0	0	0	0	0	0	0	0	0	0
1.45955173e-05	1.279976442e-11	0	0	0	0	0	0	0	0	0	0
1.334556381e-05	1.215801759e-11	0	0	0	0	0	0	0	0	0	0
1.22481302e-05	1.147591614e-11	0	0	0	0	0	0	0	0	0	0
1.135907793e-05	1.07104279e-11	0	0	0	0	0	0	0	0	0	0
1.07036317e-05	9.782716483e-12	0	0	0	0	0	0	0	0	0	0
1.028532154e-05	8.662942425e-12	0	0	0	0	0	0	0	0	0	0
1.010673097e-05	7.365306349e-12	0	0	0	0	0	0	0	0	0	0
1.01880352e-05	5.953268846e-12	0	0	0	0	0	0	0	0	0	0
1.055857135e-05	4.572889452e-12	0	0	0	0	0	0	0	0	0	0
1.123473353e-05	3.476764574e-12	0	0	0	0	0	0	0	0	0	0
1.219523444e-05	3.008236456e-12	0	0	0	0	0	0	0	0	0	0
1.337985345e-05	3.330970042e-12	0	0	0	0	0	0	0	0	0	0
1.47077955e-05	4.219160004e-12	0	0	0	0	0	0	0	0	0	0
1.609876247e-05	5.487516532e-12	0	0	0	0	0	0	0	0	0	0
1.749025506e-05	7.085124878e-12	0	0	0	0	0	0	0	0	0	0
1.883578322e-05	8.975338248e-12	0	0	0	0	0	0	0	0	0	0
2.01067987e-05	1.101257512e-11	0	0	0	0	0	0	0	0	0	0
2.128782396e-05	1.305398995e-11	0	0	0	0	0	0	0	0	0	0
2.237179596e-05	1.493451232e-11	0	0	0	0	0	0	0	0	0	0
2.336100354e-05	1.654816256e-11	0	0	0	0	0	0	0	0	0	0
2.426309739e-05	1.785991888e-11	0	0	0	0	0	0	0	0	0	0
2.508872687e-05	1.888898098e-11	0	0	0	0	0	0	0	0	0	0
2.585406583e-05	1.969279383e-11	0	0	0	0	0	0	0	0	0	0
2.658118874e-05	2.029295625e-11	0	0	0	0	0	0	0	0	0	0
2.730695877e-05	2.066358376e-11	0	0	0	0	0	0	0	0	0	0
2.807487109e-05	2.068646661e-11	0	0	0	0	0	0	0	0	0	0
2.892449664e-05	2.018386929e-11	0	0	0	0	0	0	0	0	0	0
2.986461839e-05	1.893307753e-11	0	0	0	0	0	0	0	0	0	0
3.087212582e-05	1.68596128e-11	0	0	0	0	0	0	0	0	0	0
3.189478909e-05	1.407789075e-11	0	0	0	0	0	0	0	0	0	0
3.287602677e-05	1.124767887e-11	0	0	0	0	0	0	0	0	0	0
3.376424257e-05	9.579573184e-12	0	0	0	0	0	0	0	0	0	0
3.452958045e-05	9.761292337e-12	0	0	0	0	0	0	0	0	0	0
3.517741315e-05	1.065131907e-11	0	0	0	0	0	0	0	0	0	0
3.579517828e-05	1.0628515e-11	0	0	0	0	0	0	0	0	0	0
3.661454927e-05	9.375137952e-12	0	0	0	0	0	0	0	0	0	0
3.806046805e-05	1.0173284e-11	0	0	0	0	0	0	0	0	0	0
4.065642645e-05	1.819306319e-11	0	0	0	0	0	0	0	0	0	0
4.478866517e-05	3.303593914e-11	0	0	0	0	0	0	0	0	0	0
5.048330174e-05	5.326157756e-11	0	0	0	0	0	0	0	0	0	0
5.739218033e-05	7.881191893e-11	0	0	0	0	0	0	0	0	0	0
6.497113168e-05	1.089735812e-10	0	0	0	0	0	0	0	0	0	0
7.270084141e-05	1.433469666e-10	0	0	0	0	0	0	0	0	0	0
8.020369807e-05	1.801625392e-10	0	0	0	0	0	0	0	0	0	0
8.728716223e-05	2.178208535e-10	0	0	0	0	0	0	0	0	0	0
9.390178542e-05	2.546792499e-10	0	0	0	0	0	0	0	0	0	0
0.0001000587824	2.890205061e-10	0	0	0	0	0	0	0	0	0	0
0.0001057477159	3.20278565e-10	0	0	0	0	0	0	0	0	0	0
0.0001108834016	3.480066011e-10	0	0	0	0	0	0	0	0	0	0
0.000115311169	3.719182733e-10	0	0	0	0	0	0	0	0	0	0
0.0001188459907	3.924647012e-10	0	0	0	0	0	0	0	0	0	0
0.0001213362672	4.097804753e-10	0	0	0	0	0	0	0	0	0	0
0.0001227093566	4.239525412e-10	0	0	0	0	0	0	0	0	0	0
0.0001229906584	4.342967966e-10	0	0	0	0	0	0	0	0	0	0
0.000122271194	4.401512816e-10	0	0	0	0	0	0	0	0	0	0
0.0001206498843	4.399176966e-10	0	0	0	0	0	0	0	0	0	0
0.0001181560958	4.32230121e-10	0	0	0	0	0	0	0	0	0	0
0.0001146999946	4.156954361e-10	0	0	0	0	0	0	0	0	0	0
0.0001100823895	3.898586903e-10	0	0	0	0	0	0	0	0	0	0
0.0001040629436	3.543934844e-10	0	0	0	0	0	0	0	0	0	0
9.647588828e-05	3.115596016e-10	0	0	0	0	0	0	0	0	0	0
8.734573078e-05	2.634954984e-10	0	0	0	0	0	0	0	0	0	0
7.695967597e-05	2.134322091e-10	0	0	0	0	0	0	0	0	0	0
6.587860889e-05	1.649311499e-10	0	0	0	0	0	0	0	0	0	0
5.486541225e-05	1.213304601e-10	0	0	0	0	0	0	0	0	0	0
4.476510744e-05	8.426964836e-11	0	0	0	0	0	0	0	0	0	0
3.632542363e-05	5.484168362e-11	0	0	0	0	0	0	0	0	0	0
2.999721359e-05	3.28817729e-11	0	0	0	0	0	0	0	0	0	0
2.573754211e-05	1.763276808e-11	0	0	0	0	0	0	0	0	0	0
2.303561164e-05	8.30570416e-12	0	0	0	0	0	0	0	0	0	0
2.122066768e-05	4.014696956e-12	0	0	0	0	0	0	0	0	0	0
1.980932848e-05	3.202702957e-12	0	0	0	0	0	0	0	0	0	0
1.859031047e-05	3.258131566e-12	0	0	0	0	0	0	0	0	0	0
1.753756581e-05	4.138886883e-12	0	0	0	0	0	0	0	0	0	0
1.667712399e-05	5.97011653e-12	0	0	0	0	0	0	0	0	0	0
1.602048878e-05	8.070680427e-12	0	0	0	0	0	0	0	0	0	0
1.55393658e-05	9.950154818e-12	0	0	0	0	0	0	0	0	0	0
1.518474555e-05	1.139749397e-11	0	0	0	0	0	0	0	0	0	0
1.490701049e-05	1.236902713e-11	0	0	0	0	0	0	0	0	0	0
1.467537861e-05	1.294658635e-11	0	0	0	0	0	0	0	0	0	0
1.447753509e-05	1.324257968e-11	0	0	0	0	0	0	0	0	0	0
1.431095905e-05	1.338506288e-11	0	0	0	0	0	0	0	0	0	0
1.417983968e-05	1.344919863e-11	0	0	0	0	0	0	0	0	0	0
1.408247023e-05	1.355067553e-11	0	0	0	0	0	0	0	0	0	0
1.401002339e-05	1.373212615e-11	0	0	0	0	0	0	0	0	0	0
1.395181891e-05	1.403397491e-11	0	0	0	0	0	0	0	0	0	0
1.388778314e-05	1.447608191e-11	0	0	0	0	0	0	0	0	0	0
1.379852794e-05	1.50479798e-11	0	0	0	0	0	0	0	0	0	0
1.366362269e-05	1.574810834e-11	0	0	0	0	0	0	0	0	0	0
1.346758536e-05	1.652303126e-11	0	0	0	0	0	0	0	0	0	0
1.320756084e-05	1.73381731e-11	0	0	0	0	0	0	0	0	0	0
1.28940603e-05	1.81128953e-11	0	0	0	0	0	0	0	0	0	0
1.255371236e-05	1.880952953e-11	0	0	0	0	0	0	0	0	0	0
1.222601086e-05	1.937829699e-11	0	0	0	0	0	0	0	0	0	0
1.195792935e-05	1.976969398e-11	0	0	0	0	0	0	0	0	0	0
1.179333039e-05	1.997844773e-11	0	0	0	0	0	0	0	0	0	0
1.177019081e-05	1.999725267e-11	0	0	0	0	0	0	0	0	0	0
1.191830279e-05	1.984496601e-11	0	0	0	0	0	0	0	0	0	0
1.226079651e-05	1.956288767e-11	0	0	0	0	0	0	0	0	0	0
1.281231065e-05	1.920063956e-11	0	0	0	0	0	0	0	0	0	0
1.357153377e-05	1.88132499e-11	0	0	0	0	0	0	0	0	0	0
1.451867436e-05	1.843517435e-11	0	0	0	0	0	0	0	0	0	0
1.561416415e-05	1.811996881e-11	0	0	0	0	0	0	0	0	0	0
1.681216384e-05	1.787713112e-11	0	0	0	0	0	0	0	0	0	0
1.807493437e-05	1.776477019e-11	0	0	0	0	0	0	0	0	0	0
1.93901158e-05	1.773691574e-11	0	0	0	0	0	0	0	0	0	0
2.077418419e-05	1.78205821e-11	0	0	0	0	0	0	0	0	0	0
2.226974697e-05	1.799140969e-11	0	0	0	0	0	0	0	0	0	0
2.392590522e-05	1.826086334e-11	0	0	0	0	0	0	0	0	0	0
2.578819211e-05	1.862450698e-11	0	0	0	0	0	0	0	0	0	0
2.789755435e-05	1.91419313e-11	0	0	0	0	0	0	0	0	0	0
3.031690035e-05	1.998942069e-11	0	0	0	0	0	0	0	0	0	0
3.316363263e-05	2.152501715e-11	0	0	0	0	0	0	0	0	0	0
3.663896209e-05	2.458694221e-11	0	0	0	0	0	0	0	0	0	0
4.100165506e-05	3.043624901e-11	0	0	0	0	0	0	0	0	0	0
4.647686673e-05	4.054197799e-11	0	0	0	0	0	0	0	0	0	0
5.312554903e-05	5.585162664e-11	0	0	0	0	0	0	0	0	0	0
6.073808528e-05	7.630379899e-11	0	0	0	0	0	0	0	0	0	0
6.881976259e-05	1.007535693e-10	0	0	0	0	0	0	0	0	0	0
7.666070055e-05	1.266141504e-10	0	0	0	0	0	0	0	0	0	0
8.346938672e-05	1.505787407e-10	0	0	0	0	0	0	0	0	0	0
8.853356133e-05	1.68637231e-10	0	0	0	0	0	0	0	0	0	0
9.1371236e-05	1.781581032e-10	0	0	0	0	0	0	0	0	0	0
9.184654647e-05	1.7751746e-10	0	0	0	0	0	0	0	0	0	0
9.021467514e-05	1.672050485e-10	0	0	0	0	0	0	0	0	0	0
8.708712167e-05	1.496244001e-10	0	0	0	0	0	0	0	0	0	0
8.329652346e-05	1.280088196e-10	0	0	0	0	0	0	0	0	0	0
7.969409206e-05	1.059441267e-10	0	0	0	0	0	0	0	0	0	0
7.690455324e-05	8.645998531e-11	0	0	0	0	0	0	0	0	0	0
7.515836414e-05	7.182462008e-11	0	0	0	0	0	0	0	0	0	0
7.427884702e-05	6.26516987e-11	0	0	0	0	0	0	0	0	0	0
7.383136531e-05	5.83711629e-11	0	0	0	0	0	0	0	0	0	0
7.333149321e-05	5.727338631e-11	0	0	0	0	0	0	0	0	0	0
7.240177133e-05	5.755474625e-11	0	0	0	0	0	0	0	0	0	0
7.084588634e-05	5.803960642e-11	0	0	0	0	0	0	0	0	0	0
6.865377993e-05	5.831451575e-11	0	0	0	0	0	0	0	0	0	0
6.59738696e-05	5.830309639e-11	0	0	0	0	0	0	0	0	0	0
6.305706634e-05	5.815506484e-11	0	0	0	0	0	0	0	0	0	0
6.019061089e-05	5.789465361e-11	0	0	0	0	0	0	0	0	0	0
5.762055642e-05	5.775418108e-11	0	0	0	0	0	0	0	0	0	0
5.548618838e-05	5.776685568e-11	0	0	0	0	0	0	0	0	0	0
5.377369976e-05	5.806723112e-11	0	0	0	0	0	0	0	0	0	0
5.233541491e-05	5.885097618e-11	0	0	0	0	0	0	0	0	0	0
5.095016518e-05	6.005044728e-11	0	0	0	0	0	0	0	0	0	0
4.941166423e-05	6.150218551e-11	0	0	0	0	0	0	0	0	0	0
4.75987478e-05	6.312767541e-11	0	0	0	0	0	0	0	0	0	0
4.550712777e-05	6.476651503e-11	0	0	0	0	0	0	0	0	0	0
4.322709671e-05	6.614131759e-11	0	0	0	0	0	0	0	0	0	0
4.089643795e-05	6.722451528e-11	0	0	0	0	0	0	0	0	0	0
3.863765403e-05	6.797244046e-11	0	0	0	0	0	0	0	0	0	0
3.651199611e-05	6.819961303e-11	0	0	0	0	0	0	0	0	0	0
3.451287005e-05	6.788163607e-11	0	0	0	0	0	0	0	0	0	0
3.258460888e-05	6.692484051e-11	0	0	0	0	0	0	0	0	0	0
3.065894081e-05	6.523569475e-11	0	0	0	0	0	0	0	0	0	0
2.868731869e-05	6.276512093e-11	0	0	0	0	0	0	0	0	0	0
2.665550249e-05	5.950452948e-11	0	0	0	0	0	0	0	0	0	0
2.458550793e-05	5.554463505e-11	0	0	0	0	0	0	0	0	0	0
2.251921423e-05	5.090896012e-11	0	0	0	0	0	0	0	0	0	0
2.050396422e-05	4.580989082e-11	0	0	0	0	0	0	0	0	0	0
1.857199549e-05	4.039876555e-11	0	0	0	0	0	0	0	0	0	0
1.673399324e-05	3.485396865e-11	0	0	0	0	0	0	0	0	0	0
1.498096661e-05	2.935072739e-11	0	0	0	0	0	0	0	0	0	0
1.329903315e-05	2.404494417e-11	0	0	0	0	0	0	0	0	0	0
1.168933542e-05	1.905240613e-11	0	0	0	0	0	0	0	0	0	0
1.018365907e-05	1.448430659e-11	0	0	0	0	0	0	0	0	0	0
8.851151856e-06	1.040449915e-11	0	0	0	0	0	0	0	0	0	0
7.79233308e-06	6.903217213e-12	0	0	0	0	0	0	0	0	0	0
7.097357682e-06	4.076297282e-12	0	0	0	0	0	0	0	0	0	0
6.787759591e-06	2.153794195e-12	0	0	0	0	0	0	0	0	0	0
6.784946908e-06	1.703658775e-12	0	0	0	0	0	0	0	0	0	0
6.959160305e-06	2.181316899e-12	0	0	0	0	0	0	0	0	0	0
7.210281441e-06	2.447841686e-12	0	0	0	0	0	0	0	0	0	0
7.509046806e-06	2.26069721e-12	0	0	0	0	0	0	0	0	0	0
7.892517901e-06	1.895788071e-12	0	0	0	0	0	0	0	0	0	0
8.431642183e-06	2.46348893e-12	0	0	0	0	0	0	0	0	0	0
9.188471712e-06	4.449525194e-12	0	0	0	0	0	0	0	0	0	0
1.018484824e-05	7.243543149e-12	0	0	0	0	0	0	0	0	0	0
1.139586669e-05	1.051585401e-11	0	0	0	0	0	0	0	0	0	0
1.276114965e-05	1.39547291e-11	0	0	0	0	0	0	0	0	0	0
1.420641661e-05	1.731143482e-11	0	0	0	0	0	0	0	0	0	0
1.565997842e-05	2.028903764e-11	0	0	0	0	0	0	0	0	0	0
1.706253919e-05	2.268203795e-11	0	0	0	0	0	0	0	0	0	0
1.838032913e-05	2.43788985e-11	0	0	0	0	0	0	0	0	0	0
1.960446873e-05	2.529526483e-11	0	0	0	0	0	0	0	0	0	0
2.075703484e-05	2.550194085e-11	0	0	0	0	0	0	0	0	0	0
2.188174009e-05	2.513665077e-11	0	0	0	0	0	0	0	0	0	0
2.303976825e-05	2.433269724e-11	0	0	0	0	0	0	0	0	0	0
2.429218169e-05	2.335144641e-11	0	0	0	0	0	0	0	0	0	0
2.56855232e-05	2.23080372e-11	0	0	0	0	0	0	0	0	0	0
2.724302474e-05	2.137685916e-11	0	0	0	0	0	0	0	0	0	0
2.895859853e-05	2.063301901e-11	0	0	0	0	0	0	0	0	0	0
3.079971007e-05	2.015976158e-11	0	0	0	0	0	0	0	0	0	0
3.271733275e-05	1.99923099e-11	0	0	0	0	0	0	0	0	0	0
3.465868075e-05	2.013931824e-11	0	0	0	0	0	0	0	0	0	0
3.657925951e-05	2.058122911e-11	0	0	0	0	0	0	0	0	0	0
3.844464309e-05	2.138267746e-11	0	0	0	0	0	0	0	0	0	0
4.023737449e-05	2.241284968e-11	0	0	0	0	0	0	0	0	0	0
4.195172424e-05	2.367859003e-11	0	0	0	0	0	0	0	0	0	0
4.359051446e-05	2.516175348e-11	0	0	0	0	0	0	0	0	0	0
4.51538334e-05	2.668168631e-11	0	0	0	0	0	0	0	0	0	0
4.663169166e-05	2.819996694e-11	0	0	0	0	0	0	0	0	0	0
4.801130184e-05	2.957759289e-11	0	0	0	0	0	0	0	0	0	0
4.928102935e-05	3.06527678e-11	0	0	0	0	0	0	0	0	0	0
5.044149447e-05	3.159803243e-11	0	0	0	0	0	0	0	0	0	0
5.152109219e-05	3.237372268e-11	0	0	0	0	0	0	0	0	0	0
5.257894594e-05	3.30396719e-11	0	0	0	0	0	0	0	0	0	0
5.369590466e-05	3.401541981e-11	0	0	0	0	0	0	0	0	0	0
5.495175931e-05	3.542320347e-11	0	0	0	0	0	0	0	0	0	0
5.639879297e-05	3.742332624e-11	0	0	0	0	0	0	0	0	0	0
5.803551747e-05	4.026813164e-11	0	0	0	0	0	0	0	0	0	0
5.980575552e-05	4.403176448e-11	0	0	0	0	0	0	0	0	0	0
6.1605463e-05	4.895071531e-11	0	0	0	0	0	0	0	0	0	0
6.331780867e-05	5.5231172e-11	0	0	0	0	0	0	0	0	0	0
6.484679151e-05	6.332760561e-11	0	0	0	0	0	0	0	0	0	0
6.615422757e-05	7.378124276e-11	0	0	0	0	0	0	0	0	0	0
6.728464905e-05	8.706125005e-11	0	0	0	0	0	0	0	0	0	0
6.835868153e-05	1.033217769e-10	0	0	0	0	0	0	0	0	0	0
6.954598185e-05	1.226479267e-10	0	0	0	0	0	0	0	0	0	0
7.099351808e-05	1.443370847e-10	0	0	0	0	0	0	0	0	0	0
7.274098623e-05	1.6732165e-10	0	0	0	0	0	0	0	0	0	0
7.465673692e-05	1.897689361e-10	0	0	0	0	0	0	0	0	0	0
7.641300169e-05	2.094162467e-10	0	0	0	0	0	0	0	0	0	0
7.755305773e-05	2.233677374e-10	0	0	0	0	0	0	0	0	0	0
7.758708697e-05	2.297522645e-10	0	0	0	0	0	0	0	0	0	0
7.611619823e-05	2.269739175e-10	0	0	0	0	0	0	0	0	0	0
7.293425544e-05	2.146684023e-10	0	0	0	0	0	0	0	0	0	0
6.809063914e-05	1.942713442e-10	0	0	0	0	0	0	0	0	0	0
6.189902229e-05	1.67920648e-10	0	0	0	0	0	0	0	0	0	0
5.48882204e-05	1.384848033e-10	0	0	0	0	0	0	0	0	0	0
4.771381563e-05	1.090526563e-10	0	0	0	0	0	0	0	0	0	0
4.102612196e-05	8.195424817e-11	0	0	0	0	0	0	0	0	0	0
3.532966084e-05	5.888403014e-11	0	0	0	0	0	0	0	0	0	0
3.08598234e-05	4.038152055e-11	0	0	0	0	0	0	0	0	0	0
2.754114779e-05	2.645794177e-11	0	0	0	0	0	0	0	0	0	0
2.50769234e-05	1.669581953e-11	0	0	0	0	0	0	0	0	0	0
2.312691981e-05	1.036581689e-11	0	0	0	0	0	0	0	0	0	0
2.143991984e-05	6.696213139e-12	0	0	0	0	0	0	0	0	0	0
1.989156076e-05	4.885732424e-12	0	0	0	0	0	0	0	0	0	0
1.844801595e-05	4.143864723e-12	0	0	0	0	0	0	0	0	0	0
1.711282732e-05	3.99284015e-12	0	0	0	0	0	0	0	0	0	0
1.58971302e-05	4.162009268e-12	0	0	0	0	0	0	0	0	0	0
1.479168994e-05	4.480704301e-12	0	0	0	0	0	0	0	0	0	0
1.377802924e-05	4.792599426e-12	0	0	0	0	0	0	0	0	0	0
1.283846129e-05	5.041318011e-12	0	0	0	0	0	0	0	0	0	0
1.196491689e-05	5.23260936e-12	0	0	0	0	0	0	0	0	0	0
1.11683332e-05	5.384179128e-12	0	0	0	0	0	0	0	0	0	0
1.047245971e-05	5.561550287e-12	0	0	0	0	0	0	0	0	0	0
9.902874857e-06	5.822813977e-12	0	0	0	0	0	0	0	0	0	0
9.476264823e-06	6.228567027e-12	0	0	0	0	0	0	0	0	0	0
9.191545474e-06	6.839308258e-12	0	0	0	0	0	0	0	0	0	0
9.037399609e-06	7.690711515e-12	0	0	0	0	0	0	0	0	0	0
8.998800863e-06	8.837513309e-12	0	0	0	0	0	0	0	0	0	0
9.069617091e-06	1.029978514e-11	0	0	0	0	0	0	0	0	0	0
9.251866094e-06	1.208012155e-11	0	0	0	0	0	0	0	0	0	0
9.55159728e-06	1.413491758e-11	0	0	0	0	0	0	0	0	0	0
9.96486357e-06	1.638748274e-11	0	0	0	0	0	0	0	0	0	0
1.047682953e-05	1.873408475e-11	0	0	0	0	0	0	0	0	0	0
1.1058456e-05	2.103175046e-11	0	0	0	0	0	0	0	0	0	0
1.167256267e-05	2.314224453e-11	0	0	0	0	0	0	0	0	0	0
1.228485464e-05	2.493180216e-11	0	0	0	0	0	0	0	0	0	0
1.286565288e-05	2.627356191e-11	0	0	0	0	0	0	0	0	0	0
1.339725483e-05	2.708811995e-11	0	0	0	0	0	0	0	0	0	0
1.387654398e-05	2.735001751e-11	0	0	0	0	0	0	0	0	0	0
1.430940529e-05	2.707094813e-11	0	0	0	0	0	0	0	0	0	0
1.471381383e-05	2.633356607e-11	0	0	0	0	0	0	0	0	0	0
1.511772084e-05	2.520794078e-11	0	0	0	0	0	0	0	0	0	0
1.555674664e-05	2.384996962e-11	0	0	0	0	0	0	0	0	0	0
1.607453747e-05	2.237002935e-11	0	0	0	0	0	0	0	0	0	0
1.671077235e-05	2.091357427e-11	0	0	0	0	0	0	0	0	0	0
1.748676942e-05	1.957973555e-11	0	0	0	0	0	0	0	0	0	0
1.839564838e-05	1.840449601e-11	0	0	0	0	0	0	0	0	0	0
1.939529857e-05	1.740622997e-11	0	0	0	0	0	0	0	0	0	0
2.043552752e-05	1.654192112e-11	0	0	0	0	0	0	0	0	0	0
2.152106695e-05	1.577975221e-11	0	0	0	0	0	0	0	0	0	0
2.281541621e-05	1.517446735e-11	0	0	0	0	0	0	0	0	0	0
2.474802789e-05	1.50267886e-11	0	0	0	0	0	0	0	0	0	0
2.80035059e-05	1.606235396e-11	0	0	0	0	0	0	0	0	0	0
3.327624031e-05	2.034430948e-11	0	0	0	0	0	0	0	0	0	0
4.091131191e-05	3.160302212e-11	0	0	0	0	0	0	0	0	0	0
5.077246244e-05	5.305067863e-11	0	0	0	0	0	0	0	0	0	0
6.234869671e-05	8.644716617e-11	0	0	0	0	0	0	0	0	0	0
7.490500128e-05	1.316985854e-10	0	0	0	0	0	0	0	0	0	0
8.760140106e-05	1.865803905e-10	0	0	0	0	0	0	0	0	0	0
9.959101397e-05	2.467414476e-10	0	0	0	0	0	0	0	0	0	0
0.0001101083615	3.060955815e-10	0	0	0	0	0	0	0	0	0	0
0.0001185508104	3.579229055e-10	0	0	0	0	0	0	0	0	0	0
0.000124541437	3.964309167e-10	0	0	0	0	0	0	0	0	0	0
0.0001279512743	4.171087682e-10	0	0	0	0	0	0	0	0	0	0
0.0001288873607	4.18774639e-10	0	0	0	0	0	0	0	0	0	0
0.0001276432345	4.022670168e-10	0	0	0	0	0	0	0	0	0	0
0.000124626255	3.712912004e-10	0	0	0	0	0	0	0	0	0	0
0.0001202748751	3.30150759e-10	0	0	0	0	0	0	0	0	0	0
0.0001149906682	2.839846266e-10	0	0	0	0	0	0	0	0	0	0
0.0001090928458	2.375181915e-10	0	0	0	0	0	0	0	0	0	0
0.0001028071578	1.940250863e-10	0	0	0	0	0	0	0	0	0	0
9.628173662e-05	1.559036442e-10	0	0	0	0	0	0	0	0	0	0
8.961886635e-05	1.23907172e-10	0	0	0	0	0	0	0	0	0	0
8.29136189e-05	9.82906427e-11	0	0	0	0	0	0	0	0	0	0
7.627286245e-05	7.838701434e-11	0	0	0	0	0	0	0	0	0	0
6.982559799e-05	6.331134241e-11	0	0	0	0	0	0	0	0	0	0
6.372016976e-05	5.23628074e-11	0	0	0	0	0	0	0	0	0	0
5.810013998e-05	4.46268964e-11	0	0	0	0	0	0	0	0	0	0
5.308810077e-05	3.957404464e-11	0	0	0	0	0	0	0	0	0	0
4.876403064e-05	3.662421123e-11	0	0	0	0	0	0	0	0	0	0
4.515410238e-05	3.525394642e-11	0	0	0	0	0	0	0	0	0	0
4.22244317e-05	3.485968858e-11	0	0	0	0	0	0	0	0	0	0
3.989594555e-05	3.519319467e-11	0	0	0	0	0	0	0	0	0	0
3.805097494e-05	3.586528112e-11	0	0	0	0	0	0	0	0	0	0
3.655990966e-05	3.667748484e-11	0	0	0	0	0	0	0	0	0	0
3.529526611e-05	3.749911923e-11	0	0	0	0	0	0	0	0	0	0
3.414694503e-05	3.819690346e-11	0	0	0	0	0	0	0	0	0	0
3.303914145e-05	3.87489138e-11	0	0	0	0	0	0	0	0	0	0
3.192813134e-05	3.912824903e-11	0	0	0	0	0	0	0	0	0	0
3.080617503e-05	3.934592318e-11	0	0	0	0	0	0	0	0	0	0
2.968885237e-05	3.944245085e-11	0	0	0	0	0	0	0	0	0	0
2.860316318e-05	3.945002507e-11	0	0	0	0	0	0	0	0	0	0
2.757424722e-05	3.941171904e-11	0	0	0	0	0	0	0	0	0	0
2.661962454e-05	3.936080125e-11	0	0	0	0	0	0	0	0	0	0
2.574456274e-05	3.929888941e-11	0	0	0	0	0	0	0	0	0	0
2.494683286e-05	3.924417931e-11	0	0	0	0	0	0	0	0	0	0
2.421839689e-05	3.92187269e-11	0	0	0	0	0	0	0	0	0	0
2.355119488e-05	3.92455751e-11	0	0	0	0	0	0	0	0	0	0
2.293568157e-05	3.928525263e-11	0	0	0	0	0	0	0	0	0	0
2.236169845e-05	3.938475527e-11	0	0	0	0	0	0	0	0	0	0
2.181901539e-05	3.950521676e-11	0	0	0	0	0	0	0	0	0	0
2.129760564e-05	3.966220786e-11	0	0	0	0	0	0	0	0	0	0
2.079156227e-05	3.982493777e-11	0	0	0	0	0	0	0	0	0	0
2.029756286e-05	3.996739056e-11	0	0	0	0	0	0	0	0	0	0
1.981352207e-05	4.007040667e-11	0	0	0	0	0	0	0	0	0	0
1.933762857e-05	4.0078958e-11	0	0	0	0	0	0	0	0	0	0
1.886204976e-05	3.99516538e-11	0	0	0	0	0	0	0	0	0	0
1.837613589e-05	3.964698441e-11	0	0	0	0	0	0	0	0	0	0
1.786300666e-05	3.9113604e-11	0	0	0	0	0	0	0	0	0	0
1.730722439e-05	3.830204585e-11	0	0	0	0	0	0	0	0	0	0
1.669695246e-05	3.716134714e-11	0	0	0	0	0	0	0	0	0	0
1.602523278e-05	3.565052492e-11	0	0	0	0	0	0	0	0	0	0
1.529902347e-05	3.373622648e-11	0	0	0	0	0	0	0	0	0	0
1.453797992e-05	3.141134825e-11	0	0	0	0	0	0	0	0	0	0
1.378027467e-05	2.867203612e-11	0	0	0	0	0	0	0	0	0	0
1.308303861e-05	2.555928345e-11	0	0	0	0	0	0	0	0	0	0
1.252006794e-05	2.212202375e-11	0	0	0	0	0	0	0	0	0	0
1.217171814e-05	1.846816377e-11	0	0	0	0	0	0	0	0	0	0
1.210436523e-05	1.473402563e-11	0	0	0	0	0	0	0	0	0	0
1.234659594e-05	1.108348778e-11	0	0	0	0	0	0	0	0	0	0
1.287613381e-05	7.759896821e-12	0	0	0	0	0	0	0	0	0	0
1.362381191e-05	5.079271604e-12	0	0	0	0	0	0	0	0	0	0
1.449966536e-05	3.427215346e-12	0	0	0	0	0	0	0	0	0	0
1.541807739e-05	3.007650765e-12	0	0	0	0	0	0	0	0	0	0
1.633023308e-05	3.557164011e-12	0	0	0	0	0	0	0	0	0	0
1.725760257e-05	5.58299951e-12	0	0	0	0	0	0	0	0	0	0
1.832850219e-05	1.005612448e-11	0	0	0	0	0	0	0	0	0	0
1.979141889e-05	1.744176799e-11	0	0	0	0	0	0	0	0	0	0
2.19767755e-05	2.808871809e-11	0	0	0	0	0	0	0	0	0	0
2.517305514e-05	4.237417869e-11	0	0	0	0	0	0	0	0	0	0
2.949031015e-05	6.051007982e-11	0	0	0	0	0	0	0	0	0	0
3.48136748e-05	8.236516548e-11	0	0	0	0	0	0	0	0	0	0
4.08216454e-05	1.071982686e-10	0	0	0	0	0	0	0	0	0	0
4.707991833e-05	1.338214627e-10	0	0	0	0	0	0	0	0	0	0
5.309984831e-05	1.597365886e-10	0	0	0	0	0	0	0	0	0	0
5.841073706e-05	1.823137973e-10	0	0	0	0	0	0	0	0	0	0
6.26291435e-05	1.987203584e-10	0	0	0	0	0	0	0	0	0	0
6.551621419e-05	2.062955751e-10	0	0	0	0	0	0	0	0	0	0
6.70233646e-05	2.039136165e-10	0	0	0	0	0	0	0	0	0	0
6.732561273e-05	1.914432741e-10	0	0	0	0	0	0	0	0	0	0
6.680533148e-05	1.708488159e-10	0	0	0	0	0	0	0	0	0	0
6.599695931e-05	1.443262462e-10	0	0	0	0	0	0	0	0	0	0
6.548168552e-05	1.157940473e-10	0	0	0	0	0	0	0	0	0	0
6.573523494e-05	8.911108973e-11	0	0	0	0	0	0	0	0	0	0
6.699068734e-05	6.838186548e-11	0	0	0	0	0	0	0	0	0	0
6.918299233e-05	5.785775314e-11	0	0	0	0	0	0	0	0	0	0
7.201194084e-05	5.807638232e-11	0	0	0	0	0	0	0	0	0	0
7.506156198e-05	6.478842773e-11	0	0	0	0	0	0	0	0	0	0
7.791617976e-05	7.310018071e-11	0	0	0	0	0	0	0	0	0	0
8.023453095e-05	8.018876933e-11	0	0	0	0	0	0	0	0	0	0
8.178852192e-05	8.497296985e-11	0	0	0	0	0	0	0	0	0	0
8.247809146e-05	8.703722301e-11	0	0	0	0	0	0	0	0	0	0
8.233617582e-05	8.618197805e-11	0	0	0	0	0	0	0	0	0	0
8.152788747e-05	8.292628148e-11	0	0	0	0	0	0	0	0	0	0
8.033661754e-05	7.811985483e-11	0	0	0	0	0	0	0	0	0	0
7.913825617e-05	7.362292326e-11	0	0	0	0	0	0	0	0	0	0
7.833688207e-05	7.29827847e-11	0	0	0	0	0	0	0	0	0	0
7.826851205e-05	8.073182956e-11	0	0	0	0	0	0	0	0	0	0
7.908901601e-05	9.912339618e-11	0	0	0	0	0	0	0	0	0	0
8.06884935e-05	1.269155554e-10	0	0	0	0	0	0	0	0	0	0
8.269914677e-05	1.599834147e-10	0	0	0	0	0	0	0	0	0	0
8.458134086e-05	1.941218632e-10	0	0	0	0	0	0	0	0	0	0
8.57617002e-05	2.241875507e-10	0	0	0	0	0	0	0	0	0	0
8.575255001e-05	2.465532069e-10	0	0	0	0	0	0	0	0	0	0
8.423269767e-05	2.58046439e-10	0	0	0	0	0	0	0	0	0	0
8.109387973e-05	2.570451047e-10	0	0	0	0	0	0	0	0	0	0
7.642985016e-05	2.448110046e-10	0	0	0	0	0	0	0	0	0	0
7.05120377e-05	2.2295452e-10	0	0	0	0	0	0	0	0	0	0
6.372649742e-05	1.950541031e-10	0	0	0	0	0	0	0	0	0	0
5.651607181e-05	1.640877562e-10	0	0	0	0	0	0	0	0	0	0
4.931920869e-05	1.333113541e-10	0	0	0	0	0	0	0	0	0	0
4.252061434e-05	1.047374178e-10	0	0	0	0	0	0	0	0	0	0
3.641938698e-05	7.971884898e-11	0	0	0	0	0	0	0	0	0	0
3.120923851e-05	5.882160384e-11	0	0	0	0	0	0	0	0	0	0
2.697354739e-05	4.193696064e-11	0	0	0	0	0	0	0	0	0	0
2.368475075e-05	2.869475691e-11	0	0	0	0	0	0	0	0	0	0
2.122672466e-05	1.86836204e-11	0	0	0	0	0	0	0	0	0	0
1.942020402e-05	1.131826752e-11	0	0	0	0	0	0	0	0	0	0
1.806595951e-05	6.192679955e-12	0	0	0	0	0	0	0	0	0	0
1.698700443e-05	3.074980472e-12	0	0	0	0	0	0	0	0	0	0
1.604678379e-05	2.061539196e-12	0	0	0	0	0	0	0	0	0	0
1.515765343e-05	2.24821752e-12	0	0	0	0	0	0	0	0	0	0
1.427479073e-05	2.303603642e-12	0	0	0	0	0	0	0	0	0	0
1.338865212e-05	1.99657041e-12	0	0	0	0	0	0	0	0	0	0
1.251838237e-05	1.718656279e-12	0	0	0	0	0	0	0	0	0	0
1.170671217e-05	2.274302798e-12	0	0	0	0	0	0	0	0	0	0
1.101339606e-05	3.783131487e-12	0	0	0	0	0	0	0	0	0	0
1.051419913e-05	5.867488993e-12	0	0	0	0	0	0	0	0	0	0
1.028427721e-05	8.389869649e-12	0	0	0	0	0	0	0	0	0	0
1.038207617e-05	1.125862635e-11	0	0	0	0	0	0	0	0	0	0
1.082718778e-05	1.447060198e-11	0	0	0	0	0	0	0	0	0	0
1.159663668e-05	1.798071254e-11	0	0	0	0	0	0	0	0	0	0
1.263048636e-05	2.180623515e-11	0	0	0	0	0	0	0	0	0	0
1.385608389e-05	2.588502074e-11	0	0	0	0	0	0	0	0	0	0
1.519996567e-05	3.016349709e-11	0	0	0	0	0	0	0	0	0	0
1.659624986e-05	3.456379431e-11	0	0	0	0	0	0	0	0	0	0
1.798662312e-05	3.902695849e-11	0	0	0	0	0	0	0	0	0	0
1.932666395e-05	4.343058061e-11	0	0	0	0	0	0	0	0	0	0
2.058183306e-05	4.767286021e-11	0	0	0	0	0	0	0	0	0	0
2.172622368e-05	5.165167654e-11	0	0	0	0	0	0	0	0	0	0
2.274770965e-05	5.522334512e-11	0	0	0	0	0	0	0	0	0	0
2.364140996e-05	5.831935463e-11	0	0	0	0	0	0	0	0	0	0
2.441359276e-05	6.082847175e-11	0	0	0	0	0	0	0	0	0	0
2.507533599e-05	6.270482099e-11	0	0	0	0	0	0	0	0	0	0
2.564564082e-05	6.386531245e-11	0	0	0	0	0	0	0	0	0	0
2.614780275e-05	6.432239946e-11	0	0	0	0	0	0	0	0	0	0
2.659953338e-05	6.402793326e-11	0	0	0	0	0	0	0	0	0	0
2.702227013e-05	6.308614151e-11	0	0	0	0	0	0	0	0	0	0
2.742803041e-05	6.149474324e-11	0	0	0	0	0	0	0	0	0	0
2.782606751e-05	5.93425994e-11	0	0	0	0	0	0	0	0	0	0
2.821975754e-05	5.667978834e-11	0	0	0	0	0	0	0	0	0	0
2.860800837e-05	5.364240322e-11	0	0	0	0	0	0	0	0	0	0
2.899308186e-05	5.029349383e-11	0	0	0	0	0	0	0	0	0	0
2.937826576e-05	4.674547105e-11	0	0	0	0	0	0	0	0	0	0
2.978024628e-05	4.319615115e-11	0	0	0	0	0	0	0	0	0	0
3.022785349e-05	3.965609436e-11	0	0	0	0	0	0	0	0	0	0
3.077058199e-05	3.630819677e-11	0	0	0	0	0	0	0	0	0	0
3.147377458e-05	3.324174215e-11	0	0	0	0	0	0	0	0	0	0
3.241726204e-05	3.062267822e-11	0	0	0	0	0	0	0	0	0	0
3.368082812e-05	2.845209633e-11	0	0	0	0	0	0	0	0	0	0
3.5332036e-05	2.689485502e-11	0	0	0	0	0	0	0	0	0	0
3.741064088e-05	2.607519951e-11	0	0	0	0	0	0	0	0	0	0
3.992030248e-05	2.602470514e-11	0	0	0	0	0	0	0	0	0	0
4.283545454e-05	2.696242439e-11	0	0	0	0	0	0	0	0	0	0
4.611542952e-05	2.882170336e-11	0	0	0	0	0	0	0	0	0	0
4.973432284e-05	3.162820537e-11	0	0	0	0	0	0	0	0	0	0
5.371126769e-05	3.535419114e-11	0	0	0	0	0	0	0	0	0	0
5.813855774e-05	3.986291999e-11	0	0	0	0	0	0	0	0	0	0
6.319912511e-05	4.566382615e-11	0	0	0	0	0	0	0	0	0	0
6.915036098e-05	5.460235437e-11	0	0	0	0	0	0	0	0	0	0
7.626797774e-05	7.109784147e-11	0	0	0	0	0	0	0	0	0	0
8.475087141e-05	1.006058175e-10	0	0	0	0	0	0	0	0	0	0
9.461759485e-05	1.473333291e-10	0	0	0	0	0	0	0	0	0	0
0.0001056221236	2.117890298e-10	0	0	0	0	0	0	0	0	0	0
0.0001172334037	2.9130624e-10	0	0	0	0	0	0	0	0	0	0
0.0001286697939	3.798458757e-10	0	0	0	0	0	0	0	0	0	0
0.0001389845926	4.676341528e-10	0	0	0	0	0	0	0	0	0	0
0.000147182606	5.438000572e-10	0	0	0	0	0	0	0	0	0	0
0.0001523548506	5.965894997e-10	0	0	0	0	0	0	0	0	0	0
0.0001538070682	6.178617966e-10	0	0	0	0	0	0	0	0	0	0
0.0001511706034	6.032617298e-10	0	0	0	0	0	0	0	0	0	0
0.0001444674537	5.549772392e-10	0	0	0	0	0	0	0	0	0	0
0.0001341246145	4.800500873e-10	0	0	0	0	0	0	0	0	0	0
0.0001209288884	3.900473315e-10	0	0	0	0	0	0	0	0	0	0
0.0001059255216	2.966273483e-10	0	0	0	0	0	0	0	0	0	0
9.029055456e-05	2.107230521e-10	0	0	0	0	0	0	0	0	0	0
