1.98811821e-08	1.726028109e-12	0	0	0	0	0	0	0	0	0	0
2.202981347e-08	1.307812642e-13	0	0	0	0	0	0	0	0	0	0
1.031814541e-07	8.212486284e-14	0	0	0	0	0	0	0	0	0	0
5.777086811e-07	2.222145302e-13	0	0	0	0	0	0	0	0	0	0
2.842903713e-06	9.962181599e-13	0	0	0	0	0	0	0	0	0	0
1.253710504e-05	4.443836519e-12	0	0	0	0	0	0	0	0	0	0
5.34469715e-05	1.972789548e-11	0	0	0	0	0	0	0	0	0	0
0.0001477927238	1.204549789e-10	0	0	0	0	0	0	0	0	0	0
0.0001125700423	5.517508007e-11	0	0	0	0	0	0	0	0	0	0
0.0001029565943	5.202298417e-11	0	0	0	0	0	0	0	0	0	0
9.083204184e-05	4.780291552e-11	0	0	0	0	0	0	0	0	0	0
7.744037116e-05	4.299251914e-11	0	0	0	0	0	0	0	0	0	0
6.408454488e-05	3.780404373e-11	0	0	0	0	0	0	0	0	0	0
5.20474463e-05	3.259046983e-11	0	0	0	0	0	0	0	0	0	0
4.249712162e-05	2.759273975e-11	0	0	0	0	0	0	0	0	0	0
3.626224457e-05	2.299024424e-11	0	0	0	0	0	0	0	0	0	0
3.337948264e-05	1.868234025e-11	0	0	0	0	0	0	0	0	0	0
3.287374395e-05	1.486073532e-11	0	0	0	0	0	0	0	0	0	0
3.334573799e-05	1.158911068e-11	0	0	0	0	0	0	0	0	0	0
3.369993402e-05	8.904800702e-12	0	0	0	0	0	0	0	0	0	0
3.33487551e-05	6.911189266e-12	0	0	0	0	0	0	0	0	0	0
3.213321876e-05	5.583098306e-12	0	0	0	0	0	0	0	0	0	0
3.019880479e-05	4.857193708e-12	0	0	0	0	0	0	0	0	0	0
2.791984529e-05	4.991215024e-12	0	0	0	0	0	0	0	0	0	0
3.033455779e-05	4.255762868e-07	8.980229424e-14	0	0	0	0	0	0	0	0	0
2.435985815e-05	9.217557407e-12	0	0	0	0	0	0	0	0	0	0
2.391274347e-05	1.281474885e-11	0	0	0	0	0	0	0	0	0	0
2.444731979e-05	1.671210023e-11	0	0	0	0	0	0	0	0	0	0
2.563623765e-05	2.050795022e-11	0	0	0	0	0	0	0	0	0	0
2.702472187e-05	2.371864737e-11	0	0	0	0	0	0	0	0	0	0
2.818638764e-05	2.592827113e-11	0	0	0	0	0	0	0	0	0	0
2.880993431e-05	2.679975908e-11	0	0	0	0	0	0	0	0	0	0
2.873403294e-05	2.593946381e-11	0	0	0	0	0	0	0	0	0	0
2.797487898e-05	2.3172398e-11	0	0	0	0	0	0	0	0	0	0
2.674262052e-05	1.880470089e-11	0	0	0	0	0	0	0	0	0	0
2.542705547e-05	1.355191793e-11	0	0	0	0	0	0	0	0	0	0
2.452699479e-05	9.304545498e-12	0	0	0	0	0	0	0	0	0	0
2.450178157e-05	9.833057984e-12	0	0	0	0	0	0	0	0	0	0
2.556205902e-05	1.542527335e-11	0	0	0	0	0	0	0	0	0	0
2.757945294e-05	2.384007644e-11	0	0	0	0	0	0	0	0	0	0
3.018118528e-05	3.441235607e-11	0	0	0	0	0	0	0	0	0	0
3.290697817e-05	4.625055109e-11	0	0	0	0	0	0	0	0	0	0
3.531676664e-05	5.747141129e-11	0	0	0	0	0	0	0	0	0	0
3.704983227e-05	6.582017787e-11	0	0	0	0	0	0	0	0	0	0
3.785649858e-05	6.989963021e-11	0	0	0	0	0	0	0	0	0	0
3.764105072e-05	6.904278492e-11	0	0	0	0	0	0	0	0	0	0
3.647062828e-05	6.41049238e-11	0	0	0	0	0	0	0	0	0	0
3.4559406e-05	5.710459519e-11	0	0	0	0	0	0	0	0	0	0
3.222243059e-05	5.008858512e-11	0	0	0	0	0	0	0	0	0	0
2.985887328e-05	4.499096664e-11	0	0	0	0	0	0	0	0	0	0
2.800159391e-05	4.341676443e-11	0	0	0	0	0	0	0	0	0	0
2.741613917e-05	4.584739736e-11	0	0	0	0	0	0	0	0	0	0
2.895814286e-05	5.25288281e-11	0	0	0	0	0	0	0	0	0	0
3.299895894e-05	6.32714978e-11	0	0	0	0	0	0	0	0	0	0
3.902036108e-05	7.648064832e-11	0	0	0	0	0	0	0	0	0	0
4.591772234e-05	8.943962045e-11	0	0	0	0	0	0	0	0	0	0
5.246768571e-05	9.671366914e-11	0	0	0	0	0	0	0	0	0	0
5.76140054e-05	9.671401444e-11	0	0	0	0	0	0	0	0	0	0
6.061866635e-05	8.739861673e-11	0	0	0	0	0	0	0	0	0	0
6.115896315e-05	7.07495296e-11	0	0	0	0	0	0	0	0	0	0
5.934573569e-05	5.115307693e-11	0	0	0	0	0	0	0	0	0	0
5.564909696e-05	3.443412912e-11	0	0	0	0	0	0	0	0	0	0
5.072694802e-05	2.445666883e-11	0	0	0	0	0	0	0	0	0	0
4.520922394e-05	1.994248881e-11	0	0	0	0	0	0	0	0	0	0
3.951951593e-05	1.778339244e-11	0	0	0	0	0	0	0	0	0	0
3.387974153e-05	1.600804327e-11	0	0	0	0	0	0	0	0	0	0
2.862527781e-05	1.273089703e-11	0	0	0	0	0	0	0	0	0	0
2.483098992e-05	8.147581748e-12	0	0	0	0	0	0	0	0	0	0
2.465850539e-05	1.774940592e-11	0	0	0	0	0	0	0	0	0	0
2.957714327e-05	4.656682174e-11	0	0	0	0	0	0	0	0	0	0
3.847740236e-05	9.478307652e-11	0	0	0	0	0	0	0	0	0	0
4.9452037e-05	1.647624901e-10	0	0	0	0	0	0	0	0	0	0
6.113706184e-05	2.550390779e-10	0	0	0	0	0	0	0	0	0	0
7.266092323e-05	3.606487536e-10	0	0	0	0	0	0	0	0	0	0
8.346888548e-05	4.732429592e-10	0	0	0	0	0	0	0	0	0	0
9.322453499e-05	5.840221356e-10	0	0	0	0	0	0	0	0	0	0
0.000101750947	6.861095918e-10	0	0	0	0	0	0	0	0	0	0
0.0001089973331	7.734239221e-10	0	0	0	0	0	0	0	0	0	0
0.0001150038821	8.439732956e-10	0	0	0	0	0	0	0	0	0	0
0.0001198830053	8.968955935e-10	0	0	0	0	0	0	0	0	0	0
0.0001237879374	9.337225924e-10	0	0	0	0	0	0	0	0	0	0
0.0001268811905	9.56383028e-10	0	0	0	0	0	0	0	0	0	0
0.0001293028885	9.669405041e-10	0	0	0	0	0	0	0	0	0	0
0.0001311521269	9.676938757e-10	0	0	0	0	0	0	0	0	0	0
0.0001324946295	9.599264347e-10	0	0	0	0	0	0	0	0	0	0
0.0001333657141	9.442540213e-10	0	0	0	0	0	0	0	0	0	0
0.0001337842417	9.210486703e-10	0	0	0	0	0	0	0	0	0	0
0.0001337399074	8.900300263e-10	0	0	0	0	0	0	0	0	0	0
0.0001331817661	8.505005593e-10	0	0	0	0	0	0	0	0	0	0
0.0001320030697	8.025133666e-10	0	0	0	0	0	0	0	0	0	0
0.0001300673625	7.46124019e-10	0	0	0	0	0	0	0	0	0	0
0.0001272575144	6.819010012e-10	0	0	0	0	0	0	0	0	0	0
0.000123539686	6.116719131e-10	0	0	0	0	0	0	0	0	0	0
0.0001190078245	5.374613696e-10	0	0	0	0	0	0	0	0	0	0
0.0001138984389	4.62234401e-10	0	0	0	0	0	0	0	0	0	0
0.0001085749241	3.896480357e-10	0	0	0	0	0	0	0	0	0	0
0.0001034747947	3.224517662e-10	0	0	0	0	0	0	0	0	0	0
9.906028784e-05	2.636414586e-10	0	0	0	0	0	0	0	0	0	0
9.572006563e-05	2.147460314e-10	0	0	0	0	0	0	0	0	0	0
9.364541997e-05	1.764181115e-10	0	0	0	0	0	0	0	0	0	0
9.270625327e-05	1.476513299e-10	0	0	0	0	0	0	0	0	0	0
9.241959864e-05	1.260120138e-10	0	0	0	0	0	0	0	0	0	0
9.207261838e-05	1.090288399e-10	0	0	0	0	0	0	0	0	0	0
9.099241623e-05	9.44185861e-11	0	0	0	0	0	0	0	0	0	0
8.881953016e-05	8.152116082e-11	0	0	0	0	0	0	0	0	0	0
8.578259893e-05	7.012505628e-11	0	0	0	0	0	0	0	0	0	0
8.281676493e-05	6.067294128e-11	0	0	0	0	0	0	0	0	0	0
8.142564201e-05	5.387746131e-11	0	0	0	0	0	0	0	0	0	0
8.30846001e-05	5.158238941e-11	0	0	0	0	0	0	0	0	0	0
8.832006744e-05	5.626990292e-11	0	0	0	0	0	0	0	0	0	0
9.625767366e-05	6.811574522e-11	0	0	0	0	0	0	0	0	0	0
0.0001051100862	8.405977932e-11	0	0	0	0	0	0	0	0	0	0
0.0001129478853	9.988281317e-11	0	0	0	0	0	0	0	0	0	0
0.000118212571	1.124294942e-10	0	0	0	0	0	0	0	0	0	0
0.0001199999727	1.195868311e-10	0	0	0	0	0	0	0	0	0	0
0.0001182046689	1.207615255e-10	0	0	0	0	0	0	0	0	0	0
0.0001135968238	1.166012738e-10	0	0	0	0	0	0	0	0	0	0
0.0001077811429	1.101281467e-10	0	0	0	0	0	0	0	0	0	0
0.0001031310647	1.061755703e-10	0	0	0	0	0	0	0	0	0	0
0.0001025166432	1.135989986e-10	0	0	0	0	0	0	0	0	0	0
0.0001084743897	1.42682612e-10	0	0	0	0	0	0	0	0	0	0
0.000121798263	2.004314499e-10	0	0	0	0	0	0	0	0	0	0
0.0001406537739	2.807859743e-10	0	0	0	0	0	0	0	0	0	0
0.0001611196754	3.707244915e-10	0	0	0	0	0	0	0	0	0	0
0.0001784245052	4.441772324e-10	0	0	0	0	0	0	0	0	0	0
0.0001882428082	4.823658832e-10	0	0	0	0	0	0	0	0	0	0
0.0001879047858	4.710739182e-10	0	0	0	0	0	0	0	0	0	0
0.0001772908921	4.180206054e-10	0	0	0	0	0	0	0	0	0	0
0.0001591354198	3.435442749e-10	0	0	0	0	0	0	0	0	0	0
0.0001385914492	2.640427628e-10	0	0	0	0	0	0	0	0	0	0
0.0001220697008	1.931131664e-10	0	0	0	0	0	0	0	0	0	0
0.0001148658458	1.36742627e-10	0	0	0	0	0	0	0	0	0	0
0.0001180831043	9.634296842e-11	0	0	0	0	0	0	0	0	0	0
0.0001282960935	7.809105108e-11	0	0	0	0	0	0	0	0	0	0
0.0001406720695	8.445615723e-11	0	0	0	0	0	0	0	0	0	0
0.000151321901	1.138369281e-10	0	0	0	0	0	0	0	0	0	0
0.0001579173324	1.598924457e-10	0	0	0	0	0	0	0	0	0	0
0.0001597555277	2.247656092e-10	0	0	0	0	0	0	0	0	0	0
0.0001575333162	3.157273151e-10	0	0	0	0	0	0	0	0	0	0
0.0001528583853	4.570099318e-10	0	0	0	0	0	0	0	0	0	0
0.0001479366346	6.802510436e-10	0	0	0	0	0	0	0	0	0	0
0.0001459106723	1.022270482e-09	2.648858569e-15	0	0	0	0	0	0	0	0	0
0.000150886766	1.52325607e-09	3.708256558e-15	0	0	0	0	0	0	0	0	0
0.000165451086	2.173686875e-09	9.072429268e-15	0	0	0	0	0	0	0	0	0
0.0001871496616	2.973455365e-09	5.195963258e-15	0	0	0	0	0	0	0	0	0
0.0002088752577	3.817867585e-09	5.990717976e-15	0	0	0	0	0	0	0	0	0
0.0002226914664	4.635855525e-09	1.022025516e-14	0	0	0	0	0	0	0	0	0
0.00022325719	5.230522921e-09	1.182534059e-14	0	0	0	0	0	0	0	0	0
0.0002096774785	5.466364045e-09	8.927607914e-15	0	0	0	0	0	0	0	0	0
0.0001856362793	5.36524875e-09	8.289453465e-15	0	0	0	0	0	0	0	0	0
0.0001578048622	4.877043192e-09	7.269009452e-15	0	0	0	0	0	0	0	0	0
0.0001329650876	4.181509421e-09	7.981972945e-15	0	0	0	0	0	0	0	0	0
0.0001147490687	3.367979981e-09	5.428044272e-15	0	0	0	0	0	0	0	0	0
0.000102594322	2.54429724e-09	3.191618942e-15	0	0	0	0	0	0	0	0	0
9.434784318e-05	1.770494597e-09	4.001978726e-15	0	0	0	0	0	0	0	0	0
8.93742103e-05	1.102074747e-09	5.381086476e-15	0	0	0	0	0	0	0	0	0
8.892591013e-05	5.703171037e-10	0	0	0	0	0	0	0	0	0	0
9.435708087e-05	2.170139281e-10	0	0	0	0	0	0	0	0	0	0
0.0001055344884	1.099713123e-10	0	0	0	0	0	0	0	0	0	0
0.0001207071923	1.082391331e-10	0	0	0	0	0	0	0	0	0	0
0.000137157286	2.419416168e-10	0	0	0	0	0	0	0	0	0	0
0.0001517383502	4.621661205e-10	0	0	0	0	0	0	0	0	0	0
0.0001613997055	6.112251384e-10	0	0	0	0	0	0	0	0	0	0
0.0001637907866	5.572612705e-10	0	0	0	0	0	0	0	0	0	0
0.0001580413457	3.546499842e-10	0	0	0	0	0	0	0	0	0	0
0.0001453206581	1.512588427e-10	0	0	0	0	0	0	0	0	0	0
0.0001291701346	1.697706031e-10	0	0	0	0	0	0	0	0	0	0
0.0001151270888	5.593450122e-10	0	0	0	0	0	0	0	0	0	0
0.000108860594	1.666892308e-09	1.062895418e-14	0	0	0	0	0	0	0	0	0
0.0001126997565	3.459124185e-09	5.917058294e-15	0	0	0	0	0	0	0	0	0
0.0001246366304	5.71685185e-09	9.832827727e-15	0	0	0	0	0	0	0	0	0
0.0001414118003	8.112427621e-09	1.271183401e-14	0	0	0	0	0	0	0	0	0
0.0001604881315	1.016045148e-08	1.612645206e-14	0	0	0	0	0	0	0	0	0
0.000179540133	1.130819782e-08	1.700189082e-14	0	0	0	0	0	0	0	0	0
0.0001960468292	1.144210774e-08	1.638633814e-14	0	0	0	0	0	0	0	0	0
0.0002078516014	1.040049682e-08	1.555393632e-14	0	0	0	0	0	0	0	0	0
0.0002140653147	8.453191332e-09	1.086585419e-14	0	0	0	0	0	0	0	0	0
0.0002154103003	6.01368842e-09	1.110271647e-14	0	0	0	0	0	0	0	0	0
0.0002134995528	3.455756981e-09	8.642380635e-15	0	0	0	0	0	0	0	0	0
0.000209478915	1.366508666e-09	4.343936959e-15	0	0	0	0	0	0	0	0	0
0.0002028503175	1.805268569e-10	0	0	0	0	0	0	0	0	0	0
0.0001919772961	4.838757941e-10	0	0	0	0	0	0	0	0	0	0
0.0001759798977	8.251185098e-10	0	0	0	0	0	0	0	0	0	0
0.0001567179431	2.008906594e-09	5.885075235e-15	0	0	0	0	0	0	0	0	0
0.000138859982	3.512704854e-09	3.335002643e-15	0	0	0	0	0	0	0	0	0
0.0001264447558	4.645248889e-09	6.430762592e-15	0	0	0	0	0	0	0	0	0
0.0001183244732	5.003117537e-09	7.43231408e-15	0	0	0	0	0	0	0	0	0
0.0001102423201	4.450438556e-09	5.62820304e-15	0	0	0	0	0	0	0	0	0
0.0001029879041	3.205165604e-09	6.101038053e-15	0	0	0	0	0	0	0	0	0
0.000106680093	1.768249669e-09	1.735242e-15	0	0	0	0	0	0	0	0	0
0.0001294977265	8.075963313e-10	0	0	0	0	0	0	0	0	0	0
0.0001649090529	4.251797875e-10	0	0	0	0	0	0	0	0	0	0
0.0002012876723	5.345586801e-10	0	0	0	0	0	0	0	0	0	0
0.0002306987748	1.721598784e-09	7.806205799e-15	0	0	0	0	0	0	0	0	0
0.0002498094114	3.24440096e-09	1.172035612e-14	0	0	0	0	0	0	0	0	0
0.0002588404316	4.622980152e-09	1.50049575e-14	0	0	0	0	0	0	0	0	0
0.0002604191044	5.652360363e-09	1.436040421e-14	0	0	0	0	0	0	0	0	0
0.0002582251256	6.209412095e-09	1.58753936e-14	0	0	0	0	0	0	0	0	0
0.0002554531443	6.243784117e-09	1.519163643e-14	0	0	0	0	0	0	0	0	0
0.0002535453889	5.899875261e-09	1.214990692e-14	0	0	0	0	0	0	0	0	0
0.0002517824554	5.296331204e-09	1.289825971e-14	0	0	0	0	0	0	0	0	0
0.000247907861	4.528279125e-09	8.302163869e-15	0	0	0	0	0	0	0	0	0
0.0002393529366	3.687550831e-09	7.538773738e-15	0	0	0	0	0	0	0	0	0
0.0002243609882	2.85928501e-09	5.689447794e-15	0	0	0	0	0	0	0	0	0
0.0002026467789	2.080239251e-09	7.704832779e-15	0	0	0	0	0	0	0	0	0
0.0001755759284	1.40238252e-09	2.373071073e-15	0	0	0	0	0	0	0	0	0
0.0001457799007	8.58982375e-10	0	0	0	0	0	0	0	0	0	0
0.0001164998963	4.593867562e-10	0	0	0	0	0	0	0	0	0	0
9.074532338e-05	2.030159749e-10	0	0	0	0	0	0	0	0	0	0
7.104235333e-05	7.122985591e-11	0	0	0	0	0	0	0	0	0	0
5.995285556e-05	2.959874107e-11	0	0	0	0	0	0	0	0	0	0
5.959703543e-05	2.334919498e-11	0	0	0	0	0	0	0	0	0	0
6.866631081e-05	4.685058785e-11	0	0	0	0	0	0	0	0	0	0
8.249460332e-05	7.52377725e-11	0	0	0	0	0	0	0	0	0	0
9.669996264e-05	1.052153873e-10	0	0	0	0	0	0	0	0	0	0
0.0001096018224	1.588423027e-10	0	0	0	0	0	0	0	0	0	0
0.000125205225	2.176740542e-10	0	0	0	0	0	0	0	0	0	0
0.0001558246779	4.280136795e-10	0	0	0	0	0	0	0	0	0	0
0.0002146879003	1.129513513e-09	3.69352646e-15	0	0	0	0	0	0	0	0	0
0.0003035129957	2.5361511e-09	4.602301893e-15	0	0	0	0	0	0	0	0	0
0.000412750459	4.563437206e-09	1.232668156e-14	0	0	0	0	0	0	0	0	0
0.0005268041332	6.920562041e-09	2.071525523e-14	0	0	0	0	0	0	0	0	0
0.0006282003164	9.264626657e-09	2.635460075e-14	0	0	0	0	0	0	0	0	0
0.0007008032563	1.098548851e-08	3.519744843e-14	0	0	0	0	0	0	0	0	0
0.0007334290987	1.169111558e-08	3.635323979e-14	0	0	0	0	0	0	0	0	0
0.0007223558638	1.126866323e-08	3.38913653e-14	0	0	0	0	0	0	0	0	0
0.0006719787436	9.855066005e-09	2.826749085e-14	0	0	0	0	0	0	0	0	0
0.0005933170772	7.859292872e-09	1.99263381e-14	0	0	0	0	0	0	0	0	0
0.0005009797823	5.707917334e-09	1.680963647e-14	0	0	0	0	0	0	0	0	0
0.0004095258966	3.790940634e-09	1.173493578e-14	0	0	0	0	0	0	0	0	0
0.000330157241	2.289594283e-09	5.928633263e-15	0	0	0	0	0	0	0	0	0
0.000268617733	1.258417321e-09	1.816776828e-15	0	0	0	0	0	0	0	0	0
0.0002247023674	6.412834758e-10	0	0	0	0	0	0	0	0	0	0
0.0001940213875	3.16526851e-10	0	0	0	0	0	0	0	0	0	0
0.0001712106857	1.737569009e-10	0	0	0	0	0	0	0	0	0	0
0.0001524478876	1.18709401e-10	0	0	0	0	0	0	0	0	0	0
0.0001358694095	8.987069856e-11	0	0	0	0	0	0	0	0	0	0
0.0001209183979	7.030709296e-11	0	0	0	0	0	0	0	0	0	0
0.0001074400547	5.673538831e-11	0	0	0	0	0	0	0	0	0	0
9.519717634e-05	4.730413476e-11	0	0	0	0	0	0	0	0	0	0
8.369857483e-05	4.029728019e-11	0	0	0	0	0	0	0	0	0	0
7.238723559e-05	3.441384678e-11	0	0	0	0	0	0	0	0	0	0
6.090314333e-05	2.983876842e-11	0	0	0	0	0	0	0	0	0	0
4.926842229e-05	2.642703713e-11	0	0	0	0	0	0	0	0	0	0
3.80313312e-05	2.346650044e-11	0	0	0	0	0	0	0	0	0	0
2.85329026e-05	2.056527233e-11	0	0	0	0	0	0	0	0	0	0
2.343624147e-05	1.70601983e-11	0	0	0	0	0	0	0	0	0	0
2.537043385e-05	1.36723318e-11	0	0	0	0	0	0	0	0	0	0
3.275709923e-05	1.149898768e-11	0	0	0	0	0	0	0	0	0	0
4.251727194e-05	1.181214542e-11	0	0	0	0	0	0	0	0	0	0
5.296318142e-05	1.496219676e-11	0	0	0	0	0	0	0	0	0	0
6.317340981e-05	2.015358618e-11	0	0	0	0	0	0	0	0	0	0
7.242378442e-05	2.636051089e-11	0	0	0	0	0	0	0	0	0	0
8.007292741e-05	3.272237711e-11	0	0	0	0	0	0	0	0	0	0
8.563920182e-05	3.868612141e-11	0	0	0	0	0	0	0	0	0	0
8.89158074e-05	4.43596763e-11	0	0	0	0	0	0	0	0	0	0
9.004726613e-05	5.047767765e-11	0	0	0	0	0	0	0	0	0	0
8.954157744e-05	5.93615264e-11	0	0	0	0	0	0	0	0	0	0
8.818402998e-05	7.251006243e-11	0	0	0	0	0	0	0	0	0	0
8.686456926e-05	9.1506376e-11	0	0	0	0	0	0	0	0	0	0
8.633400174e-05	1.174546737e-10	0	0	0	0	0	0	0	0	0	0
8.698491405e-05	1.499758537e-10	0	0	0	0	0	0	0	0	0	0
8.877283036e-05	1.885377073e-10	0	0	0	0	0	0	0	0	0	0
9.130673595e-05	2.325918716e-10	0	0	0	0	0	0	0	0	0	0
9.403824885e-05	2.796237672e-10	0	0	0	0	0	0	0	0	0	0
9.642997767e-05	3.265886639e-10	0	0	0	0	0	0	0	0	0	0
9.804063119e-05	3.691028292e-10	0	0	0	0	0	0	0	0	0	0
9.852732322e-05	4.022091979e-10	0	0	0	0	0	0	0	0	0	0
9.76373005e-05	4.215175763e-10	0	0	0	0	0	0	0	0	0	0
9.517326791e-05	4.235136259e-10	0	0	0	0	0	0	0	0	0	0
9.100720115e-05	4.06743658e-10	0	0	0	0	0	0	0	0	0	0
8.508146929e-05	3.726079905e-10	0	0	0	0	0	0	0	0	0	0
7.747229584e-05	3.242951919e-10	0	0	0	0	0	0	0	0	0	0
6.848181627e-05	2.675154215e-10	0	0	0	0	0	0	0	0	0	0
5.869541566e-05	2.079647699e-10	0	0	0	0	0	0	0	0	0	0
4.908725621e-05	1.515853915e-10	0	0	0	0	0	0	0	0	0	0
4.109800798e-05	1.02585738e-10	0	0	0	0	0	0	0	0	0	0
3.646580438e-05	6.364784403e-11	0	0	0	0	0	0	0	0	0	0
3.624671297e-05	3.524230202e-11	0	0	0	0	0	0	0	0	0	0
3.969221369e-05	1.717763781e-11	0	0	0	0	0	0	0	0	0	0
4.505283823e-05	9.842063801e-12	0	0	0	0	0	0	0	0	0	0
5.095999529e-05	1.102712555e-11	0	0	0	0	0	0	0	0	0	0
5.668661839e-05	1.354820799e-11	0	0	0	0	0	0	0	0	0	0
6.187358108e-05	1.593251534e-11	0	0	0	0	0	0	0	0	0	0
6.627667058e-05	1.860199302e-11	0	0	0	0	0	0	0	0	0	0
6.967515451e-05	2.153701609e-11	0	0	0	0	0	0	0	0	0	0
7.186445992e-05	2.452124363e-11	0	0	0	0	0	0	0	0	0	0
7.273522568e-05	2.696626951e-11	0	0	0	0	0	0	0	0	0	0
7.232888597e-05	2.871814109e-11	0	0	0	0	0	0	0	0	0	0
7.087456056e-05	2.965548771e-11	0	0	0	0	0	0	0	0	0	0
6.876653003e-05	3.018864428e-11	0	0	0	0	0	0	0	0	0	0
6.649764521e-05	3.073177934e-11	0	0	0	0	0	0	0	0	0	0
6.454566566e-05	3.159727498e-11	0	0	0	0	0	0	0	0	0	0
6.32455403e-05	3.308578575e-11	0	0	0	0	0	0	0	0	0	0
6.269151175e-05	3.495048689e-11	0	0	0	0	0	0	0	0	0	0
6.270724367e-05	3.732448357e-11	0	0	0	0	0	0	0	0	0	0
6.291577944e-05	3.980600577e-11	0	0	0	0	0	0	0	0	0	0
6.285713493e-05	4.197751648e-11	0	0	0	0	0	0	0	0	0	0
6.21004672e-05	4.31220152e-11	0	0	0	0	0	0	0	0	0	0
6.033675451e-05	4.269230952e-11	0	0	0	0	0	0	0	0	0	0
5.743562063e-05	4.066201552e-11	0	0	0	0	0	0	0	0	0	0
5.347366477e-05	3.694891398e-11	0	0	0	0	0	0	0	0	0	0
4.874067741e-05	3.247270765e-11	0	0	0	0	0	0	0	0	0	0
4.371958816e-05	2.865609763e-11	0	0	0	0	0	0	0	0	0	0
3.903418739e-05	2.653696769e-11	0	0	0	0	0	0	0	0	0	0
3.533412468e-05	2.636483984e-11	0	0	0	0	0	0	0	0	0	0
3.309925285e-05	2.763653348e-11	0	0	0	0	0	0	0	0	0	0
3.243497615e-05	3.03359634e-11	0	0	0	0	0	0	0	0	0	0
3.305105048e-05	3.465053206e-11	0	0	0	0	0	0	0	0	0	0
3.449094641e-05	4.058105355e-11	0	0	0	0	0	0	0	0	0	0
3.637788011e-05	4.72383801e-11	0	0	0	0	0	0	0	0	0	0
3.85098661e-05	5.368885208e-11	0	0	0	0	0	0	0	0	0	0
4.082088698e-05	5.933009309e-11	0	0	0	0	0	0	0	0	0	0
4.332065878e-05	6.489073177e-11	0	0	0	0	0	0	0	0	0	0
4.604025241e-05	7.234719925e-11	0	0	0	0	0	0	0	0	0	0
4.900890304e-05	8.390765644e-11	0	0	0	0	0	0	0	0	0	0
5.225130683e-05	1.010622529e-10	0	0	0	0	0	0	0	0	0	0
5.578093937e-05	1.251681241e-10	0	0	0	0	0	0	0	0	0	0
5.959551174e-05	1.601421116e-10	0	0	0	0	0	0	0	0	0	0
6.366154715e-05	2.131104472e-10	0	0	0	0	0	0	0	0	0	0
6.790398985e-05	2.922378599e-10	0	0	0	0	0	0	0	0	0	0
7.219907765e-05	4.028720062e-10	0	0	0	0	0	0	0	0	0	0
7.637152596e-05	5.460543239e-10	0	0	0	0	0	0	0	0	0	0
8.021131966e-05	7.103641297e-10	0	0	0	0	0	0	0	0	0	0
8.34862988e-05	8.819733639e-10	0	0	0	0	0	0	0	0	0	0
8.595871528e-05	1.047371014e-09	6.242914317e-15	0	0	0	0	0	0	0	0	0
8.740722002e-05	1.18298391e-09	7.856002209e-15	0	0	0	0	0	0	0	0	0
8.76379049e-05	1.271371286e-09	2.567946447e-15	0	0	0	0	0	0	0	0	0
8.650589924e-05	1.30864126e-09	4.806846379e-15	0	0	0	0	0	0	0	0	0
8.39253327e-05	1.273590843e-09	7.119030754e-15	0	0	0	0	0	0	0	0	0
7.988915095e-05	1.169647087e-09	5.212131032e-15	0	0	0	0	0	0	0	0	0
7.447825477e-05	1.020234463e-09	2.083326215e-15	0	0	0	0	0	0	0	0	0
6.788039562e-05	8.318203589e-10	0	0	0	0	0	0	0	0	0	0
6.0406648e-05	6.350238199e-10	0	0	0	0	0	0	0	0	0	0
5.251854713e-05	4.493436142e-10	0	0	0	0	0	0	0	0	0	0
4.486745441e-05	2.88869753e-10	0	0	0	0	0	0	0	0	0	0
3.832845045e-05	1.694916745e-10	0	0	0	0	0	0	0	0	0	0
3.391463752e-05	9.020071308e-11	0	0	0	0	0	0	0	0	0	0
3.234895079e-05	4.405873232e-11	0	0	0	0	0	0	0	0	0	0
3.34143932e-05	1.954979981e-11	0	0	0	0	0	0	0	0	0	0
3.602930817e-05	1.018185263e-11	0	0	0	0	0	0	0	0	0	0
3.900762258e-05	1.112453089e-11	0	0	0	0	0	0	0	0	0	0
4.153945769e-05	1.155205463e-11	0	0	0	0	0	0	0	0	0	0
4.32387874e-05	1.261490782e-11	0	0	0	0	0	0	0	0	0	0
4.405676802e-05	2.464734627e-11	0	0	0	0	0	0	0	0	0	0
4.419257907e-05	5.441269188e-11	0	0	0	0	0	0	0	0	0	0
4.40050321e-05	1.07370967e-10	0	0	0	0	0	0	0	0	0	0
4.389220965e-05	1.822141246e-10	0	0	0	0	0	0	0	0	0	0
4.415429253e-05	2.789441832e-10	0	0	0	0	0	0	0	0	0	0
4.490169236e-05	3.841701149e-10	0	0	0	0	0	0	0	0	0	0
4.60455014e-05	4.90037722e-10	0	0	0	0	0	0	0	0	0	0
4.737185504e-05	5.713762387e-10	0	0	0	0	0	0	0	0	0	0
4.863668764e-05	6.343130475e-10	0	0	0	0	0	0	0	0	0	0
4.962415928e-05	6.664637992e-10	0	0	0	0	0	0	0	0	0	0
5.016083894e-05	6.627420112e-10	0	0	0	0	0	0	0	0	0	0
5.011983986e-05	6.292826757e-10	0	0	0	0	0	0	0	0	0	0
4.94233883e-05	5.711694755e-10	0	0	0	0	0	0	0	0	0	0
4.806739643e-05	4.92840965e-10	0	0	0	0	0	0	0	0	0	0
4.614351975e-05	4.058185478e-10	0	0	0	0	0	0	0	0	0	0
4.38501919e-05	3.158626298e-10	0	0	0	0	0	0	0	0	0	0
4.148085098e-05	2.318617289e-10	0	0	0	0	0	0	0	0	0	0
3.939004996e-05	1.582280873e-10	0	0	0	0	0	0	0	0	0	0
3.794158494e-05	9.990326948e-11	0	0	0	0	0	0	0	0	0	0
3.743454001e-05	5.968036754e-11	0	0	0	0	0	0	0	0	0	0
3.801920701e-05	3.70993827e-11	0	0	0	0	0	0	0	0	0	0
3.962319906e-05	2.684096362e-11	0	0	0	0	0	0	0	0	0	0
4.195500857e-05	2.544421503e-11	0	0	0	0	0	0	0	0	0	0
4.458069847e-05	3.733414279e-11	0	0	0	0	0	0	0	0	0	0
4.70345788e-05	5.967341223e-11	0	0	0	0	0	0	0	0	0	0
4.891974724e-05	8.421889597e-11	0	0	0	0	0	0	0	0	0	0
4.996827436e-05	1.070187176e-10	0	0	0	0	0	0	0	0	0	0
5.006699466e-05	1.233960145e-10	0	0	0	0	0	0	0	0	0	0
4.925153772e-05	1.305170844e-10	0	0	0	0	0	0	0	0	0	0
4.767798318e-05	1.292687369e-10	0	0	0	0	0	0	0	0	0	0
4.558308829e-05	1.194917937e-10	0	0	0	0	0	0	0	0	0	0
4.325517403e-05	1.036840259e-10	0	0	0	0	0	0	0	0	0	0
4.10016984e-05	8.524492318e-11	0	0	0	0	0	0	0	0	0	0
3.910268887e-05	6.683877156e-11	0	0	0	0	0	0	0	0	0	0
3.773548457e-05	5.054000185e-11	0	0	0	0	0	0	0	0	0	0
3.689596641e-05	3.769799282e-11	0	0	0	0	0	0	0	0	0	0
3.637360833e-05	2.862245765e-11	0	0	0	0	0	0	0	0	0	0
3.581795761e-05	2.223101301e-11	0	0	0	0	0	0	0	0	0	0
3.486164725e-05	1.76100198e-11	0	0	0	0	0	0	0	0	0	0
3.323845172e-05	1.375907006e-11	0	0	0	0	0	0	0	0	0	0
3.085761039e-05	1.027299139e-11	0	0	0	0	0	0	0	0	0	0
2.785415164e-05	7.013348779e-12	0	0	0	0	0	0	0	0	0	0
2.467251683e-05	4.248424696e-12	0	0	0	0	0	0	0	0	0	0
2.225438089e-05	2.999512087e-12	0	0	0	0	0	0	0	0	0	0
2.210335389e-05	4.269844749e-12	0	0	0	0	0	0	0	0	0	0
2.543825344e-05	6.587677944e-12	0	0	0	0	0	0	0	0	0	0
3.202839515e-05	9.178054983e-12	0	0	0	0	0	0	0	0	0	0
4.074271847e-05	1.184384662e-11	0	0	0	0	0	0	0	0	0	0
5.044668e-05	1.441635735e-11	0	0	0	0	0	0	0	0	0	0
6.017079149e-05	1.68738542e-11	0	0	0	0	0	0	0	0	0	0
6.906659835e-05	1.925622765e-11	0	0	0	0	0	0	0	0	0	0
7.642379898e-05	2.193321619e-11	0	0	0	0	0	0	0	0	0	0
8.170683294e-05	2.486367025e-11	0	0	0	0	0	0	0	0	0	0
8.460091005e-05	2.736871924e-11	0	0	0	0	0	0	0	0	0	0
8.503891965e-05	2.856351575e-11	0	0	0	0	0	0	0	0	0	0
8.318995293e-05	2.727181092e-11	0	0	0	0	0	0	0	0	0	0
7.942450598e-05	2.33190184e-11	0	0	0	0	0	0	0	0	0	0
7.426365393e-05	1.698772693e-11	0	0	0	0	0	0	0	0	0	0
6.83073607e-05	1.115795075e-11	0	0	0	0	0	0	0	0	0	0
6.216085583e-05	1.402726413e-11	0	0	0	0	0	0	0	0	0	0
5.636625606e-05	2.682752216e-11	0	0	0	0	0	0	0	0	0	0
5.133289795e-05	4.487595053e-11	0	0	0	0	0	0	0	0	0	0
4.730321082e-05	6.745936063e-11	0	0	0	0	0	0	0	0	0	0
4.434635606e-05	9.269959358e-11	0	0	0	0	0	0	0	0	0	0
4.239244323e-05	1.180241878e-10	0	0	0	0	0	0	0	0	0	0
4.128814803e-05	1.396620456e-10	0	0	0	0	0	0	0	0	0	0
4.082799797e-05	1.549522077e-10	0	0	0	0	0	0	0	0	0	0
4.077272965e-05	1.620556176e-10	0	0	0	0	0	0	0	0	0	0
4.086468273e-05	1.606970549e-10	0	0	0	0	0	0	0	0	0	0
4.086409333e-05	1.522095707e-10	0	0	0	0	0	0	0	0	0	0
4.063048786e-05	1.393333575e-10	0	0	0	0	0	0	0	0	0	0
4.019894089e-05	1.243515862e-10	0	0	0	0	0	0	0	0	0	0
3.982355612e-05	1.094998845e-10	0	0	0	0	0	0	0	0	0	0
3.994318415e-05	9.58445642e-11	0	0	0	0	0	0	0	0	0	0
4.100522926e-05	8.397068185e-11	0	0	0	0	0	0	0	0	0	0
4.319964326e-05	7.397829816e-11	0	0	0	0	0	0	0	0	0	0
4.631198286e-05	6.609642859e-11	0	0	0	0	0	0	0	0	0	0
4.980265884e-05	6.033607107e-11	0	0	0	0	0	0	0	0	0	0
5.30377739e-05	5.648749586e-11	0	0	0	0	0	0	0	0	0	0
5.548309298e-05	5.410065114e-11	0	0	0	0	0	0	0	0	0	0
5.68178954e-05	5.28427918e-11	0	0	0	0	0	0	0	0	0	0
5.696498875e-05	5.305305491e-11	0	0	0	0	0	0	0	0	0	0
5.606933994e-05	5.551881199e-11	0	0	0	0	0	0	0	0	0	0
5.443647466e-05	6.094216157e-11	0	0	0	0	0	0	0	0	0	0
5.243763092e-05	6.973904487e-11	0	0	0	0	0	0	0	0	0	0
5.042668273e-05	8.209750158e-11	0	0	0	0	0	0	0	0	0	0
4.867968425e-05	9.805031169e-11	0	0	0	0	0	0	0	0	0	0
4.738563066e-05	1.168785423e-10	0	0	0	0	0	0	0	0	0	0
4.668669597e-05	1.373432012e-10	0	0	0	0	0	0	0	0	0	0
4.669072556e-05	1.567828863e-10	0	0	0	0	0	0	0	0	0	0
4.746412121e-05	1.72356098e-10	0	0	0	0	0	0	0	0	0	0
4.893879729e-05	1.808476819e-10	0	0	0	0	0	0	0	0	0	0
5.092677846e-05	1.801230604e-10	0	0	0	0	0	0	0	0	0	0
5.311598853e-05	1.691692049e-10	0	0	0	0	0	0	0	0	0	0
5.519347558e-05	1.491454537e-10	0	0	0	0	0	0	0	0	0	0
5.691631794e-05	1.227545635e-10	0	0	0	0	0	0	0	0	0	0
5.817335429e-05	9.393322864e-11	0	0	0	0	0	0	0	0	0	0
5.899296365e-05	6.700930461e-11	0	0	0	0	0	0	0	0	0	0
5.953365648e-05	4.563428658e-11	0	0	0	0	0	0	0	0	0	0
6.008403291e-05	3.255276057e-11	0	0	0	0	0	0	0	0	0	0
6.109718291e-05	2.769570431e-11	0	0	0	0	0	0	0	0	0	0
6.319845085e-05	2.824933941e-11	0	0	0	0	0	0	0	0	0	0
6.704480865e-05	3.270224951e-11	0	0	0	0	0	0	0	0	0	0
7.299551644e-05	4.228617257e-11	0	0	0	0	0	0	0	0	0	0
8.077198564e-05	5.740729013e-11	0	0	0	0	0	0	0	0	0	0
8.940898731e-05	7.638259804e-11	0	0	0	0	0	0	0	0	0	0
9.751007592e-05	9.5202202e-11	0	0	0	0	0	0	0	0	0	0
0.0001036268018	1.095462306e-10	0	0	0	0	0	0	0	0	0	0
0.0001065970815	1.150693894e-10	0	0	0	0	0	0	0	0	0	0
0.0001057859624	1.100583028e-10	0	0	0	0	0	0	0	0	0	0
0.0001011890238	9.580462372e-11	0	0	0	0	0	0	0	0	0	0
9.338042439e-05	7.684504827e-11	0	0	0	0	0	0	0	0	0	0
8.329091362e-05	5.878133987e-11	0	0	0	0	0	0	0	0	0	0
7.187760001e-05	4.496563681e-11	0	0	0	0	0	0	0	0	0	0
5.981016776e-05	3.546207681e-11	0	0	0	0	0	0	0	0	0	0
4.740066849e-05	2.77337284e-11	0	0	0	0	0	0	0	0	0	0
3.51783875e-05	1.857232683e-11	0	0	0	0	0	0	0	0	0	0
2.612676119e-05	9.960859845e-12	0	0	0	0	0	0	0	0	0	0
2.879892617e-05	3.683146773e-11	0	0	0	0	0	0	0	0	0	0
4.492806351e-05	9.85210578e-11	0	0	0	0	0	0	0	0	0	0
6.787688306e-05	2.055246363e-10	0	0	0	0	0	0	0	0	0	0
9.42535096e-05	3.735948038e-10	0	0	0	0	0	0	0	0	0	0
0.0001224077228	6.149428921e-10	0	0	0	0	0	0	0	0	0	0
0.0001511709247	9.351398664e-10	0	0	0	0	0	0	0	0	0	0
0.0001795724411	1.331740374e-09	3.966189065e-15	0	0	0	0	0	0	0	0	0
0.0002068301078	1.792689905e-09	4.560111328e-15	0	0	0	0	0	0	0	0	0
0.0002323293319	2.298588956e-09	1.407009129e-14	0	0	0	0	0	0	0	0	0
0.0002556019568	2.819997298e-09	8.991530774e-15	0	0	0	0	0	0	0	0	0
0.0002762344769	3.321419504e-09	8.314842863e-15	0	0	0	0	0	0	0	0	0
0.0002937309481	3.763235184e-09	1.484716908e-14	0	0	0	0	0	0	0	0	0
0.0003073582576	4.098046741e-09	1.821123395e-14	0	0	0	0	0	0	0	0	0
0.0003160086692	4.277157647e-09	1.234686006e-14	0	0	0	0	0	0	0	0	0
0.0003181672983	4.2565055e-09	1.143034873e-14	0	0	0	0	0	0	0	0	0
0.000312000038	4.00776392e-09	1.718608192e-14	0	0	0	0	0	0	0	0	0
0.0002956974458	3.530111079e-09	8.066281258e-15	0	0	0	0	0	0	0	0	0
0.0002680583018	2.866737664e-09	1.21406228e-14	0	0	0	0	0	0	0	0	0
0.0002293039563	2.113937403e-09	1.123294079e-14	0	0	0	0	0	0	0	0	0
0.0001822762663	1.376916995e-09	7.943701251e-15	0	0	0	0	0	0	0	0	0
0.000134004693	7.688380545e-10	0	0	0	0	0	0	0	0	0	0
9.781069005e-05	3.457545415e-10	0	0	0	0	0	0	0	0	0	0
8.802877664e-05	1.119114108e-10	0	0	0	0	0	0	0	0	0	0
9.691298917e-05	5.516159299e-11	0	0	0	0	0	0	0	0	0	0
0.0001082835412	7.953346378e-11	0	0	0	0	0	0	0	0	0	0
0.0001288719142	1.555149185e-10	0	0	0	0	0	0	0	0	0	0
0.0001788429316	3.148768078e-10	0	0	0	0	0	0	0	0	0	0
0.0002597588685	6.055374436e-10	0	0	0	0	0	0	0	0	0	0
0.00035504821	1.172309107e-09	1.23515288e-14	0	0	0	0	0	0	0	0	0
0.0004449121861	2.112756502e-09	1.275620615e-14	0	0	0	0	0	0	0	0	0
0.000512925083	3.496760574e-09	1.57674714e-14	0	0	0	0	0	0	0	0	0
0.0005488746982	5.299489792e-09	1.849596028e-14	0	0	0	0	0	0	0	0	0
0.0005506249281	7.210987516e-09	1.891183912e-14	0	0	0	0	0	0	0	0	0
0.0005243956621	8.917433004e-09	2.463191228e-14	0	0	0	0	0	0	0	0	0
0.000482721445	1.000266448e-08	1.650679311e-14	0	0	0	0	0	0	0	0	0
0.0004408831056	1.02334771e-08	1.737153442e-14	0	0	0	0	0	0	0	0	0
0.0004114665198	9.505058123e-09	1.337146332e-14	0	0	0	0	0	0	0	0	0
0.0003987998523	7.953007434e-09	8.958986051e-15	0	0	0	0	0	0	0	0	0
0.0003979959397	5.918407842e-09	8.010348807e-15	0	0	0	0	0	0	0	0	0
0.0004000350506	3.720470008e-09	7.036180619e-15	0	0	0	0	0	0	0	0	0
0.0003974567257	1.804242201e-09	3.056779829e-15	0	0	0	0	0	0	0	0	0
0.0003866045586	5.647298589e-10	0	0	0	0	0	0	0	0	0	0
0.0003675008955	7.077746381e-10	0	0	0	0	0	0	0	0	0	0
0.0003429012995	1.015695785e-09	6.503317849e-15	0	0	0	0	0	0	0	0	0
0.0003172186555	1.271684384e-09	5.465167129e-15	0	0	0	0	0	0	0	0	0
0.000295271299	1.605094488e-09	5.961154042e-15	0	0	0	0	0	0	0	0	0
0.0002805160998	1.84192972e-09	4.588786897e-15	0	0	0	0	0	0	0	0	0
0.0002729626359	1.811487974e-09	1.129088894e-14	0	0	0	0	0	0	0	0	0
0.000268335237	1.496288955e-09	4.304271043e-15	0	0	0	0	0	0	0	0	0
0.0002600061525	1.088279471e-09	3.878573757e-15	0	0	0	0	0	0	0	0	0
0.0002424894859	7.289248036e-10	0	0	0	0	0	0	0	0	0	0
0.000214034617	4.920294713e-10	0	0	0	0	0	0	0	0	0	0
0.0001776052614	2.919921074e-10	0	0	0	0	0	0	0	0	0	0
0.0001402118736	9.896274944e-11	0	0	0	0	0	0	0	0	0	0
0.0001110262187	3.281868821e-10	0	0	0	0	0	0	0	0	0	0
9.773526745e-05	6.974755307e-10	0	0	0	0	0	0	0	0	0	0
0.0001007540134	1.060755274e-09	5.494997051e-15	0	0	0	0	0	0	0	0	0
0.0001138532812	1.379790391e-09	1.925931011e-15	0	0	0	0	0	0	0	0	0
0.0001313239615	1.520145818e-09	2.078032361e-15	0	0	0	0	0	0	0	0	0
0.0001495915475	1.427980916e-09	4.871662212e-15	0	0	0	0	0	0	0	0	0
0.000166211865	1.097089815e-09	5.835163023e-15	0	0	0	0	0	0	0	0	0
0.0001794808386	6.590682598e-10	0	0	0	0	0	0	0	0	0	0
0.0001882146878	3.200508175e-10	0	0	0	0	0	0	0	0	0	0
0.0001914342521	2.356359066e-10	0	0	0	0	0	0	0	0	0	0
0.0001884584983	2.352568817e-10	0	0	0	0	0	0	0	0	0	0
0.0001796127372	3.164352229e-10	0	0	0	0	0	0	0	0	0	0
0.0001670346444	4.644593569e-10	0	0	0	0	0	0	0	0	0	0
0.0001547080596	5.31302662e-10	0	0	0	0	0	0	0	0	0	0
0.0001471014636	4.624686519e-10	0	0	0	0	0	0	0	0	0	0
0.0001470149997	3.076165813e-10	0	0	0	0	0	0	0	0	0	0
0.0001544771943	2.359049644e-10	0	0	0	0	0	0	0	0	0	0
0.0001672856153	2.37570169e-10	0	0	0	0	0	0	0	0	0	0
0.0001819935368	6.928361843e-10	0	0	0	0	0	0	0	0	0	0
0.0001949408653	2.009009402e-09	4.894984894e-15	0	0	0	0	0	0	0	0	0
0.0002038346315	4.203961855e-09	6.859873001e-15	0	0	0	0	0	0	0	0	0
0.0002089736085	7.346384291e-09	1.449606357e-14	0	0	0	0	0	0	0	0	0
0.0002133185217	1.119747144e-08	2.432628291e-14	0	0	0	0	0	0	0	0	0
0.000220301561	1.532948836e-08	3.2361523e-14	0	0	0	0	0	0	0	0	0
0.0002311662789	1.901650143e-08	3.732351136e-14	0	0	0	0	0	0	0	0	0
0.0002438639067	2.161277986e-08	4.571705164e-14	0	0	0	0	0	0	0	0	0
0.0002545527124	2.274428327e-08	4.325397908e-14	0	0	0	0	0	0	0	0	0
0.0002599497998	2.202286359e-08	4.957498396e-14	0	0	0	0	0	0	0	0	0
0.0002586174176	1.975061058e-08	3.854619276e-14	0	0	0	0	0	0	0	0	0
0.0002512204497	1.633092005e-08	3.080566394e-14	0	0	0	0	0	0	0	0	0
0.000239725264	1.231188646e-08	2.830715138e-14	0	0	0	0	0	0	0	0	0
0.0002261099196	8.460733777e-09	1.494653347e-14	0	0	0	0	0	0	0	0	0
0.000211495465	5.243710199e-09	1.016323552e-14	0	0	0	0	0	0	0	0	0
0.0001961226842	2.915803225e-09	6.081437506e-15	0	0	0	0	0	0	0	0	0
0.0001805772106	1.515115302e-09	1.009247607e-14	0	0	0	0	0	0	0	0	0
0.0001663149383	7.289260084e-10	0	0	0	0	0	0	0	0	0	0
0.0001549381187	3.81747444e-10	0	0	0	0	0	0	0	0	0	0
0.0001473952978	2.407309475e-10	0	0	0	0	0	0	0	0	0	0
0.0001457115812	2.072270012e-10	0	0	0	0	0	0	0	0	0	0
0.0001564533708	2.58979996e-10	0	0	0	0	0	0	0	0	0	0
0.0001880235364	5.04587641e-10	0	0	0	0	0	0	0	0	0	0
0.00024101115	1.08057728e-09	5.966851491e-15	0	0	0	0	0	0	0	0	0
0.000306669634	1.911026215e-09	9.603998676e-15	0	0	0	0	0	0	0	0	0
0.0003729709927	2.971616958e-09	7.487793154e-15	0	0	0	0	0	0	0	0	0
0.000428561244	3.905893683e-09	1.195288598e-14	0	0	0	0	0	0	0	0	0
0.00046477003	4.543967634e-09	1.454719346e-14	0	0	0	0	0	0	0	0	0
0.000476412036	4.614845913e-09	2.007558039e-14	0	0	0	0	0	0	0	0	0
0.0004620416831	4.147220988e-09	1.492945977e-14	0	0	0	0	0	0	0	0	0
0.0004233408432	3.182159176e-09	1.900992943e-14	0	0	0	0	0	0	0	0	0
0.0003642973653	2.016060698e-09	1.146005081e-14	0	0	0	0	0	0	0	0	0
0.0002906295428	1.001228664e-09	9.38812457e-15	0	0	0	0	0	0	0	0	0
0.0002097473153	3.909996737e-10	0	0	0	0	0	0	0	0	0	0
0.0001317003155	2.465757228e-10	0	0	0	0	0	0	0	0	0	0
7.318735654e-05	1.001381378e-10	0	0	0	0	0	0	0	0	0	0
6.582887237e-05	2.996766136e-10	0	0	0	0	0	0	0	0	0	0
9.753956458e-05	4.879959215e-10	0	0	0	0	0	0	0	0	0	0
0.0001380020278	4.70695733e-10	0	0	0	0	0	0	0	0	0	0
0.0001864933935	2.550923283e-10	0	0	0	0	0	0	0	0	0	0
0.000242541498	2.939097178e-10	0	0	0	0	0	0	0	0	0	0
0.0002988023013	4.958900701e-10	0	0	0	0	0	0	0	0	0	0
0.0003450812216	5.553999161e-10	0	0	0	0	0	0	0	0	0	0
0.0003729511774	4.929508088e-10	0	0	0	0	0	0	0	0	0	0
0.0003781237709	4.198970356e-10	0	0	0	0	0	0	0	0	0	0
0.000361195808	4.018294178e-10	0	0	0	0	0	0	0	0	0	0
0.0003276083	4.113610639e-10	0	0	0	0	0	0	0	0	0	0
0.0002866483288	3.750855917e-10	0	0	0	0	0	0	0	0	0	0
0.0002489296646	2.604466173e-10	0	0	0	0	0	0	0	0	0	0
0.0002213556086	1.598279814e-10	0	0	0	0	0	0	0	0	0	0
0.0002026472761	2.048536086e-10	0	0	0	0	0	0	0	0	0	0
0.0001865995644	1.950105424e-10	0	0	0	0	0	0	0	0	0	0
0.0001718380355	1.133968833e-10	0	0	0	0	0	0	0	0	0	0
0.0001678024322	1.817693026e-10	0	0	0	0	0	0	0	0	0	0
0.0001865687827	2.058450658e-10	0	0	0	0	0	0	0	0	0	0
0.0002252170357	1.941945346e-10	0	0	0	0	0	0	0	0	0	0
0.0002692999191	7.192542735e-10	0	0	0	0	0	0	0	0	0	0
0.0003066870137	1.573680916e-09	1.29558173e-14	0	0	0	0	0	0	0	0	0
0.0003316712754	2.566231767e-09	7.30783839e-15	0	0	0	0	0	0	0	0	0
0.0003442840343	3.530985389e-09	7.317841754e-15	0	0	0	0	0	0	0	0	0
0.0003478312068	4.336348817e-09	9.31583291e-15	0	0	0	0	0	0	0	0	0
0.0003465356938	4.908404987e-09	1.319014058e-14	0	0	0	0	0	0	0	0	0
0.000343286001	5.215042473e-09	1.379447865e-14	0	0	0	0	0	0	0	0	0
0.000338883664	5.264548194e-09	6.417718676e-15	0	0	0	0	0	0	0	0	0
0.000332473495	5.099783375e-09	1.187044951e-14	0	0	0	0	0	0	0	0	0
0.0003227980299	4.732157768e-09	8.583226239e-15	0	0	0	0	0	0	0	0	0
0.0003092176281	4.224512635e-09	8.537644813e-15	0	0	0	0	0	0	0	0	0
0.0002920615682	3.634658947e-09	1.024984008e-14	0	0	0	0	0	0	0	0	0
0.0002723219275	2.991949997e-09	5.841412719e-15	0	0	0	0	0	0	0	0	0
0.0002509120162	2.3539506e-09	8.605570265e-15	0	0	0	0	0	0	0	0	0
0.0002280002354	1.770036177e-09	4.937014246e-15	0	0	0	0	0	0	0	0	0
0.0002029545977	1.26475384e-09	7.448010823e-15	0	0	0	0	0	0	0	0	0
0.0001749794247	8.496599449e-10	0	0	0	0	0	0	0	0	0	0
0.0001442199697	5.300307588e-10	0	0	0	0	0	0	0	0	0	0
0.0001125803851	3.025094788e-10	0	0	0	0	0	0	0	0	0	0
8.444386386e-05	1.510670073e-10	0	0	0	0	0	0	0	0	0	0
6.621899228e-05	6.216912357e-11	0	0	0	0	0	0	0	0	0	0
6.220136921e-05	2.238719904e-11	0	0	0	0	0	0	0	0	0	0
6.793696379e-05	2.42275706e-11	0	0	0	0	0	0	0	0	0	0
7.67005639e-05	2.827328964e-11	0	0	0	0	0	0	0	0	0	0
8.645930564e-05	2.672267556e-11	0	0	0	0	0	0	0	0	0	0
9.775232244e-05	3.796683279e-11	0	0	0	0	0	0	0	0	0	0
0.0001104944552	8.172657237e-11	0	0	0	0	0	0	0	0	0	0
0.0001229787469	1.51702181e-10	0	0	0	0	0	0	0	0	0	0
0.0001327783233	2.369618437e-10	0	0	0	0	0	0	0	0	0	0
0.0001379046772	3.185929977e-10	0	0	0	0	0	0	0	0	0	0
0.0001374327171	3.823779985e-10	0	0	0	0	0	0	0	0	0	0
0.000131605383	4.157111881e-10	0	0	0	0	0	0	0	0	0	0
0.0001216127415	4.166093389e-10	0	0	0	0	0	0	0	0	0	0
0.0001091969152	3.895449911e-10	0	0	0	0	0	0	0	0	0	0
9.615389782e-05	3.437397111e-10	0	0	0	0	0	0	0	0	0	0
8.386437973e-05	2.899453238e-10	0	0	0	0	0	0	0	0	0	0
7.308920201e-05	2.355524188e-10	0	0	0	0	0	0	0	0	0	0
6.419975382e-05	1.856321478e-10	0	0	0	0	0	0	0	0	0	0
5.767549386e-05	1.435689231e-10	0	0	0	0	0	0	0	0	0	0
5.447968451e-05	1.093418385e-10	0	0	0	0	0	0	0	0	0	0
5.549687554e-05	8.293987245e-11	0	0	0	0	0	0	0	0	0	0
6.041163755e-05	6.341687667e-11	0	0	0	0	0	0	0	0	0	0
6.765983673e-05	5.047911832e-11	0	0	0	0	0	0	0	0	0	0
7.54457856e-05	4.409706223e-11	0	0	0	0	0	0	0	0	0	0
8.250509516e-05	4.37948638e-11	0	0	0	0	0	0	0	0	0	0
8.825218111e-05	4.81910099e-11	0	0	0	0	0	0	0	0	0	0
9.266381406e-05	5.528447206e-11	0	0	0	0	0	0	0	0	0	0
9.601468294e-05	6.395858235e-11	0	0	0	0	0	0	0	0	0	0
9.862285554e-05	7.328860617e-11	0	0	0	0	0	0	0	0	0	0
0.0001006277042	8.298333568e-11	0	0	0	0	0	0	0	0	0	0
0.0001019197544	9.24331514e-11	0	0	0	0	0	0	0	0	0	0
0.0001022226604	1.012657035e-10	0	0	0	0	0	0	0	0	0	0
0.0001012595969	1.087605277e-10	0	0	0	0	0	0	0	0	0	0
9.891268337e-05	1.141254353e-10	0	0	0	0	0	0	0	0	0	0
9.531728934e-05	1.166848045e-10	0	0	0	0	0	0	0	0	0	0
9.088393903e-05	1.159688412e-10	0	0	0	0	0	0	0	0	0	0
8.623218615e-05	1.124089726e-10	0	0	0	0	0	0	0	0	0	0
8.208418912e-05	1.079412118e-10	0	0	0	0	0	0	0	0	0	0
7.913532215e-05	1.063869547e-10	0	0	0	0	0	0	0	0	0	0
7.788944663e-05	1.143137806e-10	0	0	0	0	0	0	0	0	0	0
7.861339233e-05	1.369041956e-10	0	0	0	0	0	0	0	0	0	0
8.134430707e-05	1.764136058e-10	0	0	0	0	0	0	0	0	0	0
8.59670768e-05	2.333771703e-10	0	0	0	0	0	0	0	0	0	0
9.224886725e-05	3.104214714e-10	0	0	0	0	0	0	0	0	0	0
9.988438397e-05	4.129640375e-10	0	0	0	0	0	0	0	0	0	0
0.0001084334683	5.471606114e-10	0	0	0	0	0	0	0	0	0	0
0.0001173706377	7.1683988e-10	0	0	0	0	0	0	0	0	0	0
0.0001260816097	9.202993536e-10	0	0	0	0	0	0	0	0	0	0
0.0001339162685	1.146122109e-09	5.32641846e-15	0	0	0	0	0	0	0	0	0
0.0001402187271	1.376129678e-09	1.137703105e-14	0	0	0	0	0	0	0	0	0
0.0001443653765	1.581073094e-09	6.703479705e-15	0	0	0	0	0	0	0	0	0
0.0001457883617	1.731685269e-09	4.618600236e-15	0	0	0	0	0	0	0	0	0
0.0001440184582	1.805889135e-09	3.321469386e-15	0	0	0	0	0	0	0	0	0
0.0001387397763	1.771413462e-09	5.98197738e-15	0	0	0	0	0	0	0	0	0
0.0001298418211	1.632211267e-09	4.92586509e-15	0	0	0	0	0	0	0	0	0
0.0001174873525	1.398499837e-09	2.540852818e-15	0	0	0	0	0	0	0	0	0
0.0001021602891	1.104625136e-09	9.82558545e-15	0	0	0	0	0	0	0	0	0
8.469814434e-05	7.918951095e-10	0	0	0	0	0	0	0	0	0	0
6.630174126e-05	5.051001965e-10	0	0	0	0	0	0	0	0	0	0
4.856704395e-05	2.788963362e-10	0	0	0	0	0	0	0	0	0	0
3.363386575e-05	1.280494337e-10	0	0	0	0	0	0	0	0	0	0
2.455036874e-05	4.578620702e-11	0	0	0	0	0	0	0	0	0	0
2.382163217e-05	1.075787053e-11	0	0	0	0	0	0	0	0	0	0
2.91685844e-05	6.012152796e-12	0	0	0	0	0	0	0	0	0	0
3.768984736e-05	1.13628007e-11	0	0	0	0	0	0	0	0	0	0
4.896371201e-05	2.845648767e-11	0	0	0	0	0	0	0	0	0	0
6.280039909e-05	7.232262367e-11	0	0	0	0	0	0	0	0	0	0
7.795449614e-05	1.592925038e-10	0	0	0	0	0	0	0	0	0	0
9.236383376e-05	2.993042514e-10	0	0	0	0	0	0	0	0	0	0
0.0001038261463	4.748481226e-10	0	0	0	0	0	0	0	0	0	0
0.0001105771289	6.500994674e-10	0	0	0	0	0	0	0	0	0	0
0.0001116783389	7.873849715e-10	0	0	0	0	0	0	0	0	0	0
0.000107163034	8.632311235e-10	0	0	0	0	0	0	0	0	0	0
9.797752734e-05	8.497470518e-10	0	0	0	0	0	0	0	0	0	0
8.575882574e-05	7.759645626e-10	0	0	0	0	0	0	0	0	0	0
7.254673399e-05	6.550093644e-10	0	0	0	0	0	0	0	0	0	0
6.047712213e-05	5.185907977e-10	0	0	0	0	0	0	0	0	0	0
5.137810619e-05	3.867982006e-10	0	0	0	0	0	0	0	0	0	0
4.606822639e-05	2.854669037e-10	0	0	0	0	0	0	0	0	0	0
4.372934143e-05	2.061368916e-10	0	0	0	0	0	0	0	0	0	0
4.24271325e-05	1.503574052e-10	0	0	0	0	0	0	0	0	0	0
4.039156234e-05	1.137404938e-10	0	0	0	0	0	0	0	0	0	0
3.673295059e-05	8.979569319e-11	0	0	0	0	0	0	0	0	0	0
3.147320329e-05	7.355336966e-11	0	0	0	0	0	0	0	0	0	0
2.537912584e-05	6.216861876e-11	0	0	0	0	0	0	0	0	0	0
1.980535018e-05	5.429868577e-11	0	0	0	0	0	0	0	0	0	0
1.653745201e-05	4.844773731e-11	0	0	0	0	0	0	0	0	0	0
1.685680547e-05	4.398580032e-11	0	0	0	0	0	0	0	0	0	0
2.019472126e-05	4.118592581e-11	0	0	0	0	0	0	0	0	0	0
2.52991131e-05	3.962393393e-11	0	0	0	0	0	0	0	0	0	0
3.135135573e-05	3.916020266e-11	0	0	0	0	0	0	0	0	0	0
3.764563975e-05	4.018312595e-11	0	0	0	0	0	0	0	0	0	0
4.339098248e-05	4.27566704e-11	0	0	0	0	0	0	0	0	0	0
4.785046072e-05	4.733858986e-11	0	0	0	0	0	0	0	0	0	0
5.061371667e-05	5.459034715e-11	0	0	0	0	0	0	0	0	0	0
5.174696796e-05	6.545270193e-11	0	0	0	0	0	0	0	0	0	0
5.176923745e-05	8.134696694e-11	0	0	0	0	0	0	0	0	0	0
5.141926065e-05	1.040592487e-10	0	0	0	0	0	0	0	0	0	0
5.132985832e-05	1.337523266e-10	0	0	0	0	0	0	0	0	0	0
5.184656821e-05	1.703809943e-10	0	0	0	0	0	0	0	0	0	0
5.316675332e-05	2.116931306e-10	0	0	0	0	0	0	0	0	0	0
5.557419846e-05	2.532325196e-10	0	0	0	0	0	0	0	0	0	0
5.940482262e-05	2.858820928e-10	0	0	0	0	0	0	0	0	0	0
6.463224151e-05	3.108844533e-10	0	0	0	0	0	0	0	0	0	0
7.052404389e-05	3.06577892e-10	0	0	0	0	0	0	0	0	0	0
7.573634917e-05	2.881411903e-10	0	0	0	0	0	0	0	0	0	0
7.879715212e-05	2.445826766e-10	0	0	0	0	0	0	0	0	0	0
7.857002656e-05	1.88838007e-10	0	0	0	0	0	0	0	0	0	0
7.457795869e-05	1.298432441e-10	0	0	0	0	0	0	0	0	0	0
6.709308143e-05	7.969048295e-11	0	0	0	0	0	0	0	0	0	0
5.701084578e-05	4.445844445e-11	0	0	0	0	0	0	0	0	0	0
4.55870999e-05	2.307780496e-11	0	0	0	0	0	0	0	0	0	0
3.439058502e-05	1.039433532e-11	0	0	0	0	0	0	0	0	0	0
2.655273383e-05	5.929332738e-12	0	0	0	0	0	0	0	0	0	0
2.87520432e-05	9.747743744e-12	0	0	0	0	0	0	0	0	0	0
4.288365718e-05	1.509345464e-11	0	0	0	0	0	0	0	0	0	0
6.385716386e-05	2.590862758e-11	0	0	0	0	0	0	0	0	0	0
8.783809757e-05	5.132681087e-11	0	0	0	0	0	0	0	0	0	0
0.0001118301556	9.392701779e-11	0	0	0	0	0	0	0	0	0	0
0.000133026911	1.489408987e-10	0	0	0	0	0	0	0	0	0	0
0.0001489462847	2.037750034e-10	0	0	0	0	0	0	0	0	0	0
0.0001578072463	2.502987846e-10	0	0	0	0	0	0	0	0	0	0
0.0001588465355	2.774654336e-10	0	0	0	0	0	0	0	0	0	0
0.000152437058	2.843249525e-10	0	0	0	0	0	0	0	0	0	0
0.0001399965656	2.736132372e-10	0	0	0	0	0	0	0	0	0	0
0.0001237432822	2.53241763e-10	0	0	0	0	0	0	0	0	0	0
0.0001063358144	2.278590779e-10	0	0	0	0	0	0	0	0	0	0
9.042209499e-05	2.037618735e-10	0	0	0	0	0	0	0	0	0	0
7.807656763e-05	1.848100328e-10	0	0	0	0	0	0	0	0	0	0
7.005384875e-05	1.697829183e-10	0	0	0	0	0	0	0	0	0	0
6.54282785e-05	1.579495411e-10	0	0	0	0	0	0	0	0	0	0
6.223100355e-05	1.455702444e-10	0	0	0	0	0	0	0	0	0	0
5.863728424e-05	1.326845876e-10	0	0	0	0	0	0	0	0	0	0
5.36486379e-05	1.178938648e-10	0	0	0	0	0	0	0	0	0	0
4.714848183e-05	1.004182274e-10	0	0	0	0	0	0	0	0	0	0
3.969307047e-05	8.275962258e-11	0	0	0	0	0	0	0	0	0	0
3.220487407e-05	6.586243397e-11	0	0	0	0	0	0	0	0	0	0
2.572621696e-05	5.060152605e-11	0	0	0	0	0	0	0	0	0	0
2.153334515e-05	3.825240883e-11	0	0	0	0	0	0	0	0	0	0
2.165796605e-05	2.802373735e-11	0	0	0	0	0	0	0	0	0	0
2.761555447e-05	2.117409868e-11	0	0	0	0	0	0	0	0	0	0
3.841119609e-05	1.754857696e-11	0	0	0	0	0	0	0	0	0	0
5.197175961e-05	1.718160308e-11	0	0	0	0	0	0	0	0	0	0
6.624023319e-05	2.19692397e-11	0	0	0	0	0	0	0	0	0	0
7.92669386e-05	3.596133439e-11	0	0	0	0	0	0	0	0	0	0
8.934486446e-05	5.951083048e-11	0	0	0	0	0	0	0	0	0	0
9.522455359e-05	8.870362173e-11	0	0	0	0	0	0	0	0	0	0
9.627933171e-05	1.153233456e-10	0	0	0	0	0	0	0	0	0	0
9.257030308e-05	1.286853253e-10	0	0	0	0	0	0	0	0	0	0
8.485457863e-05	1.213724542e-10	0	0	0	0	0	0	0	0	0	0
7.455696344e-05	9.161211401e-11	0	0	0	0	0	0	0	0	0	0
6.3848944e-05	5.081193333e-11	0	0	0	0	0	0	0	0	0	0
5.57819114e-05	2.857528592e-11	0	0	0	0	0	0	0	0	0	0
5.359918339e-05	6.287916181e-11	0	0	0	0	0	0	0	0	0	0
5.833830837e-05	1.438532408e-10	0	0	0	0	0	0	0	0	0	0
6.774733073e-05	2.861502775e-10	0	0	0	0	0	0	0	0	0	0
7.865606351e-05	4.803776375e-10	0	0	0	0	0	0	0	0	0	0
8.86544556e-05	6.959552756e-10	0	0	0	0	0	0	0	0	0	0
9.609266384e-05	8.82880853e-10	0	0	0	0	0	0	0	0	0	0
9.986885384e-05	9.963081548e-10	0	0	0	0	0	0	0	0	0	0
9.93214612e-05	1.018338514e-09	1.055181414e-15	0	0	0	0	0	0	0	0	0
9.424502108e-05	9.394968087e-10	0	0	0	0	0	0	0	0	0	0
8.495424637e-05	7.850593967e-10	0	0	0	0	0	0	0	0	0	0
7.232108884e-05	5.88150332e-10	0	0	0	0	0	0	0	0	0	0
5.781885311e-05	3.896112827e-10	0	0	0	0	0	0	0	0	0	0
4.358352739e-05	2.232067909e-10	0	0	0	0	0	0	0	0	0	0
3.390142712e-05	7.817286206e-08	1.899068048e-14	0	0	0	0	0	0	0	0	0
2.773710237e-05	4.017353457e-11	0	0	0	0	0	0	0	0	0	0
2.949524887e-05	1.034402014e-11	0	0	0	0	0	0	0	0	0	0
3.504956482e-05	7.214036141e-12	0	0	0	0	0	0	0	0	0	0
4.334474502e-05	1.268464898e-11	0	0	0	0	0	0	0	0	0	0
5.502929384e-05	2.676999417e-11	0	0	0	0	0	0	0	0	0	0
7.013666692e-05	5.06691008e-11	0	0	0	0	0	0	0	0	0	0
8.718327133e-05	8.17206794e-11	0	0	0	0	0	0	0	0	0	0
0.0001037790398	1.148864866e-10	0	0	0	0	0	0	0	0	0	0
0.0001174555298	1.419736571e-10	0	0	0	0	0	0	0	0	0	0
0.0001263234125	1.551676686e-10	0	0	0	0	0	0	0	0	0	0
0.0001294632137	1.518713172e-10	0	0	0	0	0	0	0	0	0	0
0.0001270482418	1.373528353e-10	0	0	0	0	0	0	0	0	0	0
0.000120164676	1.191152395e-10	0	0	0	0	0	0	0	0	0	0
0.0001103434521	1.022463723e-10	0	0	0	0	0	0	0	0	0	0
9.896561127e-05	8.72714346e-11	0	0	0	0	0	0	0	0	0	0
8.681737065e-05	7.275661782e-11	0	0	0	0	0	0	0	0	0	0
7.411017261e-05	5.787142269e-11	0	0	0	0	0	0	0	0	0	0
6.104861281e-05	4.26283322e-11	0	0	0	0	0	0	0	0	0	0
4.874966328e-05	2.722275299e-11	0	0	0	0	0	0	0	0	0	0
4.037593026e-05	1.856609801e-11	0	0	0	0	0	0	0	0	0	0
4.068193454e-05	5.075164701e-11	0	0	0	0	0	0	0	0	0	0
5.044050729e-05	1.234334574e-10	0	0	0	0	0	0	0	0	0	0
6.581426893e-05	2.376743282e-10	0	0	0	0	0	0	0	0	0	0
8.392960873e-05	3.947194939e-10	0	0	0	0	0	0	0	0	0	0
0.0001035139387	5.911953861e-10	0	0	0	0	0	0	0	0	0	0
0.0001237906331	8.207929319e-10	0	0	0	0	0	0	0	0	0	0
0.0001440088219	1.076475046e-09	1.292873246e-14	0	0	0	0	0	0	0	0	0
0.0001633408259	1.354148364e-09	4.679855543e-15	0	0	0	0	0	0	0	0	0
0.000181108753	1.649789334e-09	7.509294961e-15	0	0	0	0	0	0	0	0	0
0.0001969560829	1.961693603e-09	5.362288444e-15	0	0	0	0	0	0	0	0	0
0.0002109345989	2.290855211e-09	6.055394562e-15	0	0	0	0	0	0	0	0	0
0.0002233908483	2.633595719e-09	9.501137537e-15	0	0	0	0	0	0	0	0	0
0.0002348039962	2.987174622e-09	8.488047667e-15	0	0	0	0	0	0	0	0	0
0.0002455106385	3.336633438e-09	6.340369416e-15	0	0	0	0	0	0	0	0	0
0.0002555654904	3.666160478e-09	1.875642752e-14	0	0	0	0	0	0	0	0	0
0.0002646187561	3.942451896e-09	8.747976694e-15	0	0	0	0	0	0	0	0	0
0.000271787684	4.129098798e-09	1.227465749e-14	0	0	0	0	0	0	0	0	0
0.0002756650524	4.185458953e-09	1.42347098e-14	0	0	0	0	0	0	0	0	0
0.0002745225058	4.073861366e-09	1.314905499e-14	0	0	0	0	0	0	0	0	0
0.0002666007178	3.767369333e-09	1.601621702e-14	0	0	0	0	0	0	0	0	0
0.0002506023361	3.273907932e-09	1.098744678e-14	0	0	0	0	0	0	0	0	0
0.0002262255665	2.63132434e-09	1.04607192e-14	0	0	0	0	0	0	0	0	0
0.0001947370318	1.923832172e-09	7.620304903e-15	0	0	0	0	0	0	0	0	0
0.0001596361309	1.251252093e-09	6.605198928e-15	0	0	0	0	0	0	0	0	0
0.0001280645897	7.077344737e-10	0	0	0	0	0	0	0	0	0	0
0.0001119104886	3.527935304e-10	0	0	0	0	0	0	0	0	0	0
0.0001204451274	2.24989688e-10	0	0	0	0	0	0	0	0	0	0
0.0001475634854	2.844890416e-10	0	0	0	0	0	0	0	0	0	0
0.0001815162117	3.971435905e-10	0	0	0	0	0	0	0	0	0	0
0.0002152448073	5.122522018e-10	0	0	0	0	0	0	0	0	0	0
0.0002449519268	6.048156017e-10	0	0	0	0	0	0	0	0	0	0
0.0002675476073	6.52794716e-10	0	0	0	0	0	0	0	0	0	0
0.0002797943075	6.562962696e-10	0	0	0	0	0	0	0	0	0	0
0.0002795049835	6.086810147e-10	0	0	0	0	0	0	0	0	0	0
0.0002679620077	5.236307175e-10	0	0	0	0	0	0	0	0	0	0
0.0002518737116	4.218590906e-10	0	0	0	0	0	0	0	0	0	0
0.0002421264635	3.575310255e-10	0	0	0	0	0	0	0	0	0	0
0.0002465851748	3.733373262e-10	0	0	0	0	0	0	0	0	0	0
0.0002626532778	4.428383819e-10	0	0	0	0	0	0	0	0	0	0
0.0002804536022	5.301813395e-10	0	0	0	0	0	0	0	0	0	0
0.0002910896707	6.138014034e-10	0	0	0	0	0	0	0	0	0	0
0.0002898113761	6.701196201e-10	0	0	0	0	0	0	0	0	0	0
0.0002753871113	6.849895331e-10	0	0	0	0	0	0	0	0	0	0
0.0002493625546	6.516003343e-10	0	0	0	0	0	0	0	0	0	0
0.0002168865258	5.542474534e-10	0	0	0	0	0	0	0	0	0	0
0.0001884249383	3.964179987e-10	0	0	0	0	0	0	0	0	0	0
0.0001782051125	2.253072199e-10	0	0	0	0	0	0	0	0	0	0
0.0001924526795	1.566614997e-10	0	0	0	0	0	0	0	0	0	0
0.0002219482735	2.244812259e-10	0	0	0	0	0	0	0	0	0	0
0.0002542063716	3.35064213e-10	0	0	0	0	0	0	0	0	0	0
0.0002822025196	5.259045464e-10	0	0	0	0	0	0	0	0	0	0
0.0003028181583	7.816359442e-10	0	0	0	0	0	0	0	0	0	0
0.0003136477293	1.031071955e-09	1.077763427e-14	0	0	0	0	0	0	0	0	0
0.0003121096952	1.207420616e-09	3.212917721e-15	0	0	0	0	0	0	0	0	0
0.0002972475042	1.284930959e-09	6.834362783e-15	0	0	0	0	0	0	0	0	0
0.0002716890432	1.282123442e-09	7.736589389e-15	0	0	0	0	0	0	0	0	0
0.0002412293487	1.190004087e-09	8.292373439e-15	0	0	0	0	0	0	0	0	0
0.000211525418	9.638666858e-10	0	0	0	0	0	0	0	0	0	0
0.0001854723721	5.893204034e-10	0	0	0	0	0	0	0	0	0	0
0.0001656669313	2.211758887e-10	0	0	0	0	0	0	0	0	0	0
0.0001584922744	1.541812462e-10	0	0	0	0	0	0	0	0	0	0
0.0001687611725	2.994044154e-10	0	0	0	0	0	0	0	0	0	0
0.0001905648098	8.758064409e-10	0	0	0	0	0	0	0	0	0	0
0.0002133464043	1.618946465e-09	8.090400734e-15	0	0	0	0	0	0	0	0	0
0.0002323512431	2.143207688e-09	5.792811676e-15	0	0	0	0	0	0	0	0	0
0.0002495578665	2.386486434e-09	1.057150885e-14	0	0	0	0	0	0	0	0	0
0.0002670201747	2.38930266e-09	6.381713134e-15	0	0	0	0	0	0	0	0	0
0.000280783615	2.504337509e-09	3.897145e-15	0	0	0	0	0	0	0	0	0
0.0002854668437	3.070037791e-09	4.472542519e-15	0	0	0	0	0	0	0	0	0
0.0002902626653	4.2257604e-09	6.167387173e-15	0	0	0	0	0	0	0	0	0
0.0003296295459	6.071374596e-09	5.822997882e-15	0	0	0	0	0	0	0	0	0
0.0004301468917	8.713466188e-09	2.172477669e-14	0	0	0	0	0	0	0	0	0
0.0005702690127	1.130764068e-08	2.460889826e-14	0	0	0	0	0	0	0	0	0
0.0007050533132	1.407527649e-08	4.517239176e-14	0	0	0	0	0	0	0	0	0
0.0007941769066	1.690852931e-08	4.922639457e-14	0	0	0	0	0	0	0	0	0
0.0008138972702	1.908786192e-08	6.838250246e-14	0	0	0	0	0	0	0	0	0
0.0007621703616	2.071750307e-08	5.054884736e-14	0	0	0	0	0	0	0	0	0
0.0006570404898	2.101396861e-08	3.675049631e-14	0	0	0	0	0	0	0	0	0
0.000528675494	1.984805727e-08	2.997408975e-14	0	0	0	0	0	0	0	0	0
0.0004077266261	1.749761717e-08	2.249709605e-14	0	0	0	0	0	0	0	0	0
0.0003141591646	1.47006076e-08	1.659502218e-14	0	0	0	0	0	0	0	0	0
0.0002503870541	1.211515755e-08	1.765047688e-14	0	0	0	0	0	0	0	0	0
0.0002056767638	9.688259861e-09	1.663565114e-14	0	0	0	0	0	0	0	0	0
0.0001699555777	7.930992201e-09	1.215130858e-14	0	0	0	0	0	0	0	0	0
0.0001427090847	6.127329264e-09	1.006224713e-14	0	0	0	0	0	0	0	0	0
0.000132432446	4.541696577e-09	9.418686514e-15	0	0	0	0	0	0	0	0	0
0.0001501217333	3.048425049e-09	5.285675153e-15	0	0	0	0	0	0	0	0	0
0.0001982509349	1.702257867e-09	1.151111398e-14	0	0	0	0	0	0	0	0	0
0.0002691887137	9.355090482e-10	0	0	0	0	0	0	0	0	0	0
0.0003497986454	8.612014889e-10	0	0	0	0	0	0	0	0	0	0
0.0004236380721	1.015239366e-09	2.828486051e-15	0	0	0	0	0	0	0	0	0
0.0004737534541	1.136903438e-09	6.464156075e-15	0	0	0	0	0	0	0	0	0
0.0004870042813	1.188286808e-09	4.505360091e-15	0	0	0	0	0	0	0	0	0
0.0004578166513	1.071125839e-09	5.605735181e-15	0	0	0	0	0	0	0	0	0
0.000390387255	8.273012638e-10	0	0	0	0	0	0	0	0	0	0
0.0002983672961	5.533316325e-10	0	0	0	0	0	0	0	0	0	0
0.0002023997945	3.515204375e-10	0	0	0	0	0	0	0	0	0	0
0.0001264658715	3.171882157e-10	0	0	0	0	0	0	0	0	0	0
9.01583626e-05	7.039635599e-10	0	0	0	0	0	0	0	0	0	0
8.78421686e-05	1.249184966e-09	1.315072566e-14	0	0	0	0	0	0	0	0	0
0.0001054855599	1.724739231e-09	1.179548309e-14	0	0	0	0	0	0	0	0	0
0.0001491713862	1.934841388e-09	7.189377141e-15	0	0	0	0	0	0	0	0	0
0.0002163946791	2.06028588e-09	6.352905785e-15	0	0	0	0	0	0	0	0	0
0.0002946832795	1.859765229e-09	7.252305672e-15	0	0	0	0	0	0	0	0	0
0.0003736581594	1.583144584e-09	4.729489033e-15	0	0	0	0	0	0	0	0	0
0.0004471953276	1.240799542e-09	7.703098197e-15	0	0	0	0	0	0	0	0	0
0.0005099691105	1.893972575e-09	1.247498889e-14	0	0	0	0	0	0	0	0	0
0.000552983208	3.406011154e-09	1.716407881e-14	0	0	0	0	0	0	0	0	0
0.0005630292651	4.916213311e-09	1.519609445e-14	0	0	0	0	0	0	0	0	0
0.0005280064587	5.931275847e-09	2.366623057e-14	0	0	0	0	0	0	0	0	0
0.0004464156186	7.047116331e-09	1.066042715e-14	0	0	0	0	0	0	0	0	0
0.0003364310281	9.806453782e-09	1.987716465e-14	0	0	0	0	0	0	0	0	0
0.0002382724906	1.356563096e-08	2.40206507e-14	0	0	0	0	0	0	0	0	0
0.0001916126799	1.628139087e-08	2.666770585e-14	0	0	0	0	0	0	0	0	0
0.0001784369806	1.626736164e-08	2.433029972e-14	0	0	0	0	0	0	0	0	0
0.0001665075072	1.295332089e-08	1.442554662e-14	0	0	0	0	0	0	0	0	0
0.0001955882623	8.203217376e-09	1.21401687e-14	0	0	0	0	0	0	0	0	0
0.000295898686	4.836504109e-09	1.689782647e-14	0	0	0	0	0	0	0	0	0
0.0004229087385	3.186843032e-09	1.072642006e-14	0	0	0	0	0	0	0	0	0
0.0005351891267	1.574272765e-09	2.201346377e-14	0	0	0	0	0	0	0	0	0
0.0006102168792	4.833843864e-09	4.527857144e-14	0	0	0	0	0	0	0	0	0
0.0006395394842	9.649469219e-09	5.382666423e-14	0	0	0	0	0	0	0	0	0
0.0006245352181	1.349044915e-08	5.957879697e-14	0	0	0	0	0	0	0	0	0
0.0005739404619	1.552370644e-08	6.188641014e-14	0	0	0	0	0	0	0	0	0
0.0005018970573	1.590400218e-08	5.797961266e-14	0	0	0	0	0	0	0	0	0
0.0004267404966	1.505035268e-08	3.806496901e-14	0	0	0	0	0	0	0	0	0
0.0003672114539	1.375702048e-08	2.966609306e-14	0	0	0	0	0	0	0	0	0
0.0003339996063	1.253720827e-08	2.696545017e-14	0	0	0	0	0	0	0	0	0
0.0003208326651	1.138607423e-08	1.761653632e-14	0	0	0	0	0	0	0	0	0
0.0003105482672	1.037333229e-08	2.953024213e-14	0	0	0	0	0	0	0	0	0
0.0002897581268	9.333230115e-09	1.575335229e-14	0	0	0	0	0	0	0	0	0
0.0002547627625	8.037614279e-09	1.138513531e-14	0	0	0	0	0	0	0	0	0
0.0002095919483	6.569340646e-09	1.60712468e-14	0	0	0	0	0	0	0	0	0
0.0001616959444	4.840395214e-09	8.268016727e-15	0	0	0	0	0	0	0	0	0
0.0001180347641	3.22424924e-09	7.105627716e-15	0	0	0	0	0	0	0	0	0
8.366939761e-05	1.826487881e-09	1.395524796e-14	0	0	0	0	0	0	0	0	0
6.742888569e-05	9.043342852e-10	0	0	0	0	0	0	0	0	0	0
8.452167336e-05	3.420146886e-10	0	0	0	0	0	0	0	0	0	0
0.0001286525965	2.131272554e-10	0	0	0	0	0	0	0	0	0	0
0.0001834826525	4.474135666e-10	0	0	0	0	0	0	0	0	0	0
0.0002381780146	6.967346455e-10	0	0	0	0	0	0	0	0	0	0
0.000286088547	8.868643335e-10	0	0	0	0	0	0	0	0	0	0
0.0003252904444	1.026425027e-09	5.440840275e-15	0	0	0	0	0	0	0	0	0
0.0003603805096	1.390696374e-09	1.242206672e-15	0	0	0	0	0	0	0	0	0
0.0004027062927	2.572837982e-09	1.052791077e-14	0	0	0	0	0	0	0	0	0
0.000465911652	4.879010155e-09	2.350518609e-14	0	0	0	0	0	0	0	0	0
0.0005550316481	8.172401947e-09	1.847606802e-14	0	0	0	0	0	0	0	0	0
0.0006596333192	1.188052855e-08	2.266547799e-14	0	0	0	0	0	0	0	0	0
0.000757082794	1.518638631e-08	3.934992531e-14	0	0	0	0	0	0	0	0	0
0.0008211372196	1.696476638e-08	5.051037372e-14	0	0	0	0	0	0	0	0	0
0.0008306723846	1.664757069e-08	4.532785774e-14	0	0	0	0	0	0	0	0	0
0.0007764204113	1.400948872e-08	3.473086967e-14	0	0	0	0	0	0	0	0	0
0.000664616119	1.00923595e-08	2.632687371e-14	0	0	0	0	0	0	0	0	0
0.0005158318058	6.024804028e-09	2.202742902e-14	0	0	0	0	0	0	0	0	0
0.0003605221659	2.737159593e-09	6.366815421e-15	0	0	0	0	0	0	0	0	0
0.0002342838234	7.879291968e-10	0	0	0	0	0	0	0	0	0	0
0.0001732498306	1.594850747e-10	0	0	0	0	0	0	0	0	0	0
0.0001774451709	1.720863043e-10	0	0	0	0	0	0	0	0	0	0
0.000201064237	4.120769585e-10	0	0	0	0	0	0	0	0	0	0
0.0002200634202	6.253866155e-10	0	0	0	0	0	0	0	0	0	0
0.0002320974693	7.285533657e-10	0	0	0	0	0	0	0	0	0	0
0.00023911252	7.701452821e-10	0	0	0	0	0	0	0	0	0	0
0.000242435713	7.863808511e-10	0	0	0	0	0	0	0	0	0	0
0.0002429472693	7.718206746e-10	0	0	0	0	0	0	0	0	0	0
0.0002414364905	7.093851044e-10	0	0	0	0	0	0	0	0	0	0
0.0002380811311	6.031754237e-10	0	0	0	0	0	0	0	0	0	0
0.0002320599385	4.868121243e-10	0	0	0	0	0	0	0	0	0	0
0.0002219695989	3.799473241e-10	0	0	0	0	0	0	0	0	0	0
0.0002068227259	2.971555925e-10	0	0	0	0	0	0	0	0	0	0
0.0001867136388	2.30213697e-10	0	0	0	0	0	0	0	0	0	0
0.000163071196	1.728274417e-10	0	0	0	0	0	0	0	0	0	0
0.0001384304156	1.288951239e-10	0	0	0	0	0	0	0	0	0	0
0.0001163880114	1.111809509e-10	0	0	0	0	0	0	0	0	0	0
0.0001020047423	1.181574944e-10	0	0	0	0	0	0	0	0	0	0
0.0001012171752	1.398405381e-10	0	0	0	0	0	0	0	0	0	0
0.0001161386369	1.691954666e-10	0	0	0	0	0	0	0	0	0	0
0.0001425997571	2.064954024e-10	0	0	0	0	0	0	0	0	0	0
0.0001743944241	2.513288543e-10	0	0	0	0	0	0	0	0	0	0
0.0002060983995	2.982471945e-10	0	0	0	0	0	0	0	0	0	0
0.0002332362961	3.402370963e-10	0	0	0	0	0	0	0	0	0	0
0.0002523125638	3.641155841e-10	0	0	0	0	0	0	0	0	0	0
0.0002610395845	3.617562052e-10	0	0	0	0	0	0	0	0	0	0
0.0002586540732	3.415054383e-10	0	0	0	0	0	0	0	0	0	0
0.000245998365	3.070501919e-10	0	0	0	0	0	0	0	0	0	0
0.0002252027641	2.715748015e-10	0	0	0	0	0	0	0	0	0	0
0.0001990059041	2.304999876e-10	0	0	0	0	0	0	0	0	0	0
0.0001699714441	1.881858448e-10	0	0	0	0	0	0	0	0	0	0
0.0001401196022	1.447364546e-10	0	0	0	0	0	0	0	0	0	0
0.0001115477843	1.043623129e-10	0	0	0	0	0	0	0	0	0	0
8.867296545e-05	6.998937509e-11	0	0	0	0	0	0	0	0	0	0
8.057802841e-05	7.12882956e-11	0	0	0	0	0	0	0	0	0	0
9.399297155e-05	1.837644823e-10	0	0	0	0	0	0	0	0	0	0
0.0001222806016	4.180823327e-10	0	0	0	0	0	0	0	0	0	0
0.000155871003	7.80178741e-10	0	0	0	0	0	0	0	0	0	0
0.0001888722369	1.251167532e-09	5.633590358e-15	0	0	0	0	0	0	0	0	0
0.0002180091312	1.7804545e-09	1.411329142e-14	0	0	0	0	0	0	0	0	0
0.0002412470814	2.295560253e-09	1.410803617e-14	0	0	0	0	0	0	0	0	0
0.0002573288371	2.719421802e-09	9.222615782e-15	0	0	0	0	0	0	0	0	0
0.0002655647745	2.994905381e-09	1.035001388e-14	0	0	0	0	0	0	0	0	0
0.0002657537723	3.080885279e-09	9.8034176e-15	0	0	0	0	0	0	0	0	0
0.0002581261649	2.975236582e-09	1.649492251e-14	0	0	0	0	0	0	0	0	0
0.0002433635024	2.700263655e-09	1.171287435e-14	0	0	0	0	0	0	0	0	0
0.0002225920537	2.299161749e-09	1.057510633e-14	0	0	0	0	0	0	0	0	0
