6.969336378e-08	1.665835297e-12	0	0	0	0	0	0	0	0	0	0
7.803274217e-08	4.033020379e-13	0	0	0	0	0	0	0	0	0	0
3.48012053e-07	3.356073496e-13	0	0	0	0	0	0	0	0	0	0
1.532311951e-06	1.270626828e-12	0	0	0	0	0	0	0	0	0	0
7.074133034e-06	5.423015841e-12	0	0	0	0	0	0	0	0	0	0
3.133005236e-05	2.374067835e-11	0	0	0	0	0	0	0	0	0	0
0.00013203209	1.233368944e-10	0	0	0	0	0	0	0	0	0	0
0.000353737243	7.401569888e-10	0	0	0	0	0	0	0	0	0	0
0.0002567727782	4.384283906e-10	0	0	0	0	0	0	0	0	0	0
0.0002454285201	3.998993616e-10	0	0	0	0	0	0	0	0	0	0
0.0002310422895	3.590578549e-10	0	0	0	0	0	0	0	0	0	0
0.0002151133636	3.199054793e-10	0	0	0	0	0	0	0	0	0	0
0.0001990511166	2.832818574e-10	0	0	0	0	0	0	0	0	0	0
0.0001840294926	2.580052631e-10	0	0	0	0	0	0	0	0	0	0
0.0001708289341	2.402048281e-10	0	0	0	0	0	0	0	0	0	0
0.000159781414	2.316213722e-10	0	0	0	0	0	0	0	0	0	0
0.0001507885162	2.267733212e-10	0	0	0	0	0	0	0	0	0	0
0.0001434780486	2.236615655e-10	0	0	0	0	0	0	0	0	0	0
0.0001373877931	2.195302302e-10	0	0	0	0	0	0	0	0	0	0
0.0001322014835	2.150827783e-10	0	0	0	0	0	0	0	0	0	0
0.0001278678818	2.170060798e-10	0	0	0	0	0	0	0	0	0	0
0.0001247111922	2.336767257e-10	0	0	0	0	0	0	0	0	0	0
0.0001233374199	2.758308997e-10	0	0	0	0	0	0	0	0	0	0
0.000124517383	3.51883742e-10	0	0	0	0	0	0	0	0	0	0
0.0001288400074	4.686526358e-10	0	0	0	0	0	0	0	0	0	0
0.0001363958307	6.28672974e-10	0	0	0	0	0	0	0	0	0	0
0.0001466830882	8.310633419e-10	0	0	0	0	0	0	0	0	0	0
0.0001586025522	1.064281912e-09	3.947214171e-15	0	0	0	0	0	0	0	0	0
0.0001706246519	1.306509232e-09	4.21613605e-15	0	0	0	0	0	0	0	0	0
0.0001810174993	1.523663648e-09	5.777736655e-15	0	0	0	0	0	0	0	0	0
0.0001879871672	1.676432672e-09	5.68191443e-15	0	0	0	0	0	0	0	0	0
0.0001898538262	1.726127514e-09	5.616688913e-15	0	0	0	0	0	0	0	0	0
0.0001852358669	1.651449448e-09	6.961075397e-15	0	0	0	0	0	0	0	0	0
0.0001733306604	1.453010081e-09	5.950913154e-15	0	0	0	0	0	0	0	0	0
0.0001541542763	1.162641152e-09	3.590369707e-15	0	0	0	0	0	0	0	0	0
0.0001287676196	8.33058089e-10	0	0	0	0	0	0	0	0	0	0
9.955533495e-05	5.238007499e-10	0	0	0	0	0	0	0	0	0	0
7.052664858e-05	2.814718383e-10	0	0	0	0	0	0	0	0	0	0
4.813195051e-05	1.24583089e-10	0	0	0	0	0	0	0	0	0	0
4.016709404e-05	4.294368242e-11	0	0	0	0	0	0	0	0	0	0
4.422245639e-05	1.539101809e-11	0	0	0	0	0	0	0	0	0	0
5.049577863e-05	1.793157771e-11	0	0	0	0	0	0	0	0	0	0
5.913064308e-05	4.53679253e-11	0	0	0	0	0	0	0	0	0	0
7.866864319e-05	1.234516345e-10	0	0	0	0	0	0	0	0	0	0
0.0001144354568	2.964699613e-10	0	0	0	0	0	0	0	0	0	0
0.0001644083199	6.251326314e-10	0	0	0	0	0	0	0	0	0	0
0.0002243391873	1.1721673e-09	3.739513406e-15	0	0	0	0	0	0	0	0	0
0.0002901437071	1.979748185e-09	6.717503093e-15	0	0	0	0	0	0	0	0	0
0.0003583014891	3.054070037e-09	7.45582621e-15	0	0	0	0	0	0	0	0	0
0.0004257724411	4.343860418e-09	9.30407138e-15	0	0	0	0	0	0	0	0	0
0.0004899369764	5.746393523e-09	1.11850903e-14	0	0	0	0	0	0	0	0	0
0.0005484904211	7.113129626e-09	1.347039395e-14	0	0	0	0	0	0	0	0	0
0.0005994437049	8.28548782e-09	1.553331234e-14	0	0	0	0	0	0	0	0	0
0.0006410504654	9.102759111e-09	1.682011974e-14	0	0	0	0	0	0	0	0	0
0.0006718642612	9.466987858e-09	1.787539358e-14	0	0	0	0	0	0	0	0	0
0.0006906959458	9.337746158e-09	1.757011042e-14	0	0	0	0	0	0	0	0	0
0.0006967079756	8.747904403e-09	1.685600752e-14	0	0	0	0	0	0	0	0	0
0.0006895552288	7.779382459e-09	1.582637664e-14	0	0	0	0	0	0	0	0	0
0.0006695622418	6.637215674e-09	1.409443434e-14	0	0	0	0	0	0	0	0	0
0.0006379182154	5.414248472e-09	1.347528625e-14	0	0	0	0	0	0	0	0	0
0.0005967579126	4.269170383e-09	9.284273996e-15	0	0	0	0	0	0	0	0	0
0.0005490143729	3.286917869e-09	6.712740388e-15	0	0	0	0	0	0	0	0	0
0.0004980342166	2.482998483e-09	4.581167776e-15	0	0	0	0	0	0	0	0	0
0.000447012511	1.866789041e-09	5.129865405e-15	0	0	0	0	0	0	0	0	0
0.0003983859301	1.389412991e-09	6.408543658e-15	0	0	0	0	0	0	0	0	0
0.0003535016487	1.024054927e-09	4.298324826e-15	0	0	0	0	0	0	0	0	0
0.0003126416499	7.496343108e-10	0	0	0	0	0	0	0	0	0	0
0.000275410074	5.378090139e-10	0	0	0	0	0	0	0	0	0	0
0.0002412689929	3.78020753e-10	0	0	0	0	0	0	0	0	0	0
0.0002099697214	2.606539186e-10	0	0	0	0	0	0	0	0	0	0
0.0001817353602	1.798141426e-10	0	0	0	0	0	0	0	0	0	0
0.0001571492947	1.294530773e-10	0	0	0	0	0	0	0	0	0	0
0.0001368146473	1.051869609e-10	0	0	0	0	0	0	0	0	0	0
0.0001209277038	9.324338859e-11	0	0	0	0	0	0	0	0	0	0
0.0001089943797	8.482996131e-11	0	0	0	0	0	0	0	0	0	0
0.0001000234929	7.480756584e-11	0	0	0	0	0	0	0	0	0	0
9.299768674e-05	6.33759266e-11	0	0	0	0	0	0	0	0	0	0
8.72510429e-05	5.130773934e-11	0	0	0	0	0	0	0	0	0	0
8.239809138e-05	4.042526022e-11	0	0	0	0	0	0	0	0	0	0
7.800741271e-05	3.205697994e-11	0	0	0	0	0	0	0	0	0	0
7.345974573e-05	2.605353443e-11	0	0	0	0	0	0	0	0	0	0
6.820629667e-05	2.163543203e-11	0	0	0	0	0	0	0	0	0	0
6.238839483e-05	2.181991698e-11	0	0	0	0	0	0	0	0	0	0
5.742089215e-05	3.578540592e-11	0	0	0	0	0	0	0	0	0	0
5.589655284e-05	6.861756124e-11	0	0	0	0	0	0	0	0	0	0
5.977237231e-05	1.224417488e-10	0	0	0	0	0	0	0	0	0	0
6.823263862e-05	1.970122278e-10	0	0	0	0	0	0	0	0	0	0
7.862347196e-05	2.874472125e-10	0	0	0	0	0	0	0	0	0	0
8.845716615e-05	3.828847673e-10	0	0	0	0	0	0	0	0	0	0
9.621530061e-05	4.687124354e-10	0	0	0	0	0	0	0	0	0	0
0.0001014356534	5.318672196e-10	0	0	0	0	0	0	0	0	0	0
0.000104404808	5.62893558e-10	0	0	0	0	0	0	0	0	0	0
0.000105953145	5.606946748e-10	0	0	0	0	0	0	0	0	0	0
0.0001071220159	5.295769995e-10	0	0	0	0	0	0	0	0	0	0
0.0001089428459	4.790455975e-10	0	0	0	0	0	0	0	0	0	0
0.0001121364969	4.194178213e-10	0	0	0	0	0	0	0	0	0	0
0.0001170506764	3.611520111e-10	0	0	0	0	0	0	0	0	0	0
0.0001237113414	3.111211748e-10	0	0	0	0	0	0	0	0	0	0
0.0001319061059	2.729526003e-10	0	0	0	0	0	0	0	0	0	0
0.0001412980657	2.485498828e-10	0	0	0	0	0	0	0	0	0	0
0.0001515046879	2.358055664e-10	0	0	0	0	0	0	0	0	0	0
0.0001620788658	2.317530122e-10	0	0	0	0	0	0	0	0	0	0
0.000172535862	2.345552904e-10	0	0	0	0	0	0	0	0	0	0
0.0001824048304	2.41278121e-10	0	0	0	0	0	0	0	0	0	0
0.000191316438	2.520244432e-10	0	0	0	0	0	0	0	0	0	0
0.0001990590393	2.676377851e-10	0	0	0	0	0	0	0	0	0	0
0.0002056226202	2.888602396e-10	0	0	0	0	0	0	0	0	0	0
0.0002112239784	3.173744894e-10	0	0	0	0	0	0	0	0	0	0
0.0002162510001	3.574934545e-10	0	0	0	0	0	0	0	0	0	0
0.0002211729026	4.056438387e-10	0	0	0	0	0	0	0	0	0	0
0.0002264003235	4.636111798e-10	0	0	0	0	0	0	0	0	0	0
0.0002321347243	5.241935973e-10	0	0	0	0	0	0	0	0	0	0
0.0002382398592	5.809643801e-10	0	0	0	0	0	0	0	0	0	0
0.0002442149292	6.255122857e-10	0	0	0	0	0	0	0	0	0	0
0.0002492646815	6.485308337e-10	0	0	0	0	0	0	0	0	0	0
0.0002524540563	6.462181586e-10	0	0	0	0	0	0	0	0	0	0
0.0002528989894	6.152385121e-10	0	0	0	0	0	0	0	0	0	0
0.0002499753463	5.604896955e-10	0	0	0	0	0	0	0	0	0	0
0.0002434326101	4.848095234e-10	0	0	0	0	0	0	0	0	0	0
0.000233497603	4.031479643e-10	0	0	0	0	0	0	0	0	0	0
0.0002208644959	3.276284334e-10	0	0	0	0	0	0	0	0	0	0
0.0002066272752	2.688216284e-10	0	0	0	0	0	0	0	0	0	0
0.000192147179	2.342024006e-10	0	0	0	0	0	0	0	0	0	0
0.0001788184276	2.202775189e-10	0	0	0	0	0	0	0	0	0	0
0.0001677803008	2.22714018e-10	0	0	0	0	0	0	0	0	0	0
0.0001596054831	2.337563642e-10	0	0	0	0	0	0	0	0	0	0
0.0001540826189	2.489899419e-10	0	0	0	0	0	0	0	0	0	0
0.0001502849581	2.59879843e-10	0	0	0	0	0	0	0	0	0	0
0.0001469192611	2.624745319e-10	0	0	0	0	0	0	0	0	0	0
0.0001427539261	2.532049654e-10	0	0	0	0	0	0	0	0	0	0
0.0001370359951	2.316187022e-10	0	0	0	0	0	0	0	0	0	0
0.0001297538673	2.017058055e-10	0	0	0	0	0	0	0	0	0	0
0.0001218921399	1.751647766e-10	0	0	0	0	0	0	0	0	0	0
0.0001155338867	1.749117087e-10	0	0	0	0	0	0	0	0	0	0
0.0001136163325	2.308766979e-10	0	0	0	0	0	0	0	0	0	0
0.00011884856	3.595359917e-10	0	0	0	0	0	0	0	0	0	0
0.0001321385209	5.736875362e-10	0	0	0	0	0	0	0	0	0	0
0.0001522959749	8.891027684e-10	0	0	0	0	0	0	0	0	0	0
0.0001770044752	1.312917788e-09	5.203956006e-15	0	0	0	0	0	0	0	0	0
0.0002037883647	1.833540455e-09	6.20390127e-15	0	0	0	0	0	0	0	0	0
0.0002302409333	2.408249452e-09	1.17674376e-14	0	0	0	0	0	0	0	0	0
0.0002539123606	2.963090731e-09	1.377688706e-14	0	0	0	0	0	0	0	0	0
0.0002722103698	3.394096526e-09	1.061527166e-14	0	0	0	0	0	0	0	0	0
0.0002824363075	3.5951733e-09	1.507633605e-14	0	0	0	0	0	0	0	0	0
0.0002819665448	3.485662353e-09	1.218460897e-14	0	0	0	0	0	0	0	0	0
0.0002686740333	3.04139813e-09	1.282043124e-14	0	0	0	0	0	0	0	0	0
0.0002415978984	2.347139071e-09	1.085110898e-14	0	0	0	0	0	0	0	0	0
0.0002018178782	1.545869294e-09	5.246368756e-15	0	0	0	0	0	0	0	0	0
0.0001534676998	8.291803361e-10	0	0	0	0	0	0	0	0	0	0
0.000105220635	3.335922967e-10	0	0	0	0	0	0	0	0	0	0
7.17611158e-05	8.964570957e-11	0	0	0	0	0	0	0	0	0	0
6.332752303e-05	2.899537343e-11	0	0	0	0	0	0	0	0	0	0
6.331053693e-05	2.776733776e-11	0	0	0	0	0	0	0	0	0	0
6.96128754e-05	5.909924517e-11	0	0	0	0	0	0	0	0	0	0
0.0001246029899	2.98379054e-10	0	0	0	0	0	0	0	0	0	0
0.0002371869958	1.069118955e-09	8.233571509e-15	0	0	0	0	0	0	0	0	0
0.0003913206248	2.809158115e-09	7.402732643e-15	0	0	0	0	0	0	0	0	0
0.0005714034099	5.971703943e-09	1.490996281e-14	0	0	0	0	0	0	0	0	0
0.0007610537533	1.079668702e-08	2.681891426e-14	0	0	0	0	0	0	0	0	0
0.0009436611061	1.716440381e-08	3.820395994e-14	0	0	0	0	0	0	0	0	0
0.00110396556	2.450884306e-08	5.128243287e-14	0	0	0	0	0	0	0	0	0
0.001229644213	3.174092874e-08	6.332697418e-14	0	0	0	0	0	0	0	0	0
0.001312012044	3.758644228e-08	7.155874067e-14	0	0	0	0	0	0	0	0	0
0.001346511836	4.098277942e-08	7.43583714e-14	0	0	0	0	0	0	0	0	0
0.001332552971	4.122496907e-08	7.274239637e-14	0	0	0	0	0	0	0	0	0
0.001273411423	3.831679953e-08	6.637985268e-14	0	0	0	0	0	0	0	0	0
0.001175707031	3.289317148e-08	5.669504506e-14	0	0	0	0	0	0	0	0	0
0.001048895003	2.609108173e-08	4.519073574e-14	0	0	0	0	0	0	0	0	0
0.0009044553167	1.89880423e-08	3.357344272e-14	0	0	0	0	0	0	0	0	0
0.0007549433866	1.262458539e-08	2.290468329e-14	0	0	0	0	0	0	0	0	0
0.000612798243	7.595567721e-09	1.310611657e-14	0	0	0	0	0	0	0	0	0
0.000488897567	4.081660776e-09	6.839012193e-15	0	0	0	0	0	0	0	0	0
0.0003907932617	1.933482191e-09	4.029080515e-15	0	0	0	0	0	0	0	0	0
0.0003207458121	8.600478522e-10	0	0	0	0	0	0	0	0	0	0
0.0002745548127	4.794345738e-10	0	0	0	0	0	0	0	0	0	0
0.0002437659347	3.591136252e-10	0	0	0	0	0	0	0	0	0	0
0.000220429823	2.816576736e-10	0	0	0	0	0	0	0	0	0	0
0.0002001357933	2.205696923e-10	0	0	0	0	0	0	0	0	0	0
0.0001819529488	1.744852798e-10	0	0	0	0	0	0	0	0	0	0
0.0001668445313	1.397009785e-10	0	0	0	0	0	0	0	0	0	0
0.0001559121075	1.155024091e-10	0	0	0	0	0	0	0	0	0	0
0.0001491951395	1.044565753e-10	0	0	0	0	0	0	0	0	0	0
0.0001452867728	1.063784507e-10	0	0	0	0	0	0	0	0	0	0
0.0001420340054	1.135470384e-10	0	0	0	0	0	0	0	0	0	0
0.0001376215337	1.18469241e-10	0	0	0	0	0	0	0	0	0	0
0.0001311971941	1.159776934e-10	0	0	0	0	0	0	0	0	0	0
0.0001229125887	1.059676589e-10	0	0	0	0	0	0	0	0	0	0
0.0001136865574	9.074342156e-11	0	0	0	0	0	0	0	0	0	0
0.0001047831131	7.458319086e-11	0	0	0	0	0	0	0	0	0	0
9.743679594e-05	6.130288687e-11	0	0	0	0	0	0	0	0	0	0
9.253507383e-05	5.387052521e-11	0	0	0	0	0	0	0	0	0	0
9.033996397e-05	5.27733632e-11	0	0	0	0	0	0	0	0	0	0
9.037742284e-05	5.730450204e-11	0	0	0	0	0	0	0	0	0	0
9.157467161e-05	6.809677605e-11	0	0	0	0	0	0	0	0	0	0
9.280509807e-05	8.580568515e-11	0	0	0	0	0	0	0	0	0	0
9.335145387e-05	1.116903622e-10	0	0	0	0	0	0	0	0	0	0
9.317925559e-05	1.459992771e-10	0	0	0	0	0	0	0	0	0	0
9.2903732e-05	1.873928193e-10	0	0	0	0	0	0	0	0	0	0
9.337247274e-05	2.324608419e-10	0	0	0	0	0	0	0	0	0	0
9.522407189e-05	2.745370839e-10	0	0	0	0	0	0	0	0	0	0
9.847737089e-05	3.07355146e-10	0	0	0	0	0	0	0	0	0	0
0.0001026978122	3.238189073e-10	0	0	0	0	0	0	0	0	0	0
0.0001073914448	3.20839127e-10	0	0	0	0	0	0	0	0	0	0
0.0001124033547	2.988978923e-10	0	0	0	0	0	0	0	0	0	0
0.0001180021976	2.628825473e-10	0	0	0	0	0	0	0	0	0	0
0.0001247709263	2.221190044e-10	0	0	0	0	0	0	0	0	0	0
0.0001333150558	1.883985212e-10	0	0	0	0	0	0	0	0	0	0
0.0001440018095	1.758354934e-10	0	0	0	0	0	0	0	0	0	0
0.0001568273855	1.876733147e-10	0	0	0	0	0	0	0	0	0	0
0.000171477092	2.196246493e-10	0	0	0	0	0	0	0	0	0	0
0.0001874634566	2.57064248e-10	0	0	0	0	0	0	0	0	0	0
0.0002042124304	2.958762996e-10	0	0	0	0	0	0	0	0	0	0
0.0002210964605	3.322622887e-10	0	0	0	0	0	0	0	0	0	0
0.0002374416165	3.627194483e-10	0	0	0	0	0	0	0	0	0	0
0.0002525137382	3.864422619e-10	0	0	0	0	0	0	0	0	0	0
0.0002655838147	4.014852249e-10	0	0	0	0	0	0	0	0	0	0
0.0002760220031	4.118676319e-10	0	0	0	0	0	0	0	0	0	0
0.0002834136478	4.178917001e-10	0	0	0	0	0	0	0	0	0	0
0.00028765582	4.241940067e-10	0	0	0	0	0	0	0	0	0	0
0.0002890176878	4.374007168e-10	0	0	0	0	0	0	0	0	0	0
0.0002881081646	4.64892532e-10	0	0	0	0	0	0	0	0	0	0
0.0002857866523	5.140894648e-10	0	0	0	0	0	0	0	0	0	0
0.0002829778055	5.959427098e-10	0	0	0	0	0	0	0	0	0	0
0.0002804264138	7.132199914e-10	0	0	0	0	0	0	0	0	0	0
0.0002784500094	8.528496913e-10	0	0	0	0	0	0	0	0	0	0
0.0002767825759	9.983398417e-10	0	0	0	0	0	0	0	0	0	0
0.0002745914901	1.117688793e-09	4.24583196e-15	0	0	0	0	0	0	0	0	0
0.000270705008	1.184266918e-09	4.637241358e-15	0	0	0	0	0	0	0	0	0
0.0002639298902	1.179322598e-09	5.357244092e-15	0	0	0	0	0	0	0	0	0
0.0002533992321	1.09796273e-09	3.69005628e-15	0	0	0	0	0	0	0	0	0
0.000238881216	9.465699004e-10	0	0	0	0	0	0	0	0	0	0
0.0002209449302	7.519795779e-10	0	0	0	0	0	0	0	0	0	0
0.0002010190707	5.494052575e-10	0	0	0	0	0	0	0	0	0	0
0.000181350418	3.72130256e-10	0	0	0	0	0	0	0	0	0	0
0.0001647285225	2.429130876e-10	0	0	0	0	0	0	0	0	0	0
0.0001539813358	1.796866897e-10	0	0	0	0	0	0	0	0	0	0
0.0001508977816	1.803658118e-10	0	0	0	0	0	0	0	0	0	0
0.0001552259819	2.219760735e-10	0	0	0	0	0	0	0	0	0	0
0.0001645530416	2.808634791e-10	0	0	0	0	0	0	0	0	0	0
0.0001753125934	3.412429778e-10	0	0	0	0	0	0	0	0	0	0
0.0001838032071	3.837642158e-10	0	0	0	0	0	0	0	0	0	0
0.0001868838372	3.965834603e-10	0	0	0	0	0	0	0	0	0	0
0.0001824840451	3.74473465e-10	0	0	0	0	0	0	0	0	0	0
0.0001700006618	3.186233612e-10	0	0	0	0	0	0	0	0	0	0
0.0001506440354	2.408957453e-10	0	0	0	0	0	0	0	0	0	0
0.0001277738711	1.595946298e-10	0	0	0	0	0	0	0	0	0	0
0.0001076683529	1.042970618e-10	0	0	0	0	0	0	0	0	0	0
9.995196115e-05	1.510282263e-10	0	0	0	0	0	0	0	0	0	0
0.000112507551	3.419268777e-10	0	0	0	0	0	0	0	0	0	0
0.000143343485	7.15678139e-10	0	0	0	0	0	0	0	0	0	0
0.0001858189119	1.339971409e-09	1.187549914e-14	0	0	0	0	0	0	0	0	0
0.0002346979296	2.25001954e-09	9.447066333e-15	0	0	0	0	0	0	0	0	0
0.0002855978932	3.399347476e-09	1.246727169e-14	0	0	0	0	0	0	0	0	0
0.0003337011326	4.618162813e-09	1.464988355e-14	0	0	0	0	0	0	0	0	0
0.0003733010699	5.608148859e-09	1.978766787e-14	0	0	0	0	0	0	0	0	0
0.0003981823605	6.069313885e-09	2.049993882e-14	0	0	0	0	0	0	0	0	0
0.0004023915281	5.745673978e-09	1.757229776e-14	0	0	0	0	0	0	0	0	0
0.0003816025848	4.646592269e-09	1.319800594e-14	0	0	0	0	0	0	0	0	0
0.000334953592	3.091995735e-09	9.705150173e-15	0	0	0	0	0	0	0	0	0
0.0002675042691	1.566896032e-09	4.16219186e-15	0	0	0	0	0	0	0	0	0
0.0001931431705	5.363965142e-10	0	0	0	0	0	0	0	0	0	0
0.0001368556724	1.581473519e-10	0	0	0	0	0	0	0	0	0	0
0.0001178518391	1.026242202e-10	0	0	0	0	0	0	0	0	0	0
0.0001124681015	8.833935243e-11	0	0	0	0	0	0	0	0	0	0
0.0001169938904	1.381587468e-10	0	0	0	0	0	0	0	0	0	0
0.0002146504764	5.744411971e-10	0	0	0	0	0	0	0	0	0	0
0.0004186169249	2.461177988e-09	8.253347973e-15	0	0	0	0	0	0	0	0	0
0.0006928526589	7.00705558e-09	2.166340931e-14	0	0	0	0	0	0	0	0	0
0.001004493521	1.533954501e-08	4.244902821e-14	0	0	0	0	0	0	0	0	0
0.001319730552	2.801387619e-08	7.203789256e-14	0	0	0	0	0	0	0	0	0
0.001606090444	4.430271175e-08	1.031754299e-13	0	0	0	0	0	0	0	0	0
0.001835814278	6.205368644e-08	1.319403947e-13	0	0	0	0	0	0	0	0	0
0.001988937748	7.787338986e-08	1.538259702e-13	0	0	0	0	0	0	0	0	0
0.002054209999	8.851119654e-08	1.640129658e-13	0	0	0	0	0	0	0	0	0
0.002029407795	9.139532587e-08	1.606364455e-13	0	0	0	0	0	0	0	0	0
0.001920614699	8.59992374e-08	1.458863011e-13	0	0	0	0	0	0	0	0	0
0.001741029002	7.391785374e-08	1.236247675e-13	0	0	0	0	0	0	0	0	0
0.001509525086	5.793963737e-08	9.53984757e-14	0	0	0	0	0	0	0	0	0
0.001248835217	4.132647642e-08	6.784145998e-14	0	0	0	0	0	0	0	0	0
0.0009834994724	2.661358562e-08	4.297445306e-14	0	0	0	0	0	0	0	0	0
0.0007375837819	1.530374829e-08	2.472044841e-14	0	0	0	0	0	0	0	0	0
0.0005323852664	7.713160509e-09	1.24478081e-14	0	0	0	0	0	0	0	0	0
0.0003834017599	3.292825888e-09	6.431505524e-15	0	0	0	0	0	0	0	0	0
0.0002942333648	1.156042983e-09	3.958072106e-15	0	0	0	0	0	0	0	0	0
0.0002496939979	4.175552617e-10	0	0	0	0	0	0	0	0	0	0
0.000224346006	2.968218955e-10	0	0	0	0	0	0	0	0	0	0
0.0002016576751	2.489052456e-10	0	0	0	0	0	0	0	0	0	0
0.0001776664579	2.064219797e-10	0	0	0	0	0	0	0	0	0	0
0.0001550063186	1.772176215e-10	0	0	0	0	0	0	0	0	0	0
0.0001379619838	1.532428413e-10	0	0	0	0	0	0	0	0	0	0
0.0001299229747	1.433685017e-10	0	0	0	0	0	0	0	0	0	0
0.0001314137499	1.581394462e-10	0	0	0	0	0	0	0	0	0	0
0.0001393847146	1.877710853e-10	0	0	0	0	0	0	0	0	0	0
0.00014915101	2.183569699e-10	0	0	0	0	0	0	0	0	0	0
0.0001567460178	2.354634902e-10	0	0	0	0	0	0	0	0	0	0
0.0001601550856	2.393222403e-10	0	0	0	0	0	0	0	0	0	0
0.0001592445785	2.299541989e-10	0	0	0	0	0	0	0	0	0	0
0.000155224727	2.077999965e-10	0	0	0	0	0	0	0	0	0	0
0.000149727746	1.840584315e-10	0	0	0	0	0	0	0	0	0	0
0.0001439033155	1.644944497e-10	0	0	0	0	0	0	0	0	0	0
0.0001382822849	1.565251863e-10	0	0	0	0	0	0	0	0	0	0
0.0001332716035	1.596904694e-10	0	0	0	0	0	0	0	0	0	0
0.0001297909885	1.691937176e-10	0	0	0	0	0	0	0	0	0	0
0.0001291125623	1.885468004e-10	0	0	0	0	0	0	0	0	0	0
0.0001318931283	2.211341362e-10	0	0	0	0	0	0	0	0	0	0
0.000137412838	2.723155182e-10	0	0	0	0	0	0	0	0	0	0
0.0001440409199	3.449515704e-10	0	0	0	0	0	0	0	0	0	0
0.0001503354911	4.373829735e-10	0	0	0	0	0	0	0	0	0	0
0.0001559426901	5.431388439e-10	0	0	0	0	0	0	0	0	0	0
0.0001614488949	6.528588334e-10	0	0	0	0	0	0	0	0	0	0
0.0001677815733	7.493864807e-10	0	0	0	0	0	0	0	0	0	0
0.0001752907743	8.14665505e-10	0	0	0	0	0	0	0	0	0	0
0.0001834440598	8.297545244e-10	0	0	0	0	0	0	0	0	0	0
0.0001910476081	7.877946957e-10	0	0	0	0	0	0	0	0	0	0
0.0001969154312	6.945622825e-10	0	0	0	0	0	0	0	0	0	0
0.0002004551482	5.629089077e-10	0	0	0	0	0	0	0	0	0	0
0.0002020302839	4.245708417e-10	0	0	0	0	0	0	0	0	0	0
0.0002028830528	3.103443067e-10	0	0	0	0	0	0	0	0	0	0
0.0002048081691	2.58809237e-10	0	0	0	0	0	0	0	0	0	0
0.0002095227491	2.775738684e-10	0	0	0	0	0	0	0	0	0	0
0.0002180872575	3.331624557e-10	0	0	0	0	0	0	0	0	0	0
0.0002306157379	3.993626188e-10	0	0	0	0	0	0	0	0	0	0
0.0002463208327	4.646145117e-10	0	0	0	0	0	0	0	0	0	0
0.0002638686424	5.24692942e-10	0	0	0	0	0	0	0	0	0	0
0.000281642591	5.726339278e-10	0	0	0	0	0	0	0	0	0	0
0.0002980043494	6.064388264e-10	0	0	0	0	0	0	0	0	0	0
0.0003114833103	6.212699945e-10	0	0	0	0	0	0	0	0	0	0
0.0003209787825	6.179832011e-10	0	0	0	0	0	0	0	0	0	0
0.0003259205368	6.025298769e-10	0	0	0	0	0	0	0	0	0	0
0.0003263542629	5.77449791e-10	0	0	0	0	0	0	0	0	0	0
0.0003229599783	5.522451319e-10	0	0	0	0	0	0	0	0	0	0
0.0003170138622	5.378419891e-10	0	0	0	0	0	0	0	0	0	0
0.0003102652942	5.469546787e-10	0	0	0	0	0	0	0	0	0	0
0.0003046071929	6.137727212e-10	0	0	0	0	0	0	0	0	0	0
0.0003015054163	7.848568278e-10	0	0	0	0	0	0	0	0	0	0
0.0003013304797	1.074572986e-09	3.264016754e-15	0	0	0	0	0	0	0	0	0
0.0003029239643	1.447242974e-09	4.098893918e-15	0	0	0	0	0	0	0	0	0
0.0003037965034	1.828039674e-09	5.422486696e-15	0	0	0	0	0	0	0	0	0
0.0003008353162	2.124310112e-09	6.829235896e-15	0	0	0	0	0	0	0	0	0
0.0002912540901	2.254239763e-09	8.047825316e-15	0	0	0	0	0	0	0	0	0
0.0002733133816	2.172823341e-09	5.544928473e-15	0	0	0	0	0	0	0	0	0
0.0002468712917	1.891057586e-09	5.745332001e-15	0	0	0	0	0	0	0	0	0
0.0002135615385	1.474451694e-09	4.745964447e-15	0	0	0	0	0	0	0	0	0
0.0001767651954	1.01748864e-09	3.077933194e-15	0	0	0	0	0	0	0	0	0
0.0001415593442	6.119698734e-10	0	0	0	0	0	0	0	0	0	0
0.0001147097106	3.191022255e-10	0	0	0	0	0	0	0	0	0	0
0.0001039027576	1.566620642e-10	0	0	0	0	0	0	0	0	0	0
0.0001122425357	1.250020115e-10	0	0	0	0	0	0	0	0	0	0
0.0001344815427	1.835194104e-10	0	0	0	0	0	0	0	0	0	0
0.0001626389449	2.684427639e-10	0	0	0	0	0	0	0	0	0	0
0.0001896510249	3.447495649e-10	0	0	0	0	0	0	0	0	0	0
0.0002091163761	3.858976667e-10	0	0	0	0	0	0	0	0	0	0
0.0002157933174	3.737760253e-10	0	0	0	0	0	0	0	0	0	0
0.0002069548493	3.160826428e-10	0	0	0	0	0	0	0	0	0	0
0.000183681695	2.26667538e-10	0	0	0	0	0	0	0	0	0	0
0.0001512108137	1.366430686e-10	0	0	0	0	0	0	0	0	0	0
0.0001180745335	6.784787506e-11	0	0	0	0	0	0	0	0	0	0
9.387736696e-05	4.373794707e-11	0	0	0	0	0	0	0	0	0	0
8.577759132e-05	7.531517393e-11	0	0	0	0	0	0	0	0	0	0
9.623145084e-05	1.875574359e-10	0	0	0	0	0	0	0	0	0	0
0.0001250644937	4.575702963e-10	0	0	0	0	0	0	0	0	0	0
0.0001697069248	9.583605237e-10	0	0	0	0	0	0	0	0	0	0
0.0002237064694	1.675184936e-09	5.392715915e-15	0	0	0	0	0	0	0	0	0
0.0002780397995	2.434537345e-09	1.027028533e-14	0	0	0	0	0	0	0	0	0
0.0003230536555	2.950049152e-09	8.355639663e-15	0	0	0	0	0	0	0	0	0
0.0003503231864	2.950022337e-09	1.016344113e-14	0	0	0	0	0	0	0	0	0
0.0003543583309	2.367652843e-09	7.702168969e-15	0	0	0	0	0	0	0	0	0
0.0003345373598	1.441113489e-09	4.68443735e-15	0	0	0	0	0	0	0	0	0
0.0002969694404	6.534383981e-10	0	0	0	0	0	0	0	0	0	0
0.0002551067557	3.928710918e-10	0	0	0	0	0	0	0	0	0	0
0.0002244787185	3.150534329e-10	0	0	0	0	0	0	0	0	0	0
0.0002079640166	3.281978051e-10	0	0	0	0	0	0	0	0	0	0
0.0001922077656	3.165372501e-10	0	0	0	0	0	0	0	0	0	0
0.0001824866901	3.075707039e-10	0	0	0	0	0	0	0	0	0	0
0.0002455115886	5.214058065e-10	0	0	0	0	0	0	0	0	0	0
0.0004198578877	1.880950967e-09	7.584118183e-15	0	0	0	0	0	0	0	0	0
0.0006711921097	5.954713001e-09	1.977108199e-14	0	0	0	0	0	0	0	0	0
0.0009622721984	1.360459904e-08	3.915501029e-14	0	0	0	0	0	0	0	0	0
0.001259628947	2.507266453e-08	6.552928352e-14	0	0	0	0	0	0	0	0	0
0.001532269113	3.946665912e-08	9.289081581e-14	0	0	0	0	0	0	0	0	0
0.001754042251	5.477191952e-08	1.200206561e-13	0	0	0	0	0	0	0	0	0
0.001905611683	6.802808163e-08	1.39650292e-13	0	0	0	0	0	0	0	0	0
0.001975450882	7.643246115e-08	1.489224068e-13	0	0	0	0	0	0	0	0	0
0.001959941523	7.810914151e-08	1.482923951e-13	0	0	0	0	0	0	0	0	0
0.001862757001	7.273194691e-08	1.347451183e-13	0	0	0	0	0	0	0	0	0
0.001694162447	6.196031675e-08	1.144513587e-13	0	0	0	0	0	0	0	0	0
0.001470004412	4.809623602e-08	8.863594261e-14	0	0	0	0	0	0	0	0	0
0.001210852938	3.39465722e-08	6.348514169e-14	0	0	0	0	0	0	0	0	0
0.0009407794645	2.163322696e-08	4.012107487e-14	0	0	0	0	0	0	0	0	0
0.000685613756	1.228491366e-08	2.54310312e-14	0	0	0	0	0	0	0	0	0
0.0004712663558	6.10614949e-09	1.158606241e-14	0	0	0	0	0	0	0	0	0
0.000320918234	2.609223369e-09	7.079314578e-15	0	0	0	0	0	0	0	0	0
0.0002445387109	9.618064475e-10	0	0	0	0	0	0	0	0	0	0
0.0002186325915	4.024324198e-10	0	0	0	0	0	0	0	0	0	0
0.0002045211486	2.850601018e-10	0	0	0	0	0	0	0	0	0	0
0.0001854657881	2.421785417e-10	0	0	0	0	0	0	0	0	0	0
0.0001637051302	2.284553659e-10	0	0	0	0	0	0	0	0	0	0
0.0001462178651	2.851190408e-10	0	0	0	0	0	0	0	0	0	0
0.0001358006441	4.154186972e-10	0	0	0	0	0	0	0	0	0	0
0.0001300277683	5.53757612e-10	0	0	0	0	0	0	0	0	0	0
0.0001258718276	6.427964945e-10	0	0	0	0	0	0	0	0	0	0
0.000122903162	6.564281004e-10	0	0	0	0	0	0	0	0	0	0
0.0001223247876	6.054352012e-10	0	0	0	0	0	0	0	0	0	0
0.0001243650877	5.153443123e-10	0	0	0	0	0	0	0	0	0	0
0.0001275380233	4.145621594e-10	0	0	0	0	0	0	0	0	0	0
0.0001307037268	3.204420339e-10	0	0	0	0	0	0	0	0	0	0
0.0001340668011	2.451962099e-10	0	0	0	0	0	0	0	0	0	0
0.0001389957779	1.948493999e-10	0	0	0	0	0	0	0	0	0	0
0.0001461274034	1.79433475e-10	0	0	0	0	0	0	0	0	0	0
0.0001541593004	2.00046251e-10	0	0	0	0	0	0	0	0	0	0
0.0001605204414	2.361526399e-10	0	0	0	0	0	0	0	0	0	0
0.0001631047675	2.649137433e-10	0	0	0	0	0	0	0	0	0	0
0.0001615627737	2.784583441e-10	0	0	0	0	0	0	0	0	0	0
0.0001576091047	2.841944964e-10	0	0	0	0	0	0	0	0	0	0
0.0001543625748	3.049860283e-10	0	0	0	0	0	0	0	0	0	0
0.0001547550189	3.729340515e-10	0	0	0	0	0	0	0	0	0	0
0.0001601289559	5.027522183e-10	0	0	0	0	0	0	0	0	0	0
0.0001699727872	6.989591781e-10	0	0	0	0	0	0	0	0	0	0
0.000182952369	9.576965631e-10	0	0	0	0	0	0	0	0	0	0
0.0001980189532	1.264157302e-09	4.033209872e-15	0	0	0	0	0	0	0	0	0
0.0002144000854	1.584567107e-09	5.899067453e-15	0	0	0	0	0	0	0	0	0
0.0002311458896	1.867927078e-09	6.391126804e-15	0	0	0	0	0	0	0	0	0
0.0002467605059	2.061054957e-09	5.230234725e-15	0	0	0	0	0	0	0	0	0
0.0002593235425	2.11823453e-09	5.53607447e-15	0	0	0	0	0	0	0	0	0
0.0002669293259	2.021153356e-09	6.595815953e-15	0	0	0	0	0	0	0	0	0
0.0002682422563	1.776884826e-09	4.369222804e-15	0	0	0	0	0	0	0	0	0
0.0002629889841	1.432913186e-09	6.672133932e-15	0	0	0	0	0	0	0	0	0
0.0002522169894	1.053892738e-09	6.845877112e-15	0	0	0	0	0	0	0	0	0
0.0002382829222	7.08002096e-10	0	0	0	0	0	0	0	0	0	0
0.0002245369458	4.53263986e-10	0	0	0	0	0	0	0	0	0	0
0.0002145983353	3.25347665e-10	0	0	0	0	0	0	0	0	0	0
0.0002113276165	3.027201904e-10	0	0	0	0	0	0	0	0	0	0
0.0002157638415	3.372497045e-10	0	0	0	0	0	0	0	0	0	0
0.0002268451757	4.033121077e-10	0	0	0	0	0	0	0	0	0	0
0.0002419620446	4.83627208e-10	0	0	0	0	0	0	0	0	0	0
0.0002578160147	5.565448199e-10	0	0	0	0	0	0	0	0	0	0
0.0002711432491	6.053812976e-10	0	0	0	0	0	0	0	0	0	0
0.0002793308551	6.15531149e-10	0	0	0	0	0	0	0	0	0	0
0.0002809091702	5.8569484e-10	0	0	0	0	0	0	0	0	0	0
0.0002758225969	5.193600999e-10	0	0	0	0	0	0	0	0	0	0
0.0002653864771	4.322146484e-10	0	0	0	0	0	0	0	0	0	0
0.0002519957916	3.464113259e-10	0	0	0	0	0	0	0	0	0	0
0.0002387742849	2.875816535e-10	0	0	0	0	0	0	0	0	0	0
0.0002291394872	2.877077823e-10	0	0	0	0	0	0	0	0	0	0
0.000226306569	3.865669606e-10	0	0	0	0	0	0	0	0	0	0
0.000232119581	6.545866195e-10	0	0	0	0	0	0	0	0	0	0
0.0002457770907	1.123934174e-09	2.704852583e-15	0	0	0	0	0	0	0	0	0
0.0002637380819	1.762428431e-09	6.003163646e-15	0	0	0	0	0	0	0	0	0
0.0002808260279	2.467200503e-09	1.02829173e-14	0	0	0	0	0	0	0	0	0
0.0002918108014	3.095505638e-09	8.617116823e-15	0	0	0	0	0	0	0	0	0
0.000292552432	3.490173097e-09	1.005142557e-14	0	0	0	0	0	0	0	0	0
0.000280703575	3.536706968e-09	1.021958794e-14	0	0	0	0	0	0	0	0	0
0.0002560865446	3.212466236e-09	9.637417521e-15	0	0	0	0	0	0	0	0	0
0.0002207052166	2.597418192e-09	9.375561831e-15	0	0	0	0	0	0	0	0	0
0.0001785013396	1.849158321e-09	5.514623868e-15	0	0	0	0	0	0	0	0	0
0.0001349468365	1.142191953e-09	3.945621499e-15	0	0	0	0	0	0	0	0	0
9.729223319e-05	6.044224653e-10	0	0	0	0	0	0	0	0	0	0
7.623858263e-05	2.765156565e-10	0	0	0	0	0	0	0	0	0	0
8.148606024e-05	1.370247689e-10	0	0	0	0	0	0	0	0	0	0
0.0001062779853	1.488354469e-10	0	0	0	0	0	0	0	0	0	0
0.0001379551139	2.169919509e-10	0	0	0	0	0	0	0	0	0	0
0.0001679375057	2.81073114e-10	0	0	0	0	0	0	0	0	0	0
0.0001890494663	3.132968581e-10	0	0	0	0	0	0	0	0	0	0
0.0001953098195	3.044158755e-10	0	0	0	0	0	0	0	0	0	0
0.0001840169517	2.544218637e-10	0	0	0	0	0	0	0	0	0	0
0.0001580048076	1.785097591e-10	0	0	0	0	0	0	0	0	0	0
0.0001268077004	1.046801087e-10	0	0	0	0	0	0	0	0	0	0
0.0001043612401	6.871121781e-11	0	0	0	0	0	0	0	0	0	0
9.754212213e-05	7.338261532e-11	0	0	0	0	0	0	0	0	0	0
9.699277307e-05	8.406561863e-11	0	0	0	0	0	0	0	0	0	0
9.376420816e-05	9.862178078e-11	0	0	0	0	0	0	0	0	0	0
9.434491498e-05	1.469966719e-10	0	0	0	0	0	0	0	0	0	0
0.0001130799844	2.635341665e-10	0	0	0	0	0	0	0	0	0	0
0.0001487652254	4.162591628e-10	0	0	0	0	0	0	0	0	0	0
0.0001879502021	5.132143223e-10	0	0	0	0	0	0	0	0	0	0
0.0002204630509	4.825332453e-10	0	0	0	0	0	0	0	0	0	0
0.0002430073038	3.642285611e-10	0	0	0	0	0	0	0	0	0	0
0.0002581665367	3.196963126e-10	0	0	0	0	0	0	0	0	0	0
0.0002707868148	3.340325462e-10	0	0	0	0	0	0	0	0	0	0
0.0002825808768	3.695498973e-10	0	0	0	0	0	0	0	0	0	0
0.0002895358966	4.74116644e-10	0	0	0	0	0	0	0	0	0	0
0.0002863896065	5.390924146e-10	0	0	0	0	0	0	0	0	0	0
0.0002773547711	5.581538057e-10	0	0	0	0	0	0	0	0	0	0
0.0002880541396	6.585166936e-10	0	0	0	0	0	0	0	0	0	0
0.0003549478049	9.303062353e-10	0	0	0	0	0	0	0	0	0	0
0.0004831246627	2.263162769e-09	8.300122287e-15	0	0	0	0	0	0	0	0	0
0.0006480747249	5.258870972e-09	1.645052907e-14	0	0	0	0	0	0	0	0	0
0.0008230213791	9.854833183e-09	2.723359838e-14	0	0	0	0	0	0	0	0	0
0.0009868265535	1.559213717e-08	3.91952396e-14	0	0	0	0	0	0	0	0	0
0.001123880829	2.174634053e-08	4.96436191e-14	0	0	0	0	0	0	0	0	0
0.001223885733	2.725458244e-08	5.797866571e-14	0	0	0	0	0	0	0	0	0
0.001280926455	3.12020769e-08	6.183770776e-14	0	0	0	0	0	0	0	0	0
0.001292748218	3.278896208e-08	6.376649903e-14	0	0	0	0	0	0	0	0	0
0.001260158738	3.183132332e-08	6.142139206e-14	0	0	0	0	0	0	0	0	0
0.001186539383	2.862627108e-08	5.589151098e-14	0	0	0	0	0	0	0	0	0
0.001077490336	2.3805834e-08	4.725176141e-14	0	0	0	0	0	0	0	0	0
0.0009405335854	1.824502117e-08	3.732999305e-14	0	0	0	0	0	0	0	0	0
0.0007849223912	1.278894521e-08	2.70503282e-14	0	0	0	0	0	0	0	0	0
0.0006218270126	8.090607483e-09	1.703329628e-14	0	0	0	0	0	0	0	0	0
0.0004648053516	4.553711376e-09	9.769816201e-15	0	0	0	0	0	0	0	0	0
0.0003308268975	2.186539271e-09	5.586073425e-15	0	0	0	0	0	0	0	0	0
0.0002401060829	8.733313519e-10	0	0	0	0	0	0	0	0	0	0
0.000203886068	3.190378358e-10	0	0	0	0	0	0	0	0	0	0
0.0002011491721	2.081949597e-10	0	0	0	0	0	0	0	0	0	0
0.0001997157943	1.997060525e-10	0	0	0	0	0	0	0	0	0	0
0.0001871706664	1.866357762e-10	0	0	0	0	0	0	0	0	0	0
0.0001678453645	1.799638023e-10	0	0	0	0	0	0	0	0	0	0
0.0001525958276	2.587904633e-10	0	0	0	0	0	0	0	0	0	0
0.000148156677	4.757915589e-10	0	0	0	0	0	0	0	0	0	0
0.0001506060121	7.407635042e-10	0	0	0	0	0	0	0	0	0	0
0.0001512288584	9.420140491e-10	0	0	0	0	0	0	0	0	0	0
0.0001449103393	1.008176895e-09	3.269709877e-15	0	0	0	0	0	0	0	0	0
0.0001320760161	9.313317004e-10	0	0	0	0	0	0	0	0	0	0
0.0001167591398	7.557173192e-10	0	0	0	0	0	0	0	0	0	0
0.0001033744983	5.463317814e-10	0	0	0	0	0	0	0	0	0	0
9.42184502e-05	3.546030213e-10	0	0	0	0	0	0	0	0	0	0
8.96499578e-05	2.069824094e-10	0	0	0	0	0	0	0	0	0	0
9.092312305e-05	1.106483064e-10	0	0	0	0	0	0	0	0	0	0
0.0001004326977	7.777277615e-11	0	0	0	0	0	0	0	0	0	0
0.0001176962247	1.232794286e-10	0	0	0	0	0	0	0	0	0	0
0.0001380363592	2.063881801e-10	0	0	0	0	0	0	0	0	0	0
0.0001556377865	2.958964543e-10	0	0	0	0	0	0	0	0	0	0
0.000166212488	3.665195569e-10	0	0	0	0	0	0	0	0	0	0
0.0001680218101	4.015467735e-10	0	0	0	0	0	0	0	0	0	0
0.0001620725778	3.90121743e-10	0	0	0	0	0	0	0	0	0	0
0.0001516531874	3.419249364e-10	0	0	0	0	0	0	0	0	0	0
0.0001418011157	2.809114827e-10	0	0	0	0	0	0	0	0	0	0
0.0001379077249	2.572052709e-10	0	0	0	0	0	0	0	0	0	0
0.0001437481811	3.403592721e-10	0	0	0	0	0	0	0	0	0	0
0.0001598447063	5.616837616e-10	0	0	0	0	0	0	0	0	0	0
0.0001841826175	9.238315259e-10	0	0	0	0	0	0	0	0	0	0
0.0002137924171	1.417890768e-09	1.00540203e-14	0	0	0	0	0	0	0	0	0
0.0002454674463	1.991681847e-09	4.718013949e-15	0	0	0	0	0	0	0	0	0
0.000275838125	2.558534202e-09	7.337503264e-15	0	0	0	0	0	0	0	0	0
0.0003014688489	3.006037846e-09	8.108611191e-15	0	0	0	0	0	0	0	0	0
0.0003192454626	3.234698898e-09	8.573110215e-15	0	0	0	0	0	0	0	0	0
0.0003268545152	3.194188147e-09	8.560678169e-15	0	0	0	0	0	0	0	0	0
0.0003232598956	2.886683554e-09	7.499960315e-15	0	0	0	0	0	0	0	0	0
0.0003090353641	2.379821942e-09	7.764734768e-15	0	0	0	0	0	0	0	0	0
0.0002864459612	1.782793666e-09	4.298101199e-15	0	0	0	0	0	0	0	0	0
0.0002592797678	1.205158507e-09	7.644664338e-15	0	0	0	0	0	0	0	0	0
0.0002323882673	7.435031551e-10	0	0	0	0	0	0	0	0	0	0
0.0002109552713	4.435654837e-10	0	0	0	0	0	0	0	0	0	0
0.0001992210491	3.120248162e-10	0	0	0	0	0	0	0	0	0	0
0.0001988484753	3.283754825e-10	0	0	0	0	0	0	0	0	0	0
0.000208005578	4.36671262e-10	0	0	0	0	0	0	0	0	0	0
0.000222250458	5.770592283e-10	0	0	0	0	0	0	0	0	0	0
0.0002362986564	7.084444702e-10	0	0	0	0	0	0	0	0	0	0
0.0002453937871	7.964671866e-10	0	0	0	0	0	0	0	0	0	0
0.0002462288381	8.194880969e-10	0	0	0	0	0	0	0	0	0	0
0.0002375963289	7.723419083e-10	0	0	0	0	0	0	0	0	0	0
0.0002206669619	6.62380277e-10	0	0	0	0	0	0	0	0	0	0
0.0001988267771	5.092100896e-10	0	0	0	0	0	0	0	0	0	0
0.000177146057	3.453586553e-10	0	0	0	0	0	0	0	0	0	0
0.0001615639978	2.134538846e-10	0	0	0	0	0	0	0	0	0	0
0.0001575092542	1.997897686e-10	0	0	0	0	0	0	0	0	0	0
0.0001675675155	4.026140648e-10	0	0	0	0	0	0	0	0	0	0
0.0001900271469	8.623961624e-10	0	0	0	0	0	0	0	0	0	0
0.0002202585182	1.609913733e-09	4.186479347e-15	0	0	0	0	0	0	0	0	0
0.0002528225993	2.610987415e-09	8.480229976e-15	0	0	0	0	0	0	0	0	0
0.0002825168327	3.734306502e-09	1.315445228e-14	0	0	0	0	0	0	0	0	0
0.0003048732207	4.768648862e-09	1.577631865e-14	0	0	0	0	0	0	0	0	0
0.0003165383858	5.482269502e-09	1.843079611e-14	0	0	0	0	0	0	0	0	0
0.0003154357881	5.690215455e-09	1.7279237e-14	0	0	0	0	0	0	0	0	0
0.0003008691492	5.326006741e-09	1.757651051e-14	0	0	0	0	0	0	0	0	0
0.0002735574927	4.472266045e-09	1.538535569e-14	0	0	0	0	0	0	0	0	0
0.0002357277938	3.343299312e-09	1.154448455e-14	0	0	0	0	0	0	0	0	0
0.0001915507876	2.205552592e-09	8.03170964e-15	0	0	0	0	0	0	0	0	0
0.0001480335351	1.271269426e-09	9.864669562e-15	0	0	0	0	0	0	0	0	0
0.0001162333152	6.432915774e-10	0	0	0	0	0	0	0	0	0	0
0.0001079446644	3.065970531e-10	0	0	0	0	0	0	0	0	0	0
0.0001204798866	1.949773034e-10	0	0	0	0	0	0	0	0	0	0
0.0001386241505	2.002294499e-10	0	0	0	0	0	0	0	0	0	0
0.0001514916922	2.178855188e-10	0	0	0	0	0	0	0	0	0	0
0.0001545528463	2.19134484e-10	0	0	0	0	0	0	0	0	0	0
0.0001473265845	2.075384929e-10	0	0	0	0	0	0	0	0	0	0
0.0001328473045	1.864891692e-10	0	0	0	0	0	0	0	0	0	0
0.0001179637878	1.588822641e-10	0	0	0	0	0	0	0	0	0	0
0.0001105830687	1.35704961e-10	0	0	0	0	0	0	0	0	0	0
0.000112209183	1.275124097e-10	0	0	0	0	0	0	0	0	0	0
0.0001165284415	1.279208445e-10	0	0	0	0	0	0	0	0	0	0
0.0001188076601	1.261463324e-10	0	0	0	0	0	0	0	0	0	0
0.0001218349288	1.208140567e-10	0	0	0	0	0	0	0	0	0	0
0.0001326839848	1.155058028e-10	0	0	0	0	0	0	0	0	0	0
0.0001541388563	1.114679345e-10	0	0	0	0	0	0	0	0	0	0
0.0001823061864	1.103314599e-10	0	0	0	0	0	0	0	0	0	0
0.0002124699786	1.323326488e-10	0	0	0	0	0	0	0	0	0	0
0.0002426810308	1.899811229e-10	0	0	0	0	0	0	0	0	0	0
0.0002731542279	2.940821619e-10	0	0	0	0	0	0	0	0	0	0
0.0003049985293	4.715596859e-10	0	0	0	0	0	0	0	0	0	0
0.0003402817837	7.282286289e-10	0	0	0	0	0	0	0	0	0	0
0.0003826885179	1.052995627e-09	2.396795884e-15	0	0	0	0	0	0	0	0	0
0.0004365373604	1.451841579e-09	2.058204204e-15	0	0	0	0	0	0	0	0	0
0.0005034372797	2.05755519e-09	5.542565522e-15	0	0	0	0	0	0	0	0	0
0.0005797301932	3.057832661e-09	8.702727798e-15	0	0	0	0	0	0	0	0	0
0.0006574150397	4.597287555e-09	1.47393893e-14	0	0	0	0	0	0	0	0	0
0.0007273890603	6.630203814e-09	1.955517342e-14	0	0	0	0	0	0	0	0	0
0.0007826286136	8.871412204e-09	2.248854633e-14	0	0	0	0	0	0	0	0	0
0.0008196521968	1.097604825e-08	2.429507925e-14	0	0	0	0	0	0	0	0	0
0.0008382912283	1.26290506e-08	2.739810583e-14	0	0	0	0	0	0	0	0	0
0.0008400799235	1.352910812e-08	2.419559394e-14	0	0	0	0	0	0	0	0	0
0.0008265433614	1.360761211e-08	2.538249952e-14	0	0	0	0	0	0	0	0	0
0.0007981532992	1.287469668e-08	2.334393562e-14	0	0	0	0	0	0	0	0	0
0.00075468325	1.147451627e-08	2.093714624e-14	0	0	0	0	0	0	0	0	0
0.0006963224331	9.625762782e-09	1.808402916e-14	0	0	0	0	0	0	0	0	0
0.0006247830015	7.606765909e-09	1.512763412e-14	0	0	0	0	0	0	0	0	0
0.0005433960898	5.600544411e-09	1.363395422e-14	0	0	0	0	0	0	0	0	0
0.0004565035859	3.807560098e-09	1.048879026e-14	0	0	0	0	0	0	0	0	0
0.0003687406484	2.344904422e-09	4.991094581e-15	0	0	0	0	0	0	0	0	0
0.0002857027521	1.273528705e-09	1.229055496e-14	0	0	0	0	0	0	0	0	0
0.0002165879462	5.782744637e-10	0	0	0	0	0	0	0	0	0	0
0.0001753750286	2.172931707e-10	0	0	0	0	0	0	0	0	0	0
0.0001685564876	1.145662149e-10	0	0	0	0	0	0	0	0	0	0
0.0001789588599	1.055867758e-10	0	0	0	0	0	0	0	0	0	0
0.0001849598426	1.049768884e-10	0	0	0	0	0	0	0	0	0	0
0.0001791264696	1.038590439e-10	0	0	0	0	0	0	0	0	0	0
0.0001676903888	1.32222609e-10	0	0	0	0	0	0	0	0	0	0
0.0001643890613	3.492761365e-10	0	0	0	0	0	0	0	0	0	0
0.0001769961526	7.954322944e-10	0	0	0	0	0	0	0	0	0	0
0.0001982429403	1.366305087e-09	4.86495328e-15	0	0	0	0	0	0	0	0	0
0.0002151481249	1.873355621e-09	8.22465789e-15	0	0	0	0	0	0	0	0	0
0.0002189204203	2.137186592e-09	1.223693199e-14	0	0	0	0	0	0	0	0	0
0.0002069752261	2.076758903e-09	6.850999161e-15	0	0	0	0	0	0	0	0	0
0.0001814570564	1.742935431e-09	5.630554617e-15	0	0	0	0	0	0	0	0	0
0.0001478750524	1.272270547e-09	5.887626553e-15	0	0	0	0	0	0	0	0	0
0.0001132785839	8.086082083e-10	0	0	0	0	0	0	0	0	0	0
8.543196905e-05	4.445260885e-10	0	0	0	0	0	0	0	0	0	0
7.265896479e-05	2.073602995e-10	0	0	0	0	0	0	0	0	0	0
7.950288033e-05	8.456208595e-11	0	0	0	0	0	0	0	0	0	0
0.0001006769773	8.025872786e-11	0	0	0	0	0	0	0	0	0	0
0.0001279417565	1.610517428e-10	0	0	0	0	0	0	0	0	0	0
0.0001546689325	2.746009097e-10	0	0	0	0	0	0	0	0	0	0
0.0001754748737	3.906741619e-10	0	0	0	0	0	0	0	0	0	0
0.0001865064806	4.795762772e-10	0	0	0	0	0	0	0	0	0	0
0.0001863435544	5.167210302e-10	0	0	0	0	0	0	0	0	0	0
0.0001764703816	4.951549867e-10	0	0	0	0	0	0	0	0	0	0
0.0001609531066	4.229632135e-10	0	0	0	0	0	0	0	0	0	0
0.0001458487669	3.208583697e-10	0	0	0	0	0	0	0	0	0	0
0.000138074636	2.202464053e-10	0	0	0	0	0	0	0	0	0	0
0.000143234963	1.760830651e-10	0	0	0	0	0	0	0	0	0	0
0.000162880864	2.896098516e-10	0	0	0	0	0	0	0	0	0	0
0.0001943519264	5.888471752e-10	0	0	0	0	0	0	0	0	0	0
0.0002331126797	1.072366894e-09	4.416569258e-15	0	0	0	0	0	0	0	0	0
0.0002741667776	1.701461248e-09	7.303080651e-15	0	0	0	0	0	0	0	0	0
0.0003125154597	2.370170821e-09	1.239786109e-14	0	0	0	0	0	0	0	0	0
0.0003435367871	2.93866e-09	9.733105558e-15	0	0	0	0	0	0	0	0	0
0.0003635185306	3.27095007e-09	1.076715356e-14	0	0	0	0	0	0	0	0	0
0.0003701759476	3.287223462e-09	9.472173521e-15	0	0	0	0	0	0	0	0	0
0.0003630261601	2.989045975e-09	1.241779537e-14	0	0	0	0	0	0	0	0	0
0.0003435094759	2.455966131e-09	6.094973007e-15	0	0	0	0	0	0	0	0	0
0.000314807679	1.817513558e-09	4.99416847e-15	0	0	0	0	0	0	0	0	0
0.0002813866848	1.20655038e-09	8.905703127e-15	0	0	0	0	0	0	0	0	0
0.0002483134973	7.216130723e-10	0	0	0	0	0	0	0	0	0	0
0.0002204873183	4.11500599e-10	0	0	0	0	0	0	0	0	0	0
0.0002017770406	2.80861277e-10	0	0	0	0	0	0	0	0	0	0
0.0001940508738	3.090709238e-10	0	0	0	0	0	0	0	0	0	0
0.0001963601183	4.284709151e-10	0	0	0	0	0	0	0	0	0	0
0.0002051394711	5.755099978e-10	0	0	0	0	0	0	0	0	0	0
0.0002154992864	7.069282689e-10	0	0	0	0	0	0	0	0	0	0
0.000222816773	7.936407234e-10	0	0	0	0	0	0	0	0	0	0
0.0002238033952	8.139832216e-10	0	0	0	0	0	0	0	0	0	0
0.0002171598085	7.604956214e-10	0	0	0	0	0	0	0	0	0	0
0.0002037093739	6.456438424e-10	0	0	0	0	0	0	0	0	0	0
0.0001860772696	4.890660182e-10	0	0	0	0	0	0	0	0	0	0
0.0001681762093	3.244824314e-10	0	0	0	0	0	0	0	0	0	0
0.0001546875871	1.918844056e-10	0	0	0	0	0	0	0	0	0	0
0.0001503800093	1.928652951e-10	0	0	0	0	0	0	0	0	0	0
0.0001585500343	4.373276569e-10	0	0	0	0	0	0	0	0	0	0
0.0001791555937	9.438521338e-10	0	0	0	0	0	0	0	0	0	0
0.0002090505545	1.740345041e-09	4.872107762e-15	0	0	0	0	0	0	0	0	0
0.0002437514923	2.794555766e-09	8.526871528e-15	0	0	0	0	0	0	0	0	0
0.0002785376572	3.989516174e-09	1.435493584e-14	0	0	0	0	0	0	0	0	0
0.0003090080759	5.136194589e-09	1.704042252e-14	0	0	0	0	0	0	0	0	0
0.0003312946273	6.029089468e-09	1.98984727e-14	0	0	0	0	0	0	0	0	0
0.0003424149572	6.454252122e-09	2.239764064e-14	0	0	0	0	0	0	0	0	0
0.0003406152059	6.337762538e-09	2.156796964e-14	0	0	0	0	0	0	0	0	0
0.0003256053538	5.685398461e-09	1.677258208e-14	0	0	0	0	0	0	0	0	0
0.0002986529364	4.640270863e-09	1.648304356e-14	0	0	0	0	0	0	0	0	0
0.0002625369849	3.414641031e-09	1.273745168e-14	0	0	0	0	0	0	0	0	0
0.0002211844757	2.250895919e-09	6.458676798e-15	0	0	0	0	0	0	0	0	0
0.0001793555757	1.314590093e-09	2.445561795e-15	0	0	0	0	0	0	0	0	0
0.0001419979524	6.742548292e-10	0	0	0	0	0	0	0	0	0	0
0.0001131658554	3.053339987e-10	0	0	0	0	0	0	0	0	0	0
9.43140083e-05	1.271640015e-10	0	0	0	0	0	0	0	0	0	0
8.358950062e-05	5.883864316e-11	0	0	0	0	0	0	0	0	0	0
7.903712175e-05	4.269269619e-11	0	0	0	0	0	0	0	0	0	0
8.251385313e-05	5.466212371e-11	0	0	0	0	0	0	0	0	0	0
9.740577549e-05	9.586635917e-11	0	0	0	0	0	0	0	0	0	0
0.0001228834816	1.664995282e-10	0	0	0	0	0	0	0	0	0	0
0.0001549364862	2.836947539e-10	0	0	0	0	0	0	0	0	0	0
0.0001902143437	4.859343171e-10	0	0	0	0	0	0	0	0	0	0
0.0002278319255	8.325349164e-10	0	0	0	0	0	0	0	0	0	0
0.0002688209502	1.380955106e-09	3.054524692e-15	0	0	0	0	0	0	0	0	0
0.0003147584498	2.165285402e-09	4.86016706e-15	0	0	0	0	0	0	0	0	0
0.0003664980821	3.194262877e-09	6.423210273e-15	0	0	0	0	0	0	0	0	0
0.0004236952943	4.437085314e-09	1.19350291e-14	0	0	0	0	0	0	0	0	0
0.0004852224841	5.827466631e-09	9.10116286e-15	0	0	0	0	0	0	0	0	0
0.0005494990742	7.236829244e-09	1.289093156e-14	0	0	0	0	0	0	0	0	0
0.0006144458379	8.546648818e-09	1.419172975e-14	0	0	0	0	0	0	0	0	0
0.0006765468181	9.622558543e-09	1.69463645e-14	0	0	0	0	0	0	0	0	0
0.0007307508764	1.033884221e-08	1.890202105e-14	0	0	0	0	0	0	0	0	0
0.0007709835475	1.067878465e-08	2.200741049e-14	0	0	0	0	0	0	0	0	0
0.0007918484061	1.060558763e-08	2.251916878e-14	0	0	0	0	0	0	0	0	0
0.0007903874373	1.018513617e-08	2.20471979e-14	0	0	0	0	0	0	0	0	0
0.0007672518151	9.44591965e-09	1.821453497e-14	0	0	0	0	0	0	0	0	0
0.0007266768768	8.513812909e-09	1.685681797e-14	0	0	0	0	0	0	0	0	0
0.0006750941854	7.469963024e-09	1.517428682e-14	0	0	0	0	0	0	0	0	0
0.0006190741218	6.375397695e-09	1.163317184e-14	0	0	0	0	0	0	0	0	0
0.0005634814466	5.304919409e-09	1.028429876e-14	0	0	0	0	0	0	0	0	0
0.0005107939765	4.305519366e-09	7.904595453e-15	0	0	0	0	0	0	0	0	0
0.0004617284252	3.423796143e-09	4.898326611e-15	0	0	0	0	0	0	0	0	0
0.000416355005	2.64910286e-09	4.781128388e-15	0	0	0	0	0	0	0	0	0
0.0003747422497	2.010682132e-09	9.974659274e-15	0	0	0	0	0	0	0	0	0
0.0003369223457	1.474454723e-09	1.198526954e-14	0	0	0	0	0	0	0	0	0
0.0003023590051	1.060224897e-09	3.790794253e-15	0	0	0	0	0	0	0	0	0
0.0002698126798	7.439534748e-10	0	0	0	0	0	0	0	0	0	0
0.0002377689613	5.167267734e-10	0	0	0	0	0	0	0	0	0	0
0.0002055018435	3.546784482e-10	0	0	0	0	0	0	0	0	0	0
0.0001742529896	2.406213369e-10	0	0	0	0	0	0	0	0	0	0
0.000147933663	1.58923986e-10	0	0	0	0	0	0	0	0	0	0
0.0001319411924	1.040836187e-10	0	0	0	0	0	0	0	0	0	0
0.0001284676651	7.63683015e-11	0	0	0	0	0	0	0	0	0	0
0.0001333948424	7.021696323e-11	0	0	0	0	0	0	0	0	0	0
0.0001410989892	7.568905216e-11	0	0	0	0	0	0	0	0	0	0
0.0001500109083	9.638726688e-11	0	0	0	0	0	0	0	0	0	0
0.0001626648899	1.955624927e-10	0	0	0	0	0	0	0	0	0	0
0.0001813194409	4.673937995e-10	0	0	0	0	0	0	0	0	0	0
0.0002046029709	9.412407789e-10	0	0	0	0	0	0	0	0	0	0
0.0002279187879	1.565671306e-09	7.964715794e-15	0	0	0	0	0	0	0	0	0
0.0002459593723	2.215319109e-09	9.511652701e-15	0	0	0	0	0	0	0	0	0
0.0002544954867	2.711066415e-09	1.10145765e-14	0	0	0	0	0	0	0	0	0
0.0002512752263	2.929281131e-09	9.548176354e-15	0	0	0	0	0	0	0	0	0
0.0002360354775	2.815074601e-09	7.671767632e-15	0	0	0	0	0	0	0	0	0
0.0002104391208	2.422148599e-09	8.971444288e-15	0	0	0	0	0	0	0	0	0
0.0001777421712	1.869767188e-09	7.952463399e-15	0	0	0	0	0	0	0	0	0
0.0001425396776	1.291042844e-09	4.570263935e-15	0	0	0	0	0	0	0	0	0
0.0001107030171	7.915080165e-10	0	0	0	0	0	0	0	0	0	0
8.96192855e-05	4.259847962e-10	0	0	0	0	0	0	0	0	0	0
8.582957837e-05	2.00758784e-10	0	0	0	0	0	0	0	0	0	0
9.792078414e-05	1.033238521e-10	0	0	0	0	0	0	0	0	0	0
0.0001181621333	1.264015863e-10	0	0	0	0	0	0	0	0	0	0
0.0001404217848	2.086865994e-10	0	0	0	0	0	0	0	0	0	0
0.0001608198455	3.06214159e-10	0	0	0	0	0	0	0	0	0	0
0.0001766532083	3.943063797e-10	0	0	0	0	0	0	0	0	0	0
0.0001862238548	4.505405129e-10	0	0	0	0	0	0	0	0	0	0
0.0001892654743	4.646289014e-10	0	0	0	0	0	0	0	0	0	0
0.000187179772	4.356762897e-10	0	0	0	0	0	0	0	0	0	0
0.0001827043258	3.733249826e-10	0	0	0	0	0	0	0	0	0	0
0.0001792229651	2.934519622e-10	0	0	0	0	0	0	0	0	0	0
0.0001797566866	2.204627669e-10	0	0	0	0	0	0	0	0	0	0
0.0001863891591	1.886859434e-10	0	0	0	0	0	0	0	0	0	0
0.0002001326836	2.389152455e-10	0	0	0	0	0	0	0	0	0	0
0.0002209118874	3.978426533e-10	0	0	0	0	0	0	0	0	0	0
0.0002474759392	6.757552957e-10	0	0	0	0	0	0	0	0	0	0
0.0002773902489	1.067673542e-09	2.754326634e-15	0	0	0	0	0	0	0	0	0
0.0003073436158	1.519083883e-09	4.34776172e-15	0	0	0	0	0	0	0	0	0
0.000333675812	1.948220027e-09	7.055540967e-15	0	0	0	0	0	0	0	0	0
0.0003530307598	2.264893303e-09	5.887364115e-15	0	0	0	0	0	0	0	0	0
0.0003628338973	2.394723149e-09	6.395725569e-15	0	0	0	0	0	0	0	0	0
0.0003616563175	2.307999078e-09	7.272005743e-15	0	0	0	0	0	0	0	0	0
0.0003493958245	2.028284119e-09	5.351918773e-15	0	0	0	0	0	0	0	0	0
0.000327265719	1.62145889e-09	6.411693425e-15	0	0	0	0	0	0	0	0	0
0.0002976032591	1.17259081e-09	4.774568304e-15	0	0	0	0	0	0	0	0	0
0.0002635553501	7.625191146e-10	0	0	0	0	0	0	0	0	0	0
0.0002287439098	4.486377623e-10	0	0	0	0	0	0	0	0	0	0
0.0001970431425	2.562809848e-10	0	0	0	0	0	0	0	0	0	0
0.0001725107062	1.923498994e-10	0	0	0	0	0	0	0	0	0	0
0.0001588676696	2.281541825e-10	0	0	0	0	0	0	0	0	0	0
0.0001577675897	3.10332724e-10	0	0	0	0	0	0	0	0	0	0
0.0001669300041	4.076524637e-10	0	0	0	0	0	0	0	0	0	0
0.0001810686361	4.958564921e-10	0	0	0	0	0	0	0	0	0	0
0.0001945313725	5.592420634e-10	0	0	0	0	0	0	0	0	0	0
0.0002029780399	5.810322297e-10	0	0	0	0	0	0	0	0	0	0
0.0002037841976	5.531667074e-10	0	0	0	0	0	0	0	0	0	0
0.0001961318713	4.84760395e-10	0	0	0	0	0	0	0	0	0	0
0.0001807525274	3.823515848e-10	0	0	0	0	0	0	0	0	0	0
0.0001597235295	2.692523475e-10	0	0	0	0	0	0	0	0	0	0
0.0001366039719	1.652962529e-10	0	0	0	0	0	0	0	0	0	0
0.0001173443991	1.059320192e-10	0	0	0	0	0	0	0	0	0	0
0.0001108845189	1.929228872e-10	0	0	0	0	0	0	0	0	0	0
0.0001239915057	4.611266641e-10	0	0	0	0	0	0	0	0	0	0
0.000153823613	9.348341713e-10	0	0	0	0	0	0	0	0	0	0
0.0001925979835	1.641845864e-09	4.637611855e-15	0	0	0	0	0	0	0	0	0
0.000234108439	2.565202437e-09	9.4161199e-15	0	0	0	0	0	0	0	0	0
0.0002742499085	3.627425004e-09	1.159745964e-14	0	0	0	0	0	0	0	0	0
0.0003100987633	4.694773344e-09	1.57556949e-14	0	0	0	0	0	0	0	0	0
0.0003392691763	5.59256251e-09	2.053302886e-14	0	0	0	0	0	0	0	0	0
0.0003595251824	6.13844814e-09	1.999355975e-14	0	0	0	0	0	0	0	0	0
0.0003684550144	6.208094659e-09	1.793391779e-14	0	0	0	0	0	0	0	0	0
0.0003637287575	5.727272479e-09	1.95324986e-14	0	0	0	0	0	0	0	0	0
0.0003435352142	4.779081088e-09	1.406548809e-14	0	0	0	0	0	0	0	0	0
0.0003073595553	3.55298452e-09	1.087986926e-14	0	0	0	0	0	0	0	0	0
0.0002569770875	2.281781064e-09	6.081210236e-15	0	0	0	0	0	0	0	0	0
0.0001973857928	1.222644593e-09	7.750835393e-15	0	0	0	0	0	0	0	0	0
0.0001379363617	5.132804039e-10	0	0	0	0	0	0	0	0	0	0
9.371722085e-05	1.530145538e-10	0	0	0	0	0	0	0	0	0	0
7.898907212e-05	4.018156526e-11	0	0	0	0	0	0	0	0	0	0
8.276443879e-05	3.721930087e-11	0	0	0	0	0	0	0	0	0	0
9.333307468e-05	6.303213925e-11	0	0	0	0	0	0	0	0	0	0
0.0001345392775	1.999643455e-10	0	0	0	0	0	0	0	0	0	0
0.0002260888739	6.603446178e-10	0	0	0	0	0	0	0	0	0	0
0.000359132683	1.803168877e-09	4.139529385e-15	0	0	0	0	0	0	0	0	0
0.0005181960247	4.000077266e-09	1.115397498e-14	0	0	0	0	0	0	0	0	0
0.0006875976196	7.536951067e-09	2.024028943e-14	0	0	0	0	0	0	0	0	0
0.0008519948932	1.246538078e-08	3.039239526e-14	0	0	0	0	0	0	0	0	0
0.0009975292628	1.841033008e-08	4.250246933e-14	0	0	0	0	0	0	0	0	0
0.001112769038	2.455633711e-08	5.131386752e-14	0	0	0	0	0	0	0	0	0
0.001189489247	2.984297157e-08	5.973132866e-14	0	0	0	0	0	0	0	0	0
0.001223331635	3.33037916e-08	6.182576257e-14	0	0	0	0	0	0	0	0	0
0.001213956466	3.424644641e-08	6.112139336e-14	0	0	0	0	0	0	0	0	0
0.001165227877	3.261568178e-08	5.58884993e-14	0	0	0	0	0	0	0	0	0
0.001084699734	2.887633009e-08	4.936584592e-14	0	0	0	0	0	0	0	0	0
0.0009826130424	2.383444536e-08	3.751220429e-14	0	0	0	0	0	0	0	0	0
0.0008704153822	1.83758633e-08	2.969905164e-14	0	0	0	0	0	0	0	0	0
0.0007588107346	1.330918728e-08	2.029642963e-14	0	0	0	0	0	0	0	0	0
0.0006559332923	9.047167714e-09	1.472923447e-14	0	0	0	0	0	0	0	0	0
0.0005659843043	5.833314865e-09	7.899331553e-15	0	0	0	0	0	0	0	0	0
0.0004891472833	3.577516286e-09	3.479087103e-15	0	0	0	0	0	0	0	0	0
0.0004227394252	2.101786026e-09	5.7770993e-15	0	0	0	0	0	0	0	0	0
0.0003631445967	1.201889463e-09	5.830107937e-15	0	0	0	0	0	0	0	0	0
0.000307612292	6.797791369e-10	0	0	0	0	0	0	0	0	0	0
0.0002556007007	3.843168885e-10	0	0	0	0	0	0	0	0	0	0
0.0002096632925	2.211929715e-10	0	0	0	0	0	0	0	0	0	0
0.0001753736934	1.301063804e-10	0	0	0	0	0	0	0	0	0	0
0.0001583799068	8.153976437e-11	0	0	0	0	0	0	0	0	0	0
0.0001577606562	8.191684092e-11	0	0	0	0	0	0	0	0	0	0
0.0001649147785	1.141506347e-10	0	0	0	0	0	0	0	0	0	0
0.0001710223065	1.467243748e-10	0	0	0	0	0	0	0	0	0	0
0.0001718081971	1.642683899e-10	0	0	0	0	0	0	0	0	0	0
0.0001669801868	1.622178348e-10	0	0	0	0	0	0	0	0	0	0
0.0001582599502	1.439744455e-10	0	0	0	0	0	0	0	0	0	0
0.0001474755702	1.179417675e-10	0	0	0	0	0	0	0	0	0	0
0.0001358849526	9.115931465e-11	0	0	0	0	0	0	0	0	0	0
0.0001249060343	7.20933653e-11	0	0	0	0	0	0	0	0	0	0
0.00011780686	6.974103803e-11	0	0	0	0	0	0	0	0	0	0
0.000119649496	1.06883615e-10	0	0	0	0	0	0	0	0	0	0
0.0001334913303	2.152681686e-10	0	0	0	0	0	0	0	0	0	0
0.000156660326	4.145867375e-10	0	0	0	0	0	0	0	0	0	0
0.0001831836269	7.180859766e-10	0	0	0	0	0	0	0	0	0	0
0.0002075230769	1.108221711e-09	6.91960961e-15	0	0	0	0	0	0	0	0	0
0.0002257899203	1.545415913e-09	4.677847643e-15	0	0	0	0	0	0	0	0	0
0.0002361060849	1.951642695e-09	9.301433872e-15	0	0	0	0	0	0	0	0	0
0.000238065028	2.257738363e-09	7.837745382e-15	0	0	0	0	0	0	0	0	0
0.000232318999	2.393442039e-09	7.819046197e-15	0	0	0	0	0	0	0	0	0
0.0002201212591	2.339135637e-09	1.234101177e-14	0	0	0	0	0	0	0	0	0
0.0002031370854	2.105733095e-09	6.200956577e-15	0	0	0	0	0	0	0	0	0
0.0001832660607	1.745932967e-09	4.791541396e-15	0	0	0	0	0	0	0	0	0
0.000162797837	1.329512376e-09	4.815713436e-15	0	0	0	0	0	0	0	0	0
0.0001446124177	9.219300471e-10	0	0	0	0	0	0	0	0	0	0
0.000132101186	5.78723648e-10	0	0	0	0	0	0	0	0	0	0
0.0001282392975	3.287893554e-10	0	0	0	0	0	0	0	0	0	0
0.0001339507277	1.840089422e-10	0	0	0	0	0	0	0	0	0	0
0.0001474610234	1.492668312e-10	0	0	0	0	0	0	0	0	0	0
0.0001656445924	1.940330959e-10	0	0	0	0	0	0	0	0	0	0
0.0001854651074	2.706304364e-10	0	0	0	0	0	0	0	0	0	0
0.0002044120781	3.54515097e-10	0	0	0	0	0	0	0	0	0	0
0.0002205555167	4.289022941e-10	0	0	0	0	0	0	0	0	0	0
0.0002326223968	4.793640928e-10	0	0	0	0	0	0	0	0	0	0
0.0002401654941	4.972524754e-10	0	0	0	0	0	0	0	0	0	0
0.0002436502424	4.850870155e-10	0	0	0	0	0	0	0	0	0	0
0.0002443437891	4.495754206e-10	0	0	0	0	0	0	0	0	0	0
0.000243996588	3.990271924e-10	0	0	0	0	0	0	0	0	0	0
0.0002444698438	3.539410168e-10	0	0	0	0	0	0	0	0	0	0
0.0002474795751	3.291523454e-10	0	0	0	0	0	0	0	0	0	0
0.000254440287	3.47829518e-10	0	0	0	0	0	0	0	0	0	0
0.0002663008262	4.348693569e-10	0	0	0	0	0	0	0	0	0	0
0.0002832049411	6.272055771e-10	0	0	0	0	0	0	0	0	0	0
0.0003041270045	9.468462246e-10	0	0	0	0	0	0	0	0	0	0
0.0003267779924	1.376291257e-09	4.354641094e-15	0	0	0	0	0	0	0	0	0
0.0003479257365	1.859094356e-09	5.830334645e-15	0	0	0	0	0	0	0	0	0
0.0003639815023	2.306601323e-09	7.528231917e-15	0	0	0	0	0	0	0	0	0
0.0003716355804	2.621165789e-09	6.231059497e-15	0	0	0	0	0	0	0	0	0
0.0003683972273	2.736087289e-09	8.950903885e-15	0	0	0	0	0	0	0	0	0
0.000353043832	2.609268569e-09	7.373040847e-15	0	0	0	0	0	0	0	0	0
0.0003258864322	2.263206672e-09	7.343157409e-15	0	0	0	0	0	0	0	0	0
0.0002888770003	1.772710616e-09	9.080920746e-15	0	0	0	0	0	0	0	0	0
0.0002455111405	1.238050027e-09	3.929021298e-15	0	0	0	0	0	0	0	0	0
0.0002006519017	7.596323183e-10	0	0	0	0	0	0	0	0	0	0
0.0001604897776	4.014902883e-10	0	0	0	0	0	0	0	0	0	0
0.0001326163065	1.952788368e-10	0	0	0	0	0	0	0	0	0	0
0.0001243879396	1.48213119e-10	0	0	0	0	0	0	0	0	0	0
0.0001367089545	2.163691391e-10	0	0	0	0	0	0	0	0	0	0
0.0001623876076	3.333439833e-10	0	0	0	0	0	0	0	0	0	0
0.0001927763899	4.633095228e-10	0	0	0	0	0	0	0	0	0	0
0.0002206218977	5.725079879e-10	0	0	0	0	0	0	0	0	0	0
0.0002397331249	6.315155088e-10	0	0	0	0	0	0	0	0	0	0
0.0002452900735	6.257994874e-10	0	0	0	0	0	0	0	0	0	0
0.000234893801	5.544231095e-10	0	0	0	0	0	0	0	0	0	0
0.0002092432802	4.360674936e-10	0	0	0	0	0	0	0	0	0	0
0.000172101887	2.977836871e-10	0	0	0	0	0	0	0	0	0	0
0.0001294702676	1.707262336e-10	0	0	0	0	0	0	0	0	0	0
8.928240796e-05	7.692135009e-11	0	0	0	0	0	0	0	0	0	0
6.623147824e-05	5.208038018e-11	0	0	0	0	0	0	0	0	0	0
8.144034071e-05	2.088655677e-10	0	0	0	0	0	0	0	0	0	0
0.0001265740127	6.13079329e-10	0	0	0	0	0	0	0	0	0	0
0.0001860137229	1.403727866e-09	8.377476116e-15	0	0	0	0	0	0	0	0	0
0.0002526914727	2.653934098e-09	1.211789119e-14	0	0	0	0	0	0	0	0	0
0.000320620493	4.28042924e-09	1.261146411e-14	0	0	0	0	0	0	0	0	0
0.0003829657128	5.994396581e-09	1.814800825e-14	0	0	0	0	0	0	0	0	0
0.0004323546438	7.342911708e-09	2.205406964e-14	0	0	0	0	0	0	0	0	0
0.000461479433	7.864776685e-09	2.44840984e-14	0	0	0	0	0	0	0	0	0
0.0004642455663	7.287283927e-09	2.110792339e-14	0	0	0	0	0	0	0	0	0
0.0004370715209	5.72547719e-09	1.768435443e-14	0	0	0	0	0	0	0	0	0
0.0003806819872	3.658016602e-09	1.05867135e-14	0	0	0	0	0	0	0	0	0
0.0003023494891	1.770652828e-09	8.701204829e-15	0	0	0	0	0	0	0	0	0
0.000218397325	5.698126354e-10	0	0	0	0	0	0	0	0	0	0
0.0001549701831	1.568575416e-10	0	0	0	0	0	0	0	0	0	0
0.0001304173393	9.31464663e-11	0	0	0	0	0	0	0	0	0	0
0.0001227155528	8.166263965e-11	0	0	0	0	0	0	0	0	0	0
0.0001314618933	1.496437625e-10	0	0	0	0	0	0	0	0	0	0
0.0002305000534	5.00011244e-10	0	0	0	0	0	0	0	0	0	0
0.0004270935338	1.97487041e-09	7.588877955e-15	0	0	0	0	0	0	0	0	0
0.0006834299413	5.461164557e-09	2.214634164e-14	0	0	0	0	0	0	0	0	0
0.0009645247286	1.167116359e-08	3.883340095e-14	0	0	0	0	0	0	0	0	0
0.001236575598	2.086515946e-08	6.260993002e-14	0	0	0	0	0	0	0	0	0
0.001469639666	3.22824943e-08	8.520777866e-14	0	0	0	0	0	0	0	0	0
0.001640956727	4.426071866e-08	1.060937295e-13	0	0	0	0	0	0	0	0	0
0.001736772104	5.452950144e-08	1.185866171e-13	0	0	0	0	0	0	0	0	0
0.00175261505	6.082381164e-08	1.208548439e-13	0	0	0	0	0	0	0	0	0
0.001692512393	6.163434391e-08	1.135636996e-13	0	0	0	0	0	0	0	0	0
0.001567590204	5.707689821e-08	1.016488211e-13	0	0	0	0	0	0	0	0	0
0.001394305421	4.8374293e-08	8.11433544e-14	0	0	0	0	0	0	0	0	0
0.001192675772	3.759635929e-08	6.264211667e-14	0	0	0	0	0	0	0	0	0
0.0009843856508	2.675908079e-08	4.165704637e-14	0	0	0	0	0	0	0	0	0
0.0007905639865	1.744005992e-08	2.671368589e-14	0	0	0	0	0	0	0	0	0
0.0006288864924	1.034464403e-08	1.60864481e-14	0	0	0	0	0	0	0	0	0
0.0005093679948	5.565755126e-09	1.216009113e-14	0	0	0	0	0	0	0	0	0
0.000429957003	2.716269523e-09	3.455127808e-15	0	0	0	0	0	0	0	0	0
0.0003772733101	1.256628153e-09	2.255162e-15	0	0	0	0	0	0	0	0	0
0.0003354793263	6.623871739e-10	0	0	0	0	0	0	0	0	0	0
0.0002943511765	4.523286124e-10	0	0	0	0	0	0	0	0	0	0
0.0002505056544	3.306734932e-10	0	0	0	0	0	0	0	0	0	0
0.0002047925687	2.285414308e-10	0	0	0	0	0	0	0	0	0	0
0.0001606305293	1.466717195e-10	0	0	0	0	0	0	0	0	0	0
0.00012467433	9.148680425e-11	0	0	0	0	0	0	0	0	0	0
0.0001080223559	5.74015442e-11	0	0	0	0	0	0	0	0	0	0
0.0001164522922	4.93593482e-11	0	0	0	0	0	0	0	0	0	0
0.0001387126072	7.318824252e-11	0	0	0	0	0	0	0	0	0	0
0.0001607879055	1.086066735e-10	0	0	0	0	0	0	0	0	0	0
0.0001754227106	1.384612567e-10	0	0	0	0	0	0	0	0	0	0
0.0001808817679	1.510344811e-10	0	0	0	0	0	0	0	0	0	0
0.0001786705032	1.426575778e-10	0	0	0	0	0	0	0	0	0	0
0.0001717599587	1.237438706e-10	0	0	0	0	0	0	0	0	0	0
0.0001627423084	1.096254106e-10	0	0	0	0	0	0	0	0	0	0
0.0001528656857	1.137020971e-10	0	0	0	0	0	0	0	0	0	0
0.0001427640557	1.274186359e-10	0	0	0	0	0	0	0	0	0	0
0.0001342732072	1.395049469e-10	0	0	0	0	0	0	0	0	0	0
0.0001316097418	1.673743288e-10	0	0	0	0	0	0	0	0	0	0
0.0001392038316	2.532156417e-10	0	0	0	0	0	0	0	0	0	0
0.0001572635825	4.268535071e-10	0	0	0	0	0	0	0	0	0	0
0.0001813117958	6.98983166e-10	0	0	0	0	0	0	0	0	0	0
0.0002059701217	1.068108548e-09	4.820954063e-15	0	0	0	0	0	0	0	0	0
0.0002272651019	1.51605768e-09	3.44458862e-15	0	0	0	0	0	0	0	0	0
0.0002433774766	1.98783218e-09	8.825735608e-15	0	0	0	0	0	0	0	0	0
0.0002538909847	2.406852659e-09	9.251637079e-15	0	0	0	0	0	0	0	0	0
0.0002591919555	2.695911733e-09	9.24518562e-15	0	0	0	0	0	0	0	0	0
0.0002597769814	2.794029227e-09	7.201919272e-15	0	0	0	0	0	0	0	0	0
0.0002560711012	2.674075268e-09	7.161498678e-15	0	0	0	0	0	0	0	0	0
0.0002485527255	2.354653257e-09	8.384071898e-15	0	0	0	0	0	0	0	0	0
0.000238082158	1.898460293e-09	7.257525383e-15	0	0	0	0	0	0	0	0	0
0.0002262317098	1.390504244e-09	3.17850991e-15	0	0	0	0	0	0	0	0	0
0.0002153225195	9.152107504e-10	0	0	0	0	0	0	0	0	0	0
0.0002080014371	5.459597559e-10	0	0	0	0	0	0	0	0	0	0
0.0002064737276	3.306347612e-10	0	0	0	0	0	0	0	0	0	0
0.0002116547931	2.865151918e-10	0	0	0	0	0	0	0	0	0	0
0.000222941332	3.433208983e-10	0	0	0	0	0	0	0	0	0	0
0.0002385342332	4.364967369e-10	0	0	0	0	0	0	0	0	0	0
0.0002560303159	5.465541629e-10	0	0	0	0	0	0	0	0	0	0
0.0002727357854	6.542745659e-10	0	0	0	0	0	0	0	0	0	0
0.0002860627419	7.345015033e-10	0	0	0	0	0	0	0	0	0	0
0.0002940157314	7.698423556e-10	0	0	0	0	0	0	0	0	0	0
0.0002956953442	7.547995845e-10	0	0	0	0	0	0	0	0	0	0
0.0002915917346	6.945801086e-10	0	0	0	0	0	0	0	0	0	0
0.0002834613659	5.947979839e-10	0	0	0	0	0	0	0	0	0	0
0.0002739066839	4.861420732e-10	0	0	0	0	0	0	0	0	0	0
0.0002658432715	3.963898441e-10	0	0	0	0	0	0	0	0	0	0
0.0002621873707	3.581215657e-10	0	0	0	0	0	0	0	0	0	0
0.0002656205542	4.259634291e-10	0	0	0	0	0	0	0	0	0	0
0.0002779227335	6.842399692e-10	0	0	0	0	0	0	0	0	0	0
0.0002988916804	1.216419844e-09	3.680910777e-15	0	0	0	0	0	0	0	0	0
0.000325800449	2.029850647e-09	6.250067935e-15	0	0	0	0	0	0	0	0	0
0.0003537757757	3.043073037e-09	8.924690294e-15	0	0	0	0	0	0	0	0	0
0.0003770453591	4.083547743e-09	1.353439277e-14	0	0	0	0	0	0	0	0	0
0.00039012933	4.933124783e-09	1.116332878e-14	0	0	0	0	0	0	0	0	0
0.0003888058586	5.376987718e-09	1.662623343e-14	0	0	0	0	0	0	0	0	0
0.0003708222995	5.288057325e-09	1.483255279e-14	0	0	0	0	0	0	0	0	0
0.000336347402	4.667337722e-09	1.28735348e-14	0	0	0	0	0	0	0	0	0
0.0002880849845	3.666219902e-09	8.121934223e-15	0	0	0	0	0	0	0	0	0
0.0002311474025	2.517767843e-09	9.205251484e-15	0	0	0	0	0	0	0	0	0
0.0001727678399	1.482199937e-09	6.267829296e-15	0	0	0	0	0	0	0	0	0
0.0001229581776	7.29266227e-10	0	0	0	0	0	0	0	0	0	0
9.750111546e-05	3.051982057e-10	0	0	0	0	0	0	0	0	0	0
0.0001099178255	1.80273355e-10	0	0	0	0	0	0	0	0	0	0
0.0001487303244	2.806754334e-10	0	0	0	0	0	0	0	0	0	0
0.0001975114585	4.492819346e-10	0	0	0	0	0	0	0	0	0	0
0.0002455049498	6.07468892e-10	0	0	0	0	0	0	0	0	0	0
0.0002824720292	7.032425378e-10	0	0	0	0	0	0	0	0	0	0
0.0002986082591	7.037135974e-10	0	0	0	0	0	0	0	0	0	0
0.0002875480445	6.038346734e-10	0	0	0	0	0	0	0	0	0	0
0.0002496148018	4.349654353e-10	0	0	0	0	0	0	0	0	0	0
