1.14471238e-07	1.574815519e-12	0	0	0	0	0	0	0	0	0	0
1.565610454e-07	2.742511944e-13	0	0	0	0	0	0	0	0	0	0
9.382518333e-07	8.04775964e-13	0	0	0	0	0	0	0	0	0	0
4.428131547e-06	3.222144806e-12	0	0	0	0	0	0	0	0	0	0
2.074974898e-05	1.497835558e-11	0	0	0	0	0	0	0	0	0	0
9.157459496e-05	6.713099845e-11	0	0	0	0	0	0	0	0	0	0
0.000385984568	3.223591401e-10	0	0	0	0	0	0	0	0	0	0
0.00101184064	3.668751944e-09	2.175173589e-14	0	0	0	0	0	0	0	0	0
0.0006990626835	3.717136219e-09	1.821092457e-14	0	0	0	0	0	0	0	0	0
0.0006642574707	3.921848795e-09	1.723508694e-14	0	0	0	0	0	0	0	0	0
0.000619264221	4.196432646e-09	1.763376696e-14	0	0	0	0	0	0	0	0	0
0.0005683003934	4.506264414e-09	1.847283376e-14	0	0	0	0	0	0	0	0	0
0.0005158611862	4.815144128e-09	1.953023273e-14	0	0	0	0	0	0	0	0	0
0.0004661041952	5.093633167e-09	1.961511663e-14	0	0	0	0	0	0	0	0	0
0.0004219494329	5.25262175e-09	1.947499496e-14	0	0	0	0	0	0	0	0	0
0.0003841390563	5.220854258e-09	1.924385021e-14	0	0	0	0	0	0	0	0	0
0.000350856091	4.930741416e-09	1.688303609e-14	0	0	0	0	0	0	0	0	0
0.0003182046129	4.349905697e-09	1.430430939e-14	0	0	0	0	0	0	0	0	0
0.000281666462	3.50564541e-09	1.332441321e-14	0	0	0	0	0	0	0	0	0
0.0002375974301	2.494882338e-09	7.886034188e-15	0	0	0	0	0	0	0	0	0
0.0001848851984	1.506714945e-09	4.308134079e-15	0	0	0	0	0	0	0	0	0
0.0001267092505	7.249807e-10	0	0	0	0	0	0	0	0	0	0
7.480679972e-05	2.579925181e-10	0	0	0	0	0	0	0	0	0	0
6.144823085e-05	7.513825934e-11	0	0	0	0	0	0	0	0	0	0
9.271911357e-05	5.905696852e-11	0	0	0	0	0	0	0	0	0	0
0.0001411850703	1.668615785e-10	0	0	0	0	0	0	0	0	0	0
0.0002224139283	6.419845865e-10	0	0	0	0	0	0	0	0	0	0
0.000359180717	2.160254741e-09	5.443977032e-15	0	0	0	0	0	0	0	0	0
0.0005539588196	5.657802905e-09	1.454167331e-14	0	0	0	0	0	0	0	0	0
0.0007918466376	1.193226985e-08	2.832267078e-14	0	0	0	0	0	0	0	0	0
0.001048098575	2.103643813e-08	4.86557812e-14	0	0	0	0	0	0	0	0	0
0.001293317969	3.213535656e-08	7.161324619e-14	0	0	0	0	0	0	0	0	0
0.001498549215	4.343958499e-08	9.467478191e-14	0	0	0	0	0	0	0	0	0
0.001639646897	5.253940368e-08	1.115207001e-13	0	0	0	0	0	0	0	0	0
0.001701106979	5.750692831e-08	1.205871664e-13	0	0	0	0	0	0	0	0	0
0.001677909307	5.722241319e-08	1.187815067e-13	0	0	0	0	0	0	0	0	0
0.001575944612	5.183635631e-08	1.067700081e-13	0	0	0	0	0	0	0	0	0
0.001410515057	4.277667069e-08	8.836755074e-14	0	0	0	0	0	0	0	0	0
0.001203472741	3.202846348e-08	6.688156553e-14	0	0	0	0	0	0	0	0	0
0.0009794244355	2.169494605e-08	4.565752186e-14	0	0	0	0	0	0	0	0	0
0.000761701665	1.318426407e-08	3.006350855e-14	0	0	0	0	0	0	0	0	0
0.0005687590211	7.13032882e-09	1.601788251e-14	0	0	0	0	0	0	0	0	0
0.0004115469056	3.408982674e-09	7.421639479e-15	0	0	0	0	0	0	0	0	0
0.0002922581129	1.451396327e-09	3.43381328e-15	0	0	0	0	0	0	0	0	0
0.0002050841328	5.741509553e-10	0	0	0	0	0	0	0	0	0	0
0.000139904669	2.241786511e-10	0	0	0	0	0	0	0	0	0	0
8.824846727e-05	9.421357241e-11	0	0	0	0	0	0	0	0	0	0
5.021648859e-05	7.010315253e-11	0	0	0	0	0	0	0	0	0	0
4.622979499e-05	1.335786932e-10	0	0	0	0	0	0	0	0	0	0
7.555526583e-05	2.930810684e-10	0	0	0	0	0	0	0	0	0	0
0.000112804213	5.592936964e-10	0	0	0	0	0	0	0	0	0	0
0.0001530926649	9.254991421e-10	0	0	0	0	0	0	0	0	0	0
0.0001976475249	1.367448801e-09	4.707769326e-15	0	0	0	0	0	0	0	0	0
0.0002481620047	1.852298197e-09	7.81351267e-15	0	0	0	0	0	0	0	0	0
0.0003048446571	2.342812349e-09	8.396931001e-15	0	0	0	0	0	0	0	0	0
0.0003662417674	2.822042632e-09	1.075333493e-14	0	0	0	0	0	0	0	0	0
0.0004298062247	3.276942694e-09	1.290949101e-14	0	0	0	0	0	0	0	0	0
0.0004924739734	3.697879144e-09	1.614766404e-14	0	0	0	0	0	0	0	0	0
0.0005513279237	4.084629175e-09	1.713337618e-14	0	0	0	0	0	0	0	0	0
0.0006038925456	4.446624567e-09	1.880470111e-14	0	0	0	0	0	0	0	0	0
0.0006483380465	4.792241012e-09	2.10004661e-14	0	0	0	0	0	0	0	0	0
0.00068346385	5.122414531e-09	2.1867555e-14	0	0	0	0	0	0	0	0	0
0.0007086134779	5.442362743e-09	2.340529681e-14	0	0	0	0	0	0	0	0	0
0.00072352656	5.784491271e-09	2.514030287e-14	0	0	0	0	0	0	0	0	0
0.0007281801762	6.144051216e-09	2.617113356e-14	0	0	0	0	0	0	0	0	0
0.0007227188939	6.529147377e-09	2.811078532e-14	0	0	0	0	0	0	0	0	0
0.0007074860719	6.951640491e-09	2.884546417e-14	0	0	0	0	0	0	0	0	0
0.0006831543425	7.403521576e-09	2.97737291e-14	0	0	0	0	0	0	0	0	0
0.0006509247634	7.848223983e-09	3.11605703e-14	0	0	0	0	0	0	0	0	0
0.0006126817552	8.260437152e-09	3.174471433e-14	0	0	0	0	0	0	0	0	0
0.0005709056602	8.585380743e-09	3.184120849e-14	0	0	0	0	0	0	0	0	0
0.0005282573102	8.736004235e-09	3.185284678e-14	0	0	0	0	0	0	0	0	0
0.0004867134531	8.601268503e-09	3.206898173e-14	0	0	0	0	0	0	0	0	0
0.0004465681313	8.1036467e-09	2.841581475e-14	0	0	0	0	0	0	0	0	0
0.0004058560527	7.193716347e-09	2.391329891e-14	0	0	0	0	0	0	0	0	0
0.0003607354916	5.882898111e-09	1.918063275e-14	0	0	0	0	0	0	0	0	0
0.0003071027063	4.30140371e-09	1.419103772e-14	0	0	0	0	0	0	0	0	0
0.0002427174962	2.702177237e-09	9.046447158e-15	0	0	0	0	0	0	0	0	0
0.0001694906798	1.367103549e-09	9.642548603e-15	0	0	0	0	0	0	0	0	0
9.606514982e-05	5.029910569e-10	0	0	0	0	0	0	0	0	0	0
4.870358225e-05	1.157559974e-10	0	0	0	0	0	0	0	0	0	0
6.628718613e-05	3.06278798e-11	0	0	0	0	0	0	0	0	0	0
0.0001044008259	7.282029438e-11	0	0	0	0	0	0	0	0	0	0
0.0001734954116	3.312058558e-10	0	0	0	0	0	0	0	0	0	0
0.0003092307227	1.41988462e-09	4.255954441e-15	0	0	0	0	0	0	0	0	0
0.000513443405	4.335241087e-09	1.125408217e-14	0	0	0	0	0	0	0	0	0
0.0007654792305	9.914735591e-09	2.578741721e-14	0	0	0	0	0	0	0	0	0
0.001034387531	1.831315956e-08	4.581658367e-14	0	0	0	0	0	0	0	0	0
0.001285139234	2.870206436e-08	6.914975197e-14	0	0	0	0	0	0	0	0	0
0.00148478938	3.916189506e-08	9.100613702e-14	0	0	0	0	0	0	0	0	0
0.001608473099	4.741450321e-08	1.066971839e-13	0	0	0	0	0	0	0	0	0
0.001643747601	5.158156208e-08	1.123747817e-13	0	0	0	0	0	0	0	0	0
0.001592355514	5.08726804e-08	1.075039668e-13	0	0	0	0	0	0	0	0	0
0.001469042334	4.568081424e-08	9.392910121e-14	0	0	0	0	0	0	0	0	0
0.001297693604	3.749754681e-08	7.597754635e-14	0	0	0	0	0	0	0	0	0
0.001105643336	2.820153512e-08	5.612319443e-14	0	0	0	0	0	0	0	0	0
0.0009175123557	1.950014146e-08	3.907234354e-14	0	0	0	0	0	0	0	0	0
0.0007500720034	1.242441344e-08	2.473179361e-14	0	0	0	0	0	0	0	0	0
0.000609658206	7.362970733e-09	1.477246956e-14	0	0	0	0	0	0	0	0	0
0.00049351383	4.098630177e-09	8.440065991e-15	0	0	0	0	0	0	0	0	0
0.0003943971515	2.175893271e-09	6.199611306e-15	0	0	0	0	0	0	0	0	0
0.0003058223852	1.115492923e-09	2.132281338e-15	0	0	0	0	0	0	0	0	0
0.000224851806	5.481192451e-10	0	0	0	0	0	0	0	0	0	0
0.0001522348294	2.523498584e-10	0	0	0	0	0	0	0	0	0	0
9.097668184e-05	1.06445397e-10	0	0	0	0	0	0	0	0	0	0
4.494814897e-05	4.654607207e-11	0	0	0	0	0	0	0	0	0	0
2.078166546e-05	3.61962578e-11	0	0	0	0	0	0	0	0	0	0
2.795056544e-05	5.732417808e-11	0	0	0	0	0	0	0	0	0	0
5.123434881e-05	1.060564009e-10	0	0	0	0	0	0	0	0	0	0
8.864943036e-05	1.85854083e-10	0	0	0	0	0	0	0	0	0	0
0.0001405286894	3.025910438e-10	0	0	0	0	0	0	0	0	0	0
0.0002036401642	4.623990537e-10	0	0	0	0	0	0	0	0	0	0
0.0002733275692	6.752638773e-10	0	0	0	0	0	0	0	0	0	0
0.0003449919461	9.586617812e-10	0	0	0	0	0	0	0	0	0	0
0.000414614578	1.337759556e-09	5.520099132e-15	0	0	0	0	0	0	0	0	0
0.0004791623637	1.821074286e-09	8.361480283e-15	0	0	0	0	0	0	0	0	0
0.0005367925283	2.422152932e-09	1.092722658e-14	0	0	0	0	0	0	0	0	0
0.0005867701127	3.154004437e-09	1.427599675e-14	0	0	0	0	0	0	0	0	0
0.000629246276	4.009877481e-09	1.800656501e-14	0	0	0	0	0	0	0	0	0
0.0006648338955	4.980576282e-09	2.18471253e-14	0	0	0	0	0	0	0	0	0
0.0006940941158	6.05280674e-09	2.617735028e-14	0	0	0	0	0	0	0	0	0
0.0007171504404	7.200153618e-09	3.055190824e-14	0	0	0	0	0	0	0	0	0
0.0007334483147	8.400755979e-09	3.456633053e-14	0	0	0	0	0	0	0	0	0
0.0007418631728	9.615505481e-09	3.90645183e-14	0	0	0	0	0	0	0	0	0
0.000741054016	1.081899878e-08	4.281985988e-14	0	0	0	0	0	0	0	0	0
0.0007300657405	1.192705516e-08	4.638788224e-14	0	0	0	0	0	0	0	0	0
0.0007087659193	1.286538425e-08	4.889379923e-14	0	0	0	0	0	0	0	0	0
0.0006781489086	1.35325004e-08	5.024382716e-14	0	0	0	0	0	0	0	0	0
0.0006401357264	1.381030045e-08	5.0897555e-14	0	0	0	0	0	0	0	0	0
0.0005969145254	1.357850108e-08	4.819726245e-14	0	0	0	0	0	0	0	0	0
0.0005499293249	1.273558038e-08	4.525016023e-14	0	0	0	0	0	0	0	0	0
0.0004989473327	1.124547278e-08	3.86107124e-14	0	0	0	0	0	0	0	0	0
0.0004419816021	9.185601435e-09	3.115087821e-14	0	0	0	0	0	0	0	0	0
0.000376308219	6.794594504e-09	2.248607556e-14	0	0	0	0	0	0	0	0	0
0.0003004140708	4.393506339e-09	1.333099149e-14	0	0	0	0	0	0	0	0	0
0.0002161632868	2.375378533e-09	8.360146843e-15	0	0	0	0	0	0	0	0	0
0.0001311820475	9.957675321e-10	0	0	0	0	0	0	0	0	0	0
6.461159546e-05	2.881045928e-10	0	0	0	0	0	0	0	0	0	0
6.123959247e-05	5.289750782e-11	0	0	0	0	0	0	0	0	0	0
9.491969401e-05	5.247903173e-11	0	0	0	0	0	0	0	0	0	0
0.0001408578646	1.552659645e-10	0	0	0	0	0	0	0	0	0	0
0.0002297965823	6.102645974e-10	0	0	0	0	0	0	0	0	0	0
0.0003745230421	1.98319551e-09	5.780164131e-15	0	0	0	0	0	0	0	0	0
0.000560462252	4.860354289e-09	1.427379825e-14	0	0	0	0	0	0	0	0	0
0.0007630046626	9.497666651e-09	2.547870938e-14	0	0	0	0	0	0	0	0	0
0.0009560852017	1.566204676e-08	3.951846934e-14	0	0	0	0	0	0	0	0	0
0.001116947384	2.249644815e-08	5.367319666e-14	0	0	0	0	0	0	0	0	0
0.001230201277	2.889055494e-08	6.532144668e-14	0	0	0	0	0	0	0	0	0
0.001289205036	3.362024508e-08	7.207758374e-14	0	0	0	0	0	0	0	0	0
0.001296176358	3.590149806e-08	7.341455909e-14	0	0	0	0	0	0	0	0	0
0.00125968524	3.547293757e-08	6.9528079e-14	0	0	0	0	0	0	0	0	0
0.001191714415	3.260995848e-08	6.246777035e-14	0	0	0	0	0	0	0	0	0
0.001104135693	2.81103095e-08	5.309531095e-14	0	0	0	0	0	0	0	0	0
0.001006098676	2.276728309e-08	4.29451036e-14	0	0	0	0	0	0	0	0	0
0.000902898267	1.74111179e-08	3.342092798e-14	0	0	0	0	0	0	0	0	0
0.0007964402142	1.257164163e-08	2.397735611e-14	0	0	0	0	0	0	0	0	0
0.0006868611111	8.564435004e-09	1.792034769e-14	0	0	0	0	0	0	0	0	0
0.0005744641366	5.487871483e-09	1.136334032e-14	0	0	0	0	0	0	0	0	0
0.0004610344738	3.281636263e-09	7.813808739e-15	0	0	0	0	0	0	0	0	0
0.0003503062945	1.805281172e-09	3.908733627e-15	0	0	0	0	0	0	0	0	0
0.0002475686236	9.016723486e-10	0	0	0	0	0	0	0	0	0	0
0.0001587616916	3.992036143e-10	0	0	0	0	0	0	0	0	0	0
8.949890959e-05	1.479132363e-10	0	0	0	0	0	0	0	0	0	0
4.470125674e-05	3.645918504e-11	0	0	0	0	0	0	0	0	0	0
2.884842075e-05	1.147701083e-11	0	0	0	0	0	0	0	0	0	0
3.650931483e-05	1.980791629e-11	0	0	0	0	0	0	0	0	0	0
6.13606478e-05	1.870282639e-11	0	0	0	0	0	0	0	0	0	0
0.0001036331665	6.043707099e-11	0	0	0	0	0	0	0	0	0	0
0.0001596057291	1.577184784e-10	0	0	0	0	0	0	0	0	0	0
0.000224031695	3.384029868e-10	0	0	0	0	0	0	0	0	0	0
0.0002919317668	6.419650006e-10	0	0	0	0	0	0	0	0	0	0
0.0003592434406	1.107440277e-09	5.239783561e-15	0	0	0	0	0	0	0	0	0
0.0004231058127	1.760341739e-09	7.25938307e-15	0	0	0	0	0	0	0	0	0
0.0004821153014	2.616634652e-09	1.090998218e-14	0	0	0	0	0	0	0	0	0
0.0005362043819	3.662323979e-09	1.689395239e-14	0	0	0	0	0	0	0	0	0
0.0005863957031	4.882873729e-09	2.227445541e-14	0	0	0	0	0	0	0	0	0
0.0006339371383	6.262299609e-09	2.626267842e-14	0	0	0	0	0	0	0	0	0
0.0006795687544	7.750846801e-09	3.247747084e-14	0	0	0	0	0	0	0	0	0
0.0007225958128	9.335581426e-09	3.899663223e-14	0	0	0	0	0	0	0	0	0
0.0007608488689	1.099803329e-08	4.43218281e-14	0	0	0	0	0	0	0	0	0
0.0007910610102	1.269343519e-08	5.026260025e-14	0	0	0	0	0	0	0	0	0
0.0008097985865	1.439015065e-08	5.644708093e-14	0	0	0	0	0	0	0	0	0
0.0008145537653	1.603355938e-08	6.178660949e-14	0	0	0	0	0	0	0	0	0
0.000804580538	1.753368506e-08	6.639245794e-14	0	0	0	0	0	0	0	0	0
0.000781215885	1.878448569e-08	6.990211678e-14	0	0	0	0	0	0	0	0	0
0.0007474861379	1.958405214e-08	7.24459794e-14	0	0	0	0	0	0	0	0	0
0.0007069306962	1.974781828e-08	7.116773539e-14	0	0	0	0	0	0	0	0	0
0.0006619644908	1.907904379e-08	6.783939516e-14	0	0	0	0	0	0	0	0	0
0.0006124913184	1.746486492e-08	6.058829724e-14	0	0	0	0	0	0	0	0	0
0.0005556468294	1.487510688e-08	5.015547283e-14	0	0	0	0	0	0	0	0	0
0.000487233048	1.156267761e-08	3.780410217e-14	0	0	0	0	0	0	0	0	0
0.0004043053764	7.953940671e-09	2.55829961e-14	0	0	0	0	0	0	0	0	0
0.0003079185293	4.661999926e-09	1.665086903e-14	0	0	0	0	0	0	0	0	0
0.0002056859897	2.19689597e-09	6.662400269e-15	0	0	0	0	0	0	0	0	0
0.0001152265469	7.579519607e-10	0	0	0	0	0	0	0	0	0	0
7.398992354e-05	1.633401259e-10	0	0	0	0	0	0	0	0	0	0
9.153816067e-05	5.546869488e-11	0	0	0	0	0	0	0	0	0	0
0.0001212441267	1.210301785e-10	0	0	0	0	0	0	0	0	0	0
0.000185380358	4.14104679e-10	0	0	0	0	0	0	0	0	0	0
0.0003099063772	1.356013324e-09	5.354015268e-15	0	0	0	0	0	0	0	0	0
0.0004783773618	3.418243676e-09	1.319675748e-14	0	0	0	0	0	0	0	0	0
0.0006603584558	6.785451435e-09	1.942933421e-14	0	0	0	0	0	0	0	0	0
0.0008267567093	1.118628107e-08	3.15574791e-14	0	0	0	0	0	0	0	0	0
0.0009561860514	1.59999383e-08	4.13570819e-14	0	0	0	0	0	0	0	0	0
0.001038726438	2.050104623e-08	4.887342091e-14	0	0	0	0	0	0	0	0	0
0.001076459939	2.395757289e-08	5.230920364e-14	0	0	0	0	0	0	0	0	0
0.001080014247	2.598265173e-08	5.293568743e-14	0	0	0	0	0	0	0	0	0
0.001063161595	2.644815667e-08	5.027936775e-14	0	0	0	0	0	0	0	0	0
0.001037226912	2.551873341e-08	4.636317717e-14	0	0	0	0	0	0	0	0	0
0.001007407268	2.35268358e-08	4.120759915e-14	0	0	0	0	0	0	0	0	0
0.000972826909	2.083527731e-08	3.666080957e-14	0	0	0	0	0	0	0	0	0
0.0009291601898	1.779803002e-08	3.115130649e-14	0	0	0	0	0	0	0	0	0
0.0008719518529	1.464013542e-08	2.586086719e-14	0	0	0	0	0	0	0	0	0
0.0007989908465	1.159516937e-08	2.270305627e-14	0	0	0	0	0	0	0	0	0
0.0007113164697	8.83428334e-09	1.749669275e-14	0	0	0	0	0	0	0	0	0
0.0006129828142	6.43543412e-09	1.344827896e-14	0	0	0	0	0	0	0	0	0
0.00051004242	4.481266407e-09	1.124963412e-14	0	0	0	0	0	0	0	0	0
0.0004089094319	2.955360017e-09	8.143892039e-15	0	0	0	0	0	0	0	0	0
0.0003148799225	1.841003819e-09	1.084700151e-14	0	0	0	0	0	0	0	0	0
0.0002312537159	1.057948884e-09	7.282160175e-15	0	0	0	0	0	0	0	0	0
0.0001603703244	5.389231571e-10	0	0	0	0	0	0	0	0	0	0
0.0001062284114	2.232099397e-10	0	0	0	0	0	0	0	0	0	0
7.817486308e-05	5.801748517e-11	0	0	0	0	0	0	0	0	0	0
8.184165488e-05	3.109116964e-11	0	0	0	0	0	0	0	0	0	0
0.0001038314691	5.015506776e-11	0	0	0	0	0	0	0	0	0	0
0.0001355919404	7.286328794e-11	0	0	0	0	0	0	0	0	0	0
0.0001787487201	1.224957869e-10	0	0	0	0	0	0	0	0	0	0
0.0002339405336	3.013041531e-10	0	0	0	0	0	0	0	0	0	0
0.0002975250439	7.703103058e-10	0	0	0	0	0	0	0	0	0	0
0.000363921003	1.622109702e-09	7.172694234e-15	0	0	0	0	0	0	0	0	0
0.0004283696621	2.883043302e-09	1.140833419e-14	0	0	0	0	0	0	0	0	0
0.000488546902	4.498215229e-09	1.944671423e-14	0	0	0	0	0	0	0	0	0
0.0005448776922	6.314889554e-09	2.49225891e-14	0	0	0	0	0	0	0	0	0
0.0005995613023	8.208467021e-09	3.282493389e-14	0	0	0	0	0	0	0	0	0
0.0006550679255	1.003519606e-08	4.05269014e-14	0	0	0	0	0	0	0	0	0
0.0007119505393	1.172020885e-08	4.652826683e-14	0	0	0	0	0	0	0	0	0
0.0007677768469	1.319563953e-08	5.225445076e-14	0	0	0	0	0	0	0	0	0
0.0008172884799	1.447517726e-08	5.734656959e-14	0	0	0	0	0	0	0	0	0
0.0008539819053	1.553685809e-08	6.074356865e-14	0	0	0	0	0	0	0	0	0
0.0008719839224	1.641042156e-08	6.321551107e-14	0	0	0	0	0	0	0	0	0
0.0008678672984	1.706133431e-08	6.521996861e-14	0	0	0	0	0	0	0	0	0
0.0008417053846	1.746337915e-08	6.591153971e-14	0	0	0	0	0	0	0	0	0
0.0007972256903	1.755850622e-08	6.528132013e-14	0	0	0	0	0	0	0	0	0
0.0007408300492	1.722434379e-08	6.40375299e-14	0	0	0	0	0	0	0	0	0
0.0006794994164	1.638371097e-08	5.95996896e-14	0	0	0	0	0	0	0	0	0
0.0006181186554	1.495573002e-08	5.49710023e-14	0	0	0	0	0	0	0	0	0
0.0005574648775	1.292332079e-08	4.664807747e-14	0	0	0	0	0	0	0	0	0
0.0004944497816	1.0414602e-08	3.567852866e-14	0	0	0	0	0	0	0	0	0
0.0004248570223	7.635010604e-09	2.546998148e-14	0	0	0	0	0	0	0	0	0
0.0003465976952	4.961547524e-09	1.687656174e-14	0	0	0	0	0	0	0	0	0
0.0002628811431	2.740448831e-09	1.046919068e-14	0	0	0	0	0	0	0	0	0
0.0001843640275	1.213031721e-09	7.623598323e-15	0	0	0	0	0	0	0	0	0
0.0001305874883	3.936496827e-10	0	0	0	0	0	0	0	0	0	0
0.0001171022863	9.056982652e-11	0	0	0	0	0	0	0	0	0	0
0.0001252671363	6.754039807e-11	0	0	0	0	0	0	0	0	0	0
0.0001384938767	1.232060126e-10	0	0	0	0	0	0	0	0	0	0
0.0001777302071	3.587304034e-10	0	0	0	0	0	0	0	0	0	0
0.0002638116836	1.045780769e-09	5.223677921e-15	0	0	0	0	0	0	0	0	0
0.0003847539276	2.460344046e-09	7.075427403e-15	0	0	0	0	0	0	0	0	0
0.0005175639882	4.714108039e-09	1.341500253e-14	0	0	0	0	0	0	0	0	0
0.0006431456821	7.706013565e-09	2.031033368e-14	0	0	0	0	0	0	0	0	0
0.0007498357498	1.115126781e-08	2.729642957e-14	0	0	0	0	0	0	0	0	0
0.0008338655827	1.468038126e-08	3.331596137e-14	0	0	0	0	0	0	0	0	0
0.0008974657748	1.788281505e-08	3.675368099e-14	0	0	0	0	0	0	0	0	0
0.0009452829126	2.044127407e-08	3.955302402e-14	0	0	0	0	0	0	0	0	0
0.000980711863	2.220657177e-08	4.037156805e-14	0	0	0	0	0	0	0	0	0
0.001003988716	2.302714563e-08	3.996606883e-14	0	0	0	0	0	0	0	0	0
0.001012576761	2.291135274e-08	3.900288784e-14	0	0	0	0	0	0	0	0	0
0.001003089149	2.196880627e-08	3.728064821e-14	0	0	0	0	0	0	0	0	0
0.0009733137131	2.029902565e-08	3.502023558e-14	0	0	0	0	0	0	0	0	0
0.000923665397	1.810367427e-08	3.174606645e-14	0	0	0	0	0	0	0	0	0
0.0008575841114	1.560412642e-08	2.876230568e-14	0	0	0	0	0	0	0	0	0
0.0007808748178	1.298661846e-08	2.532325991e-14	0	0	0	0	0	0	0	0	0
0.0006998183464	1.040893709e-08	2.279553172e-14	0	0	0	0	0	0	0	0	0
0.0006185925097	7.994963111e-09	1.897877293e-14	0	0	0	0	0	0	0	0	0
0.0005372971337	5.803373802e-09	1.491903493e-14	0	0	0	0	0	0	0	0	0
0.000452886479	3.932200399e-09	1.144462147e-14	0	0	0	0	0	0	0	0	0
0.000362896908	2.391436679e-09	1.259840614e-14	0	0	0	0	0	0	0	0	0
0.0002701938093	1.246819022e-09	6.513392022e-15	0	0	0	0	0	0	0	0	0
0.0001863897981	5.013593522e-10	0	0	0	0	0	0	0	0	0	0
0.0001316725773	1.290317247e-10	0	0	0	0	0	0	0	0	0	0
0.0001181688681	6.551160235e-11	0	0	0	0	0	0	0	0	0	0
0.0001262850345	8.152891128e-11	0	0	0	0	0	0	0	0	0	0
0.0001426093192	9.596444139e-11	0	0	0	0	0	0	0	0	0	0
0.0001790697913	1.660937954e-10	0	0	0	0	0	0	0	0	0	0
0.000242937551	6.393053134e-10	0	0	0	0	0	0	0	0	0	0
0.0003244960749	1.775665276e-09	9.262352732e-15	0	0	0	0	0	0	0	0	0
0.0004106049228	3.689758296e-09	1.626490293e-14	0	0	0	0	0	0	0	0	0
0.0004924362222	6.310096493e-09	2.475371847e-14	0	0	0	0	0	0	0	0	0
0.0005662370528	9.371527538e-09	3.740251756e-14	0	0	0	0	0	0	0	0	0
0.0006322444624	1.254764118e-08	4.866550551e-14	0	0	0	0	0	0	0	0	0
0.0006924139518	1.552746212e-08	6.063130935e-14	0	0	0	0	0	0	0	0	0
0.0007482383762	1.807824071e-08	6.980293899e-14	0	0	0	0	0	0	0	0	0
0.0007993474631	2.008378182e-08	7.755535473e-14	0	0	0	0	0	0	0	0	0
0.0008430084021	2.153073667e-08	8.268125454e-14	0	0	0	0	0	0	0	0	0
0.0008750357697	2.24118452e-08	8.582597089e-14	0	0	0	0	0	0	0	0	0
0.0008912332509	2.276410045e-08	8.678555127e-14	0	0	0	0	0	0	0	0	0
0.0008887566032	2.262718635e-08	8.583245135e-14	0	0	0	0	0	0	0	0	0
0.0008670581569	2.201971158e-08	8.331386901e-14	0	0	0	0	0	0	0	0	0
0.0008281088203	2.090624443e-08	7.805622326e-14	0	0	0	0	0	0	0	0	0
0.000775804088	1.931753108e-08	7.200180141e-14	0	0	0	0	0	0	0	0	0
0.0007147755097	1.724471107e-08	6.359452174e-14	0	0	0	0	0	0	0	0	0
0.0006489102762	1.473840148e-08	5.33230469e-14	0	0	0	0	0	0	0	0	0
0.0005802472639	1.193702491e-08	4.239942378e-14	0	0	0	0	0	0	0	0	0
0.0005089473393	9.015212305e-09	3.146269777e-14	0	0	0	0	0	0	0	0	0
0.0004345358671	6.237025404e-09	2.270424029e-14	0	0	0	0	0	0	0	0	0
0.0003577125732	3.868134638e-09	1.364929666e-14	0	0	0	0	0	0	0	0	0
0.0002820372381	2.080124351e-09	7.328351574e-15	0	0	0	0	0	0	0	0	0
0.0002144516051	9.310363516e-10	0	0	0	0	0	0	0	0	0	0
0.0001635922832	3.28840738e-10	0	0	0	0	0	0	0	0	0	0
0.0001337008572	1.056178608e-10	0	0	0	0	0	0	0	0	0	0
0.0001188437414	7.759089271e-11	0	0	0	0	0	0	0	0	0	0
0.0001127353467	9.460718862e-11	0	0	0	0	0	0	0	0	0	0
0.0001243882902	1.782900884e-10	0	0	0	0	0	0	0	0	0	0
0.0001670217724	4.301585237e-10	0	0	0	0	0	0	0	0	0	0
0.0002363639205	9.777312559e-10	0	0	0	0	0	0	0	0	0	0
0.0003210258745	1.929723527e-09	5.688803996e-15	0	0	0	0	0	0	0	0	0
0.0004130344545	3.376347803e-09	8.92306485e-15	0	0	0	0	0	0	0	0	0
0.0005082721596	5.333786387e-09	1.309837802e-14	0	0	0	0	0	0	0	0	0
0.0006044775037	7.766536837e-09	1.842316736e-14	0	0	0	0	0	0	0	0	0
0.0006992838333	1.055251043e-08	2.33307821e-14	0	0	0	0	0	0	0	0	0
0.0007890788438	1.350382737e-08	2.564843571e-14	0	0	0	0	0	0	0	0	0
0.0008691281459	1.637243399e-08	2.958480946e-14	0	0	0	0	0	0	0	0	0
0.0009345423214	1.892615999e-08	3.340645682e-14	0	0	0	0	0	0	0	0	0
0.0009814099067	2.097163515e-08	3.591493958e-14	0	0	0	0	0	0	0	0	0
0.001007762714	2.228140939e-08	3.827608496e-14	0	0	0	0	0	0	0	0	0
0.00101395185	2.287891293e-08	3.998672347e-14	0	0	0	0	0	0	0	0	0
0.00100229609	2.263753032e-08	4.086891884e-14	0	0	0	0	0	0	0	0	0
0.0009760055295	2.160099638e-08	4.110748253e-14	0	0	0	0	0	0	0	0	0
0.000937351151	1.975072547e-08	4.004802412e-14	0	0	0	0	0	0	0	0	0
0.0008861814207	1.718569157e-08	3.778741198e-14	0	0	0	0	0	0	0	0	0
0.0008193030697	1.406379268e-08	3.413957444e-14	0	0	0	0	0	0	0	0	0
0.0007325525906	1.067592031e-08	2.910639837e-14	0	0	0	0	0	0	0	0	0
0.0006239437087	7.350783115e-09	2.108628736e-14	0	0	0	0	0	0	0	0	0
0.0004975332883	4.438099348e-09	1.283755215e-14	0	0	0	0	0	0	0	0	0
0.000365300934	2.242735037e-09	6.46940076e-15	0	0	0	0	0	0	0	0	0
0.0002466569817	8.734351331e-10	0	0	0	0	0	0	0	0	0	0
0.000164120066	2.261164342e-10	0	0	0	0	0	0	0	0	0	0
0.0001267378518	5.058145298e-11	0	0	0	0	0	0	0	0	0	0
0.0001116369042	4.201404919e-11	0	0	0	0	0	0	0	0	0	0
0.0001038905406	3.760978914e-11	0	0	0	0	0	0	0	0	0	0
0.0001272390683	1.647429951e-10	0	0	0	0	0	0	0	0	0	0
0.0001909000617	6.942105646e-10	0	0	0	0	0	0	0	0	0	0
0.0002732676672	1.818331537e-09	6.992810057e-15	0	0	0	0	0	0	0	0	0
0.0003575130254	3.587250177e-09	1.352589906e-14	0	0	0	0	0	0	0	0	0
0.0004360291168	5.863416218e-09	2.227004669e-14	0	0	0	0	0	0	0	0	0
0.0005073241795	8.375167029e-09	3.388692301e-14	0	0	0	0	0	0	0	0	0
0.0005733267758	1.084031591e-08	4.112755716e-14	0	0	0	0	0	0	0	0	0
0.0006365276546	1.304522004e-08	4.968058061e-14	0	0	0	0	0	0	0	0	0
0.0006976709049	1.484379101e-08	5.703688074e-14	0	0	0	0	0	0	0	0	0
0.000754530294	1.61925863e-08	6.236477581e-14	0	0	0	0	0	0	0	0	0
0.0008027904126	1.708941735e-08	6.596573307e-14	0	0	0	0	0	0	0	0	0
0.0008374077105	1.760295335e-08	6.825210354e-14	0	0	0	0	0	0	0	0	0
0.0008544006343	1.772542251e-08	6.871986213e-14	0	0	0	0	0	0	0	0	0
0.0008519743568	1.752200222e-08	6.722060974e-14	0	0	0	0	0	0	0	0	0
0.0008310202454	1.698485208e-08	6.52165466e-14	0	0	0	0	0	0	0	0	0
0.0007947818601	1.611077691e-08	6.177962938e-14	0	0	0	0	0	0	0	0	0
0.0007478810078	1.489256118e-08	5.704472806e-14	0	0	0	0	0	0	0	0	0
0.0006949762374	1.333787485e-08	5.009371294e-14	0	0	0	0	0	0	0	0	0
0.0006393938577	1.150217856e-08	4.36805934e-14	0	0	0	0	0	0	0	0	0
0.0005823811959	9.439355618e-09	3.478620318e-14	0	0	0	0	0	0	0	0	0
0.0005233907504	7.299662761e-09	2.712078666e-14	0	0	0	0	0	0	0	0	0
0.0004612419824	5.253783212e-09	1.844620396e-14	0	0	0	0	0	0	0	0	0
0.0003954127549	3.458328135e-09	1.335351209e-14	0	0	0	0	0	0	0	0	0
0.0003271277136	2.039283025e-09	7.280159748e-15	0	0	0	0	0	0	0	0	0
0.0002595225962	1.053541085e-09	4.987510926e-15	0	0	0	0	0	0	0	0	0
0.0001971465759	4.650049073e-10	0	0	0	0	0	0	0	0	0	0
0.0001447756828	1.734072602e-10	0	0	0	0	0	0	0	0	0	0
0.0001055025554	6.651659164e-11	0	0	0	0	0	0	0	0	0	0
7.918996176e-05	4.149247279e-11	0	0	0	0	0	0	0	0	0	0
6.514707443e-05	4.415855378e-11	0	0	0	0	0	0	0	0	0	0
7.053089556e-05	9.472975661e-11	0	0	0	0	0	0	0	0	0	0
0.0001039509062	2.269596119e-10	0	0	0	0	0	0	0	0	0	0
0.0001621227198	5.094172499e-10	0	0	0	0	0	0	0	0	0	0
0.0002396490742	1.043298563e-09	3.73635182e-15	0	0	0	0	0	0	0	0	0
0.000332125481	1.947903908e-09	5.669445109e-15	0	0	0	0	0	0	0	0	0
0.0004345830765	3.326741191e-09	9.259974366e-15	0	0	0	0	0	0	0	0	0
0.0005411737206	5.24603072e-09	1.076059687e-14	0	0	0	0	0	0	0	0	0
0.0006458657661	7.693579977e-09	1.463711415e-14	0	0	0	0	0	0	0	0	0
0.00074335695	1.062448897e-08	1.953172781e-14	0	0	0	0	0	0	0	0	0
0.0008301726862	1.390971064e-08	2.433963087e-14	0	0	0	0	0	0	0	0	0
0.0009052579811	1.738916977e-08	3.011546063e-14	0	0	0	0	0	0	0	0	0
0.0009700037345	2.091282148e-08	3.619894413e-14	0	0	0	0	0	0	0	0	0
0.001027280373	2.426039281e-08	4.233559323e-14	0	0	0	0	0	0	0	0	0
0.001079358553	2.706485091e-08	4.919727723e-14	0	0	0	0	0	0	0	0	0
0.001125186461	2.88994255e-08	5.57007336e-14	0	0	0	0	0	0	0	0	0
0.001158323257	2.934669818e-08	6.014072036e-14	0	0	0	0	0	0	0	0	0
0.001166907197	2.800776452e-08	6.202971551e-14	0	0	0	0	0	0	0	0	0
0.001136515736	2.475202863e-08	5.889209485e-14	0	0	0	0	0	0	0	0	0
0.001055285178	1.999410861e-08	5.150809393e-14	0	0	0	0	0	0	0	0	0
0.000919692065	1.443423396e-08	3.990781515e-14	0	0	0	0	0	0	0	0	0
0.0007387742296	9.032601045e-09	2.626296274e-14	0	0	0	0	0	0	0	0	0
0.0005351405142	4.68518699e-09	1.373910834e-14	0	0	0	0	0	0	0	0	0
0.0003413265016	1.852272546e-09	6.112241451e-15	0	0	0	0	0	0	0	0	0
0.0001932134518	4.835362057e-10	0	0	0	0	0	0	0	0	0	0
0.0001165035916	7.009728242e-11	0	0	0	0	0	0	0	0	0	0
8.80055413e-05	3.585656601e-11	0	0	0	0	0	0	0	0	0	0
6.917408805e-05	2.210015225e-11	0	0	0	0	0	0	0	0	0	0
0.0001025362987	2.479440324e-10	0	0	0	0	0	0	0	0	0	0
0.0001868232216	1.041935795e-09	3.831088595e-15	0	0	0	0	0	0	0	0	0
0.0002821103612	2.62602256e-09	1.059477448e-14	0	0	0	0	0	0	0	0	0
0.0003704771978	4.912481204e-09	1.881145296e-14	0	0	0	0	0	0	0	0	0
0.0004449995921	7.564298983e-09	2.781594393e-14	0	0	0	0	0	0	0	0	0
0.0005052607183	1.016502955e-08	3.932927098e-14	0	0	0	0	0	0	0	0	0
0.0005548961225	1.235394495e-08	4.585761127e-14	0	0	0	0	0	0	0	0	0
0.0005987667681	1.394820043e-08	5.318839164e-14	0	0	0	0	0	0	0	0	0
0.0006405891017	1.49209514e-08	5.528870786e-14	0	0	0	0	0	0	0	0	0
0.0006812847195	1.530149439e-08	5.826826158e-14	0	0	0	0	0	0	0	0	0
0.0007189289581	1.525568049e-08	5.790177278e-14	0	0	0	0	0	0	0	0	0
0.0007498366089	1.484818671e-08	5.698439124e-14	0	0	0	0	0	0	0	0	0
0.0007701596305	1.422759254e-08	5.455992516e-14	0	0	0	0	0	0	0	0	0
0.0007772713902	1.344617445e-08	5.239457002e-14	0	0	0	0	0	0	0	0	0
0.0007704150892	1.254951872e-08	4.891765199e-14	0	0	0	0	0	0	0	0	0
0.000750770626	1.158779291e-08	4.506229062e-14	0	0	0	0	0	0	0	0	0
0.00072087904	1.055105912e-08	4.101159453e-14	0	0	0	0	0	0	0	0	0
0.0006837785619	9.448014009e-09	3.682357487e-14	0	0	0	0	0	0	0	0	0
0.0006419848231	8.296768792e-09	3.179926586e-14	0	0	0	0	0	0	0	0	0
0.0005968130162	7.07910945e-09	2.688203966e-14	0	0	0	0	0	0	0	0	0
0.0005482084062	5.841081155e-09	2.224496702e-14	0	0	0	0	0	0	0	0	0
0.0004952628305	4.624341529e-09	1.752732857e-14	0	0	0	0	0	0	0	0	0
0.0004369424514	3.472625265e-09	1.250387694e-14	0	0	0	0	0	0	0	0	0
0.0003730390797	2.449835307e-09	8.551520572e-15	0	0	0	0	0	0	0	0	0
0.0003046352813	1.594881062e-09	4.946724062e-15	0	0	0	0	0	0	0	0	0
0.000234465751	9.432673887e-10	0	0	0	0	0	0	0	0	0	0
0.000166769555	4.913931294e-10	0	0	0	0	0	0	0	0	0	0
0.0001069098767	2.175746178e-10	0	0	0	0	0	0	0	0	0	0
6.088294269e-05	7.575368889e-11	0	0	0	0	0	0	0	0	0	0
3.367073e-05	1.760716418e-11	0	0	0	0	0	0	0	0	0	0
2.322703893e-05	9.02691094e-12	0	0	0	0	0	0	0	0	0	0
3.027760922e-05	1.202630299e-11	0	0	0	0	0	0	0	0	0	0
6.697604411e-05	6.236907856e-11	0	0	0	0	0	0	0	0	0	0
0.0001281824888	2.103873199e-10	0	0	0	0	0	0	0	0	0	0
0.0002083079348	5.552446834e-10	0	0	0	0	0	0	0	0	0	0
0.000302314368	1.236611024e-09	4.038900042e-15	0	0	0	0	0	0	0	0	0
0.0004050483133	2.398328218e-09	1.094986742e-14	0	0	0	0	0	0	0	0	0
0.0005117460238	4.18827881e-09	9.285540941e-15	0	0	0	0	0	0	0	0	0
0.0006186246486	6.691053487e-09	1.397723673e-14	0	0	0	0	0	0	0	0	0
0.0007231772507	9.949066447e-09	1.91200315e-14	0	0	0	0	0	0	0	0	0
0.0008241885663	1.388216813e-08	2.635135596e-14	0	0	0	0	0	0	0	0	0
0.0009211340691	1.831402726e-08	3.387863005e-14	0	0	0	0	0	0	0	0	0
0.001013110288	2.295810236e-08	4.287038141e-14	0	0	0	0	0	0	0	0	0
0.001097620849	2.716678495e-08	5.095374252e-14	0	0	0	0	0	0	0	0	0
0.001169287414	3.044740638e-08	5.923579981e-14	0	0	0	0	0	0	0	0	0
0.001219582243	3.208339664e-08	6.553610213e-14	0	0	0	0	0	0	0	0	0
0.001237562052	3.156438547e-08	6.769026562e-14	0	0	0	0	0	0	0	0	0
0.001212166551	2.878389591e-08	6.545571977e-14	0	0	0	0	0	0	0	0	0
0.001135318486	2.404646108e-08	5.851458646e-14	0	0	0	0	0	0	0	0	0
0.001005693821	1.812825523e-08	4.67083651e-14	0	0	0	0	0	0	0	0	0
0.0008315379238	1.210071061e-08	3.29721354e-14	0	0	0	0	0	0	0	0	0
0.0006312381391	6.923039296e-09	1.940000676e-14	0	0	0	0	0	0	0	0	0
0.0004311015335	3.229309377e-09	9.45795616e-15	0	0	0	0	0	0	0	0	0
0.0002600869113	1.134739342e-09	6.828056586e-15	0	0	0	0	0	0	0	0	0
0.0001429239246	2.661886281e-10	0	0	0	0	0	0	0	0	0	0
8.539870087e-05	3.894498607e-11	0	0	0	0	0	0	0	0	0	0
5.528547727e-05	1.701922637e-11	0	0	0	0	0	0	0	0	0	0
4.84619281e-05	6.495777822e-11	0	0	0	0	0	0	0	0	0	0
0.000105149217	3.967238599e-10	0	0	0	0	0	0	0	0	0	0
0.0001850341152	1.219836345e-09	4.439508954e-15	0	0	0	0	0	0	0	0	0
0.0002657679774	2.608161614e-09	8.673019232e-15	0	0	0	0	0	0	0	0	0
0.0003382942651	4.414301431e-09	1.926056259e-14	0	0	0	0	0	0	0	0	0
0.0003995706157	6.352468763e-09	2.292483085e-14	0	0	0	0	0	0	0	0	0
0.0004506045913	8.116590271e-09	2.958190065e-14	0	0	0	0	0	0	0	0	0
0.0004943084581	9.500236195e-09	3.562909494e-14	0	0	0	0	0	0	0	0	0
0.0005340101052	1.040901254e-08	3.910762378e-14	0	0	0	0	0	0	0	0	0
0.0005718950173	1.084324037e-08	4.169269973e-14	0	0	0	0	0	0	0	0	0
0.0006082980736	1.08667419e-08	4.327864109e-14	0	0	0	0	0	0	0	0	0
0.0006419347381	1.057305996e-08	4.044163654e-14	0	0	0	0	0	0	0	0	0
0.0006706221549	1.004431217e-08	3.935099953e-14	0	0	0	0	0	0	0	0	0
0.0006920563796	9.397913813e-09	3.705557967e-14	0	0	0	0	0	0	0	0	0
0.0007044694321	8.667381643e-09	3.456078518e-14	0	0	0	0	0	0	0	0	0
0.0007069281752	7.912899841e-09	3.21352574e-14	0	0	0	0	0	0	0	0	0
0.0006993251503	7.17037293e-09	2.944147984e-14	0	0	0	0	0	0	0	0	0
0.0006821691145	6.447609125e-09	2.851538123e-14	0	0	0	0	0	0	0	0	0
0.000656244253	5.749552896e-09	2.45841008e-14	0	0	0	0	0	0	0	0	0
0.0006223562213	5.087483386e-09	2.079374155e-14	0	0	0	0	0	0	0	0	0
0.0005811368299	4.440529668e-09	1.763791287e-14	0	0	0	0	0	0	0	0	0
0.0005330989306	3.835152766e-09	1.542699282e-14	0	0	0	0	0	0	0	0	0
0.0004788404749	3.253062274e-09	1.269768766e-14	0	0	0	0	0	0	0	0	0
0.0004192991504	2.702900393e-09	1.079905042e-14	0	0	0	0	0	0	0	0	0
0.0003560184137	2.18009073e-09	7.941795656e-15	0	0	0	0	0	0	0	0	0
0.0002912757437	1.688496703e-09	7.543339972e-15	0	0	0	0	0	0	0	0	0
0.0002279988597	1.24620838e-09	5.818947319e-15	0	0	0	0	0	0	0	0	0
0.0001694818316	8.600671398e-10	0	0	0	0	0	0	0	0	0	0
0.0001188526167	5.424654996e-10	0	0	0	0	0	0	0	0	0	0
7.812069911e-05	3.033815413e-10	0	0	0	0	0	0	0	0	0	0
4.739070802e-05	1.433090064e-10	0	0	0	0	0	0	0	0	0	0
2.686823091e-05	5.34435556e-11	0	0	0	0	0	0	0	0	0	0
3.139176608e-05	1.747411859e-11	0	0	0	0	0	0	0	0	0	0
6.367655046e-05	2.62963773e-11	0	0	0	0	0	0	0	0	0	0
0.0001113861231	8.803579427e-11	0	0	0	0	0	0	0	0	0	0
0.0001726782872	2.466187967e-10	0	0	0	0	0	0	0	0	0	0
0.0002479690651	6.19517372e-10	0	0	0	0	0	0	0	0	0	0
0.0003385007402	1.436976323e-09	3.439353836e-15	0	0	0	0	0	0	0	0	0
0.0004458578675	3.028763579e-09	6.591235613e-15	0	0	0	0	0	0	0	0	0
0.0005709475105	5.756674029e-09	1.239488293e-14	0	0	0	0	0	0	0	0	0
0.0007126475908	9.914202257e-09	2.014939965e-14	0	0	0	0	0	0	0	0	0
0.0008666404134	1.553282639e-08	3.12196188e-14	0	0	0	0	0	0	0	0	0
0.001024803638	2.233936174e-08	4.467081678e-14	0	0	0	0	0	0	0	0	0
0.001175412924	2.949390003e-08	5.864704299e-14	0	0	0	0	0	0	0	0	0
0.001304111155	3.584167783e-08	7.24594789e-14	0	0	0	0	0	0	0	0	0
0.001395646251	4.021973644e-08	8.268759413e-14	0	0	0	0	0	0	0	0	0
0.001435974924	4.143868768e-08	8.783627242e-14	0	0	0	0	0	0	0	0	0
0.00141490984	3.921278703e-08	8.553123764e-14	0	0	0	0	0	0	0	0	0
0.001328636445	3.379949429e-08	7.68777676e-14	0	0	0	0	0	0	0	0	0
0.00118161793	2.636506353e-08	6.257676543e-14	0	0	0	0	0	0	0	0	0
0.0009874055366	1.835475062e-08	4.509586528e-14	0	0	0	0	0	0	0	0	0
0.0007673953447	1.118554697e-08	2.852761345e-14	0	0	0	0	0	0	0	0	0
0.0005476622697	5.795842337e-09	1.523361881e-14	0	0	0	0	0	0	0	0	0
0.0003541536299	2.445557204e-09	6.317063826e-15	0	0	0	0	0	0	0	0	0
0.0002074324404	7.981908368e-10	0	0	0	0	0	0	0	0	0	0
0.0001166762532	1.969395906e-10	0	0	0	0	0	0	0	0	0	0
6.938389014e-05	3.996368119e-11	0	0	0	0	0	0	0	0	0	0
3.910995205e-05	2.297263152e-11	0	0	0	0	0	0	0	0	0	0
4.859539045e-05	1.242474032e-10	0	0	0	0	0	0	0	0	0	0
0.0001029224726	4.516607222e-10	0	0	0	0	0	0	0	0	0	0
0.000166786456	1.103056011e-09	4.025533105e-15	0	0	0	0	0	0	0	0	0
0.0002292246514	2.067353961e-09	6.802607061e-15	0	0	0	0	0	0	0	0	0
0.0002861652734	3.228175401e-09	1.179351952e-14	0	0	0	0	0	0	0	0	0
0.0003370296698	4.430265209e-09	1.59746643e-14	0	0	0	0	0	0	0	0	0
0.0003831922174	5.515549857e-09	2.14797076e-14	0	0	0	0	0	0	0	0	0
0.0004267453933	6.3872085e-09	2.296880324e-14	0	0	0	0	0	0	0	0	0
0.0004693762529	7.018552327e-09	2.799500771e-14	0	0	0	0	0	0	0	0	0
0.0005117968729	7.41094106e-09	2.97885554e-14	0	0	0	0	0	0	0	0	0
0.0005534801627	7.591292655e-09	2.930691501e-14	0	0	0	0	0	0	0	0	0
0.0005930314208	7.61783038e-09	3.030162403e-14	0	0	0	0	0	0	0	0	0
0.000628573564	7.528150763e-09	3.029870001e-14	0	0	0	0	0	0	0	0	0
0.0006581165265	7.342533243e-09	2.998199101e-14	0	0	0	0	0	0	0	0	0
0.0006798897649	7.122353482e-09	2.917872137e-14	0	0	0	0	0	0	0	0	0
0.0006924550544	6.874024505e-09	2.801072086e-14	0	0	0	0	0	0	0	0	0
0.0006948182264	6.591139647e-09	2.701966085e-14	0	0	0	0	0	0	0	0	0
0.0006864363508	6.299379438e-09	2.634204902e-14	0	0	0	0	0	0	0	0	0
0.0006672372734	6.000484027e-09	2.498675091e-14	0	0	0	0	0	0	0	0	0
0.0006376164144	5.683860893e-09	2.305055159e-14	0	0	0	0	0	0	0	0	0
0.0005984661973	5.34199129e-09	2.129069475e-14	0	0	0	0	0	0	0	0	0
0.0005511644965	4.973448882e-09	1.983114868e-14	0	0	0	0	0	0	0	0	0
0.0004975624066	4.556052213e-09	1.766944111e-14	0	0	0	0	0	0	0	0	0
0.0004399199091	4.094369022e-09	1.52712099e-14	0	0	0	0	0	0	0	0	0
0.0003807152301	3.574661854e-09	1.475823357e-14	0	0	0	0	0	0	0	0	0
0.0003224024251	3.017305025e-09	9.98640146e-15	0	0	0	0	0	0	0	0	0
0.0002670416283	2.422941536e-09	1.082048434e-14	0	0	0	0	0	0	0	0	0
0.0002159226864	1.818107888e-09	6.03037216e-15	0	0	0	0	0	0	0	0	0
0.0001692601849	1.251726219e-09	5.575006081e-15	0	0	0	0	0	0	0	0	0
0.0001264738963	7.669463864e-10	0	0	0	0	0	0	0	0	0	0
8.681161813e-05	3.98959816e-10	0	0	0	0	0	0	0	0	0	0
5.160836128e-05	1.661274212e-10	0	0	0	0	0	0	0	0	0	0
3.431674332e-05	5.268736427e-11	0	0	0	0	0	0	0	0	0	0
5.62831735e-05	2.567009432e-11	0	0	0	0	0	0	0	0	0	0
9.683887153e-05	6.316354259e-11	0	0	0	0	0	0	0	0	0	0
0.0001502236613	1.92198376e-10	0	0	0	0	0	0	0	0	0	0
0.0002231404215	5.626377877e-10	0	0	0	0	0	0	0	0	0	0
0.0003234420705	1.52981132e-09	8.227481957e-15	0	0	0	0	0	0	0	0	0
0.000455069606	3.59625634e-09	8.003033659e-15	0	0	0	0	0	0	0	0	0
0.0006161305143	7.300623604e-09	1.593140865e-14	0	0	0	0	0	0	0	0	0
0.0007987549591	1.291828505e-08	2.781270281e-14	0	0	0	0	0	0	0	0	0
0.00098992923	2.028071952e-08	4.308682048e-14	0	0	0	0	0	0	0	0	0
0.001173063182	2.869830732e-08	6.00822211e-14	0	0	0	0	0	0	0	0	0
0.001329829223	3.6754317e-08	7.588935192e-14	0	0	0	0	0	0	0	0	0
0.001442544431	4.297601542e-08	8.894041659e-14	0	0	0	0	0	0	0	0	0
0.001496714966	4.587251506e-08	9.57097969e-14	0	0	0	0	0	0	0	0	0
0.001483433042	4.478403947e-08	9.510150576e-14	0	0	0	0	0	0	0	0	0
0.00140133559	3.992291388e-08	8.651915005e-14	0	0	0	0	0	0	0	0	0
0.001257636084	3.234557327e-08	7.194446621e-14	0	0	0	0	0	0	0	0	0
0.001067741385	2.364247317e-08	5.414273153e-14	0	0	0	0	0	0	0	0	0
0.0008532857897	1.540743913e-08	3.699604679e-14	0	0	0	0	0	0	0	0	0
0.0006385451612	8.810227326e-09	2.173121347e-14	0	0	0	0	0	0	0	0	0
0.0004461411703	4.32869954e-09	1.147100986e-14	0	0	0	0	0	0	0	0	0
0.0002926884356	1.794954208e-09	7.51892608e-15	0	0	0	0	0	0	0	0	0
0.0001850466329	6.294329486e-10	0	0	0	0	0	0	0	0	0	0
0.0001173849789	2.021211314e-10	0	0	0	0	0	0	0	0	0	0
7.376902618e-05	7.273077668e-11	0	0	0	0	0	0	0	0	0	0
4.49070037e-05	6.298626499e-11	0	0	0	0	0	0	0	0	0	0
5.063449812e-05	1.553999796e-10	0	0	0	0	0	0	0	0	0	0
8.715574023e-05	3.82820849e-10	0	0	0	0	0	0	0	0	0	0
0.0001304827791	7.624068986e-10	0	0	0	0	0	0	0	0	0	0
0.0001738244044	1.267318473e-09	4.465367947e-15	0	0	0	0	0	0	0	0	0
0.0002163594201	1.838522907e-09	7.004493175e-15	0	0	0	0	0	0	0	0	0
0.0002592917211	2.406689889e-09	8.352911709e-15	0	0	0	0	0	0	0	0	0
0.0003043899361	2.919812991e-09	1.111590028e-14	0	0	0	0	0	0	0	0	0
0.0003529433568	3.356926487e-09	1.201154619e-14	0	0	0	0	0	0	0	0	0
0.000405006915	3.699839642e-09	1.406075815e-14	0	0	0	0	0	0	0	0	0
0.0004593705387	3.973421216e-09	1.598887843e-14	0	0	0	0	0	0	0	0	0
0.0005138581894	4.192036586e-09	1.779933765e-14	0	0	0	0	0	0	0	0	0
0.0005657532004	4.377108168e-09	1.87869486e-14	0	0	0	0	0	0	0	0	0
0.0006122504176	4.54950848e-09	1.994136589e-14	0	0	0	0	0	0	0	0	0
0.0006507894244	4.730832078e-09	2.04183302e-14	0	0	0	0	0	0	0	0	0
0.0006792730246	4.927194178e-09	2.163394295e-14	0	0	0	0	0	0	0	0	0
0.0006962352916	5.160987872e-09	2.177352843e-14	0	0	0	0	0	0	0	0	0
0.0007009321163	5.407249689e-09	2.342728738e-14	0	0	0	0	0	0	0	0	0
0.0006933766806	5.66753448e-09	2.393213065e-14	0	0	0	0	0	0	0	0	0
0.0006743401195	5.944620885e-09	2.453875169e-14	0	0	0	0	0	0	0	0	0
0.0006452813393	6.212989797e-09	2.666449368e-14	0	0	0	0	0	0	0	0	0
0.0006082462907	6.436174962e-09	2.548096059e-14	0	0	0	0	0	0	0	0	0
0.0005656203194	6.592010906e-09	2.663910364e-14	0	0	0	0	0	0	0	0	0
0.000519859642	6.615344355e-09	2.485141358e-14	0	0	0	0	0	0	0	0	0
0.0004730558898	6.466631027e-09	2.395436612e-14	0	0	0	0	0	0	0	0	0
0.0004265370086	6.085433436e-09	2.225264473e-14	0	0	0	0	0	0	0	0	0
0.0003804896685	5.458810425e-09	1.926098118e-14	0	0	0	0	0	0	0	0	0
0.0003340316088	4.598927632e-09	1.671037363e-14	0	0	0	0	0	0	0	0	0
0.0002855500567	3.56936022e-09	1.111180128e-14	0	0	0	0	0	0	0	0	0
0.0002335531707	2.486732077e-09	1.448057009e-14	0	0	0	0	0	0	0	0	0
0.0001778059633	1.49839789e-09	5.490550586e-15	0	0	0	0	0	0	0	0	0
0.0001202777262	7.395129148e-10	0	0	0	0	0	0	0	0	0	0
6.684046712e-05	2.758492944e-10	0	0	0	0	0	0	0	0	0	0
3.610354524e-05	7.142596176e-11	0	0	0	0	0	0	0	0	0	0
5.476115116e-05	2.366212193e-11	0	0	0	0	0	0	0	0	0	0
9.272807764e-05	6.382513996e-11	0	0	0	0	0	0	0	0	0	0
0.00015297708	2.657797682e-10	0	0	0	0	0	0	0	0	0	0
0.00025250245	9.637428153e-10	0	0	0	0	0	0	0	0	0	0
0.0003958168835	2.744437343e-09	7.255132899e-15	0	0	0	0	0	0	0	0	0
0.0005754572695	6.220313224e-09	1.584279533e-14	0	0	0	0	0	0	0	0	0
0.0007767168311	1.175186439e-08	2.736444883e-14	0	0	0	0	0	0	0	0	0
0.0009807732663	1.921326193e-08	4.36440398e-14	0	0	0	0	0	0	0	0	0
0.001167714609	2.773883936e-08	6.002275289e-14	0	0	0	0	0	0	0	0	0
0.001319078123	3.60535026e-08	7.581141313e-14	0	0	0	0	0	0	0	0	0
0.001420385272	4.25358527e-08	8.749868333e-14	0	0	0	0	0	0	0	0	0
0.001462652238	4.588950052e-08	9.319952491e-14	0	0	0	0	0	0	0	0	0
0.001443317534	4.543760273e-08	9.164543104e-14	0	0	0	0	0	0	0	0	0
0.001366181914	4.133511737e-08	8.394169476e-14	0	0	0	0	0	0	0	0	0
0.001240667705	3.454621933e-08	7.109948691e-14	0	0	0	0	0	0	0	0	0
0.00108039193	2.643660172e-08	5.505822606e-14	0	0	0	0	0	0	0	0	0
0.0009012340219	1.8452671e-08	3.981330029e-14	0	0	0	0	0	0	0	0	0
0.0007192120027	1.164424507e-08	2.523724474e-14	0	0	0	0	0	0	0	0	0
0.0005483973041	6.570862866e-09	1.482448358e-14	0	0	0	0	0	0	0	0	0
0.0003991967839	3.283530853e-09	1.077671647e-14	0	0	0	0	0	0	0	0	0
0.0002774118977	1.435325435e-09	4.988789987e-15	0	0	0	0	0	0	0	0	0
0.0001839623146	5.545047849e-10	0	0	0	0	0	0	0	0	0	0
0.0001155890721	1.941624412e-10	0	0	0	0	0	0	0	0	0	0
6.654069692e-05	6.486906399e-11	0	0	0	0	0	0	0	0	0	0
3.307750695e-05	3.458587652e-11	0	0	0	0	0	0	0	0	0	0
3.033079757e-05	7.227354225e-11	0	0	0	0	0	0	0	0	0	0
5.894526483e-05	1.890463471e-10	0	0	0	0	0	0	0	0	0	0
9.705221676e-05	4.07418111e-10	0	0	0	0	0	0	0	0	0	0
0.0001415045181	7.35705597e-10	0	0	0	0	0	0	0	0	0	0
0.0001917686915	1.161993436e-09	5.433875049e-15	0	0	0	0	0	0	0	0	0
0.0002470120091	1.654075397e-09	6.532084118e-15	0	0	0	0	0	0	0	0	0
0.0003058480948	2.178951436e-09	7.946885655e-15	0	0	0	0	0	0	0	0	0
0.0003664851218	2.71619458e-09	1.063582734e-14	0	0	0	0	0	0	0	0	0
0.0004269976776	3.231547818e-09	1.279564304e-14	0	0	0	0	0	0	0	0	0
0.000485536695	3.733255731e-09	1.526528699e-14	0	0	0	0	0	0	0	0	0
0.0005403975513	4.213830114e-09	1.852525648e-14	0	0	0	0	0	0	0	0	0
0.0005900778971	4.678159856e-09	1.984429145e-14	0	0	0	0	0	0	0	0	0
0.0006332595732	5.144045916e-09	2.15647131e-14	0	0	0	0	0	0	0	0	0
0.0006687259218	5.602703463e-09	2.394562331e-14	0	0	0	0	0	0	0	0	0
0.0006953469003	6.08060689e-09	2.58142972e-14	0	0	0	0	0	0	0	0	0
0.0007121109789	6.588511815e-09	2.824015638e-14	0	0	0	0	0	0	0	0	0
0.0007182490901	7.109817666e-09	2.974157228e-14	0	0	0	0	0	0	0	0	0
0.0007134019886	7.65715876e-09	3.136435985e-14	0	0	0	0	0	0	0	0	0
0.0006978295101	8.215592987e-09	3.418829857e-14	0	0	0	0	0	0	0	0	0
0.0006725547917	8.747796559e-09	3.490546835e-14	0	0	0	0	0	0	0	0	0
0.0006393901354	9.200902773e-09	3.562335209e-14	0	0	0	0	0	0	0	0	0
0.0006006987962	9.521395321e-09	3.577413887e-14	0	0	0	0	0	0	0	0	0
0.0005588931625	9.610147187e-09	3.49588813e-14	0	0	0	0	0	0	0	0	0
0.0005157114633	9.360380125e-09	3.380245482e-14	0	0	0	0	0	0	0	0	0
0.0004714876785	8.723849163e-09	3.105715191e-14	0	0	0	0	0	0	0	0	0
0.0004248726328	7.649750872e-09	2.569446253e-14	0	0	0	0	0	0	0	0	0
0.0003733345983	6.195423124e-09	2.049784123e-14	0	0	0	0	0	0	0	0	0
0.0003143120831	4.524902323e-09	1.454513298e-14	0	0	0	0	0	0	0	0	0
0.0002468358666	2.866718333e-09	8.493407423e-15	0	0	0	0	0	0	0	0	0
0.0001732003656	1.498558994e-09	7.011707927e-15	0	0	0	0	0	0	0	0	0
0.0001001955519	5.941624178e-10	0	0	0	0	0	0	0	0	0	0
4.320690388e-05	1.553826175e-10	0	0	0	0	0	0	0	0	0	0
4.143856688e-05	2.51829912e-11	0	0	0	0	0	0	0	0	0	0
6.990014518e-05	3.507109444e-11	0	0	0	0	0	0	0	0	0	0
0.000119961541	1.711073823e-10	0	0	0	0	0	0	0	0	0	0
0.000221594058	7.606838437e-10	0	0	0	0	0	0	0	0	0	0
0.0003774185298	2.418719605e-09	6.820351015e-15	0	0	0	0	0	0	0	0	0
0.0005722421579	5.77127049e-09	1.561495839e-14	0	0	0	0	0	0	0	0	0
0.00078391524	1.111995526e-08	2.844477549e-14	0	0	0	0	0	0	0	0	0
0.0009878596359	1.819083814e-08	4.378664126e-14	0	0	0	0	0	0	0	0	0
0.001161289091	2.602536946e-08	5.962557622e-14	0	0	0	0	0	0	0	0	0
0.001286899305	3.326065091e-08	7.248690636e-14	0	0	0	0	0	0	0	0	0
0.0013550625	3.850167672e-08	8.095031958e-14	0	0	0	0	0	0	0	0	0
0.001364573232	4.085999886e-08	8.314680663e-14	0	0	0	0	0	0	0	0	0
0.001321366941	3.990797865e-08	7.911448751e-14	0	0	0	0	0	0	0	0	0
0.001236338343	3.607704216e-08	6.975792855e-14	0	0	0	0	0	0	0	0	0
0.001122545756	3.033194187e-08	5.78640123e-14	0	0	0	0	0	0	0	0	0
0.0009925728966	2.370859749e-08	4.576394958e-14	0	0	0	0	0	0	0	0	0
0.0008567152804	1.727738692e-08	3.450886641e-14	0	0	0	0	0	0	0	0	0
0.0007220907852	1.170807143e-08	2.356230772e-14	0	0	0	0	0	0	0	0	0
0.0005930215156	7.361194612e-09	1.583967977e-14	0	0	0	0	0	0	0	0	0
0.0004719458654	4.262266299e-09	9.088747348e-15	0	0	0	0	0	0	0	0	0
0.000360619694	2.263838913e-09	5.42407571e-15	0	0	0	0	0	0	0	0	0
0.0002609402897	1.091292545e-09	5.485473702e-15	0	0	0	0	0	0	0	0	0
0.0001752577093	4.702122937e-10	0	0	0	0	0	0	0	0	0	0
0.0001061611501	1.758267646e-10	0	0	0	0	0	0	0	0	0	0
5.582976904e-05	5.108501594e-11	0	0	0	0	0	0	0	0	0	0
2.52107732e-05	7.698322392e-12	0	0	0	0	0	0	0	0	0	0
1.635117292e-05	4.114849001e-12	0	0	0	0	0	0	0	0	0	0
3.275148354e-05	3.366539138e-11	0	0	0	0	0	0	0	0	0	0
6.695520566e-05	1.09708644e-10	0	0	0	0	0	0	0	0	0	0
0.0001153900516	2.541609276e-10	0	0	0	0	0	0	0	0	0	0
0.0001744144387	4.921632472e-10	0	0	0	0	0	0	0	0	0	0
0.000239822215	8.43191805e-10	0	0	0	0	0	0	0	0	0	0
0.0003075817095	1.317986497e-09	6.748125008e-15	0	0	0	0	0	0	0	0	0
0.0003742367307	1.910250558e-09	9.218972501e-15	0	0	0	0	0	0	0	0	0
0.0004373294552	2.618202901e-09	1.080438698e-14	0	0	0	0	0	0	0	0	0
0.0004954589833	3.408822113e-09	1.315688677e-14	0	0	0	0	0	0	0	0	0
0.0005480497654	4.262046092e-09	1.768222162e-14	0	0	0	0	0	0	0	0	0
0.0005951773161	5.147952625e-09	2.21169471e-14	0	0	0	0	0	0	0	0	0
0.0006369745971	6.061372973e-09	2.569884664e-14	0	0	0	0	0	0	0	0	0
0.0006731934009	6.960161729e-09	2.91140211e-14	0	0	0	0	0	0	0	0	0
0.0007029910302	7.854904703e-09	3.234349395e-14	0	0	0	0	0	0	0	0	0
0.0007248536449	8.699485625e-09	3.510787939e-14	0	0	0	0	0	0	0	0	0
0.0007368983063	9.517769623e-09	3.920677894e-14	0	0	0	0	0	0	0	0	0
0.0007374496559	1.026010609e-08	4.038666999e-14	0	0	0	0	0	0	0	0	0
0.0007255607533	1.090969501e-08	4.250814835e-14	0	0	0	0	0	0	0	0	0
0.0007014749792	1.140620516e-08	4.426494932e-14	0	0	0	0	0	0	0	0	0
0.0006667647149	1.168760342e-08	4.492426755e-14	0	0	0	0	0	0	0	0	0
0.0006240454974	1.168034751e-08	4.376384408e-14	0	0	0	0	0	0	0	0	0
0.0005761927565	1.130151693e-08	4.132519004e-14	0	0	0	0	0	0	0	0	0
0.0005253642986	1.047482931e-08	3.779283546e-14	0	0	0	0	0	0	0	0	0
0.0004720438269	9.192842587e-09	3.205507473e-14	0	0	0	0	0	0	0	0	0
0.000414926673	7.514386554e-09	2.568818377e-14	0	0	0	0	0	0	0	0	0
0.0003518538792	5.60034689e-09	1.761030044e-14	0	0	0	0	0	0	0	0	0
0.0002814433207	3.694474044e-09	1.120769401e-14	0	0	0	0	0	0	0	0	0
0.0002051023392	2.061787023e-09	5.972595273e-15	0	0	0	0	0	0	0	0	0
0.0001286375207	9.156452773e-10	0	0	0	0	0	0	0	0	0	0
6.553008899e-05	2.904964898e-10	0	0	0	0	0	0	0	0	0	0
4.901161086e-05	5.572866928e-11	0	0	0	0	0	0	0	0	0	0
7.192101349e-05	3.266052301e-11	0	0	0	0	0	0	0	0	0	0
0.0001032707904	8.675423538e-11	0	0	0	0	0	0	0	0	0	0
0.0001676769364	3.527549883e-10	0	0	0	0	0	0	0	0	0	0
0.0002816363044	1.221929336e-09	3.425274059e-15	0	0	0	0	0	0	0	0	0
0.0004354612217	3.164110153e-09	8.722188714e-15	0	0	0	0	0	0	0	0	0
0.0006100187021	6.505042496e-09	1.743024767e-14	0	0	0	0	0	0	0	0	0
0.0007842902584	1.12012787e-08	2.849107847e-14	0	0	0	0	0	0	0	0	0
0.0009391726424	1.674162133e-08	3.937926331e-14	0	0	0	0	0	0	0	0	0
0.001060228768	2.235369679e-08	5.11513489e-14	0	0	0	0	0	0	0	0	0
0.001139709205	2.706550691e-08	5.797719403e-14	0	0	0	0	0	0	0	0	0
0.001176290575	3.014878231e-08	6.163192215e-14	0	0	0	0	0	0	0	0	0
0.001173925594	3.113069984e-08	6.112897307e-14	0	0	0	0	0	0	0	0	0
0.001139571258	2.999353949e-08	5.871967347e-14	0	0	0	0	0	0	0	0	0
0.001080865961	2.713422118e-08	5.117233265e-14	0	0	0	0	0	0	0	0	0
0.001004443692	2.310943502e-08	4.403155447e-14	0	0	0	0	0	0	0	0	0
0.0009151031065	1.857468537e-08	3.516546276e-14	0	0	0	0	0	0	0	0	0
0.0008160243469	1.410156197e-08	2.752483667e-14	0	0	0	0	0	0	0	0	0
0.0007095709044	1.010385297e-08	2.103815916e-14	0	0	0	0	0	0	0	0	0
0.000598247384	6.788499582e-09	1.399868614e-14	0	0	0	0	0	0	0	0	0
0.0004853372575	4.245103682e-09	9.851050641e-15	0	0	0	0	0	0	0	0	0
0.0003751225345	2.453193578e-09	5.304646859e-15	0	0	0	0	0	0	0	0	0
0.0002725966886	1.279750967e-09	3.820639395e-15	0	0	0	0	0	0	0	0	0
0.0001829422895	5.901434727e-10	0	0	0	0	0	0	0	0	0	0
0.0001110974835	2.323894085e-10	0	0	0	0	0	0	0	0	0	0
6.166403157e-05	6.804486469e-11	0	0	0	0	0	0	0	0	0	0
3.856801054e-05	9.414165128e-12	0	0	0	0	0	0	0	0	0	0
3.737813672e-05	2.149573994e-11	0	0	0	0	0	0	0	0	0	0
5.042573195e-05	1.918020797e-11	0	0	0	0	0	0	0	0	0	0
8.086211896e-05	4.548400181e-11	0	0	0	0	0	0	0	0	0	0
0.0001279649387	1.450077354e-10	0	0	0	0	0	0	0	0	0	0
0.0001867454826	3.563325354e-10	0	0	0	0	0	0	0	0	0	0
0.0002519046987	7.353179152e-10	0	0	0	0	0	0	0	0	0	0
0.0003188845954	1.320425981e-09	5.693818897e-15	0	0	0	0	0	0	0	0	0
0.0003842748788	2.128060368e-09	8.668478128e-15	0	0	0	0	0	0	0	0	0
0.0004460279485	3.149484369e-09	1.355993845e-14	0	0	0	0	0	0	0	0	0
0.0005033974841	4.332683543e-09	1.790338851e-14	0	0	0	0	0	0	0	0	0
0.0005566057811	5.64770648e-09	2.308422896e-14	0	0	0	0	0	0	0	0	0
0.0006061871513	7.021507939e-09	2.857623126e-14	0	0	0	0	0	0	0	0	0
0.0006522746927	8.414376811e-09	3.524012345e-14	0	0	0	0	0	0	0	0	0
0.0006940294525	9.782590187e-09	3.925277393e-14	0	0	0	0	0	0	0	0	0
0.0007295868349	1.107873824e-08	4.428823301e-14	0	0	0	0	0	0	0	0	0
0.0007563190815	1.22943234e-08	4.818980034e-14	0	0	0	0	0	0	0	0	0
0.0007715407984	1.3373165e-08	5.206719273e-14	0	0	0	0	0	0	0	0	0
0.000773241118	1.428219136e-08	5.544912603e-14	0	0	0	0	0	0	0	0	0
0.0007607344244	1.498206002e-08	5.661120105e-14	0	0	0	0	0	0	0	0	0
0.0007348930411	1.53654978e-08	5.793738295e-14	0	0	0	0	0	0	0	0	0
0.0006979473121	1.536931361e-08	5.693372067e-14	0	0	0	0	0	0	0	0	0
0.000652773492	1.488624356e-08	5.420333248e-14	0	0	0	0	0	0	0	0	0
0.0006018583436	1.385243176e-08	5.005519334e-14	0	0	0	0	0	0	0	0	0
0.0005463287654	1.224328506e-08	4.259484948e-14	0	0	0	0	0	0	0	0	0
0.0004856247056	1.014137362e-08	3.585801512e-14	0	0	0	0	0	0	0	0	0
0.0004181761141	7.722103978e-09	2.837798646e-14	0	0	0	0	0	0	0	0	0
0.0003428985892	5.27751929e-09	1.669328683e-14	0	0	0	0	0	0	0	0	0
0.0002610742426	3.12453132e-09	1.0702366e-14	0	0	0	0	0	0	0	0	0
0.0001779649505	1.528251495e-09	4.385734717e-15	0	0	0	0	0	0	0	0	0
0.0001047191355	5.712794418e-10	0	0	0	0	0	0	0	0	0	0
6.32915331e-05	1.435740838e-10	0	0	0	0	0	0	0	0	0	0
6.751685614e-05	3.431841817e-11	0	0	0	0	0	0	0	0	0	0
8.595947854e-05	5.480576006e-11	0	0	0	0	0	0	0	0	0	0
0.0001226881954	1.750802996e-10	0	0	0	0	0	0	0	0	0	0
0.0002008693325	5.93132064e-10	0	0	0	0	0	0	0	0	0	0
0.0003171089426	1.608895574e-09	5.139134028e-15	0	0	0	0	0	0	0	0	0
0.000454196144	3.464915165e-09	1.016688289e-14	0	0	0	0	0	0	0	0	0
0.0005940573918	6.21648923e-09	1.771433073e-14	0	0	0	0	0	0	0	0	0
0.0007217484641	9.690584593e-09	2.736040464e-14	0	0	0	0	0	0	0	0	0
0.000827324384	1.347719237e-08	3.105614287e-14	0	0	0	0	0	0	0	0	0
0.0009066490357	1.713086189e-08	3.780709529e-14	0	0	0	0	0	0	0	0	0
0.000960221459	2.01232706e-08	4.243387365e-14	0	0	0	0	0	0	0	0	0
0.0009911367156	2.213450408e-08	4.312464604e-14	0	0	0	0	0	0	0	0	0
0.001002889928	2.296098572e-08	4.33419414e-14	0	0	0	0	0	0	0	0	0
0.0009978433312	2.262826163e-08	4.104314771e-14	0	0	0	0	0	0	0	0	0
0.0009768414432	2.124513558e-08	3.851057608e-14	0	0	0	0	0	0	0	0	0
0.000939683456	1.906886059e-08	3.465281908e-14	0	0	0	0	0	0	0	0	0
0.0008861127267	1.638692616e-08	3.185508729e-14	0	0	0	0	0	0	0	0	0
0.0008166745933	1.346211497e-08	2.625945688e-14	0	0	0	0	0	0	0	0	0
0.000733215292	1.05448995e-08	2.358391772e-14	0	0	0	0	0	0	0	0	0
0.0006389410744	7.841003224e-09	2.101721103e-14	0	0	0	0	0	0	0	0	0
0.0005380460243	5.500470817e-09	1.222720408e-14	0	0	0	0	0	0	0	0	0
0.0004351578009	3.600211404e-09	9.006920469e-15	0	0	0	0	0	0	0	0	0
0.0003350295075	2.167898145e-09	6.515905958e-15	0	0	0	0	0	0	0	0	0
0.000242440227	1.166868389e-09	3.294130644e-15	0	0	0	0	0	0	0	0	0
0.0001626393274	5.373260837e-10	0	0	0	0	0	0	0	0	0	0
0.000102161172	1.953809759e-10	0	0	0	0	0	0	0	0	0	0
6.92234213e-05	4.152126565e-11	0	0	0	0	0	0	0	0	0	0
6.398327435e-05	2.265078356e-11	0	0	0	0	0	0	0	0	0	0
7.276223837e-05	3.041648502e-11	0	0	0	0	0	0	0	0	0	0
9.30338463e-05	3.628801483e-11	0	0	0	0	0	0	0	0	0	0
0.0001305274988	1.113526834e-10	0	0	0	0	0	0	0	0	0	0
0.0001840065453	3.46398848e-10	0	0	0	0	0	0	0	0	0	0
0.0002469970141	8.313016464e-10	0	0	0	0	0	0	0	0	0	0
0.0003131200151	1.62448305e-09	6.031209588e-15	0	0	0	0	0	0	0	0	0
0.0003779384139	2.712997694e-09	1.136841365e-14	0	0	0	0	0	0	0	0	0
0.0004393737526	4.050494259e-09	1.614217322e-14	0	0	0	0	0	0	0	0	0
0.0004975468536	5.531310152e-09	2.265006132e-14	0	0	0	0	0	0	0	0	0
0.0005536447224	7.048754665e-09	2.842984825e-14	0	0	0	0	0	0	0	0	0
0.0006087116333	8.519984925e-09	3.399349632e-14	0	0	0	0	0	0	0	0	0
0.0006623412334	9.896606131e-09	3.985849219e-14	0	0	0	0	0	0	0	0	0
0.0007121905762	1.110748034e-08	4.372436536e-14	0	0	0	0	0	0	0	0	0
0.0007543466459	1.216693669e-08	4.781146284e-14	0	0	0	0	0	0	0	0	0
0.000784341804	1.306008782e-08	5.116231969e-14	0	0	0	0	0	0	0	0	0
0.0007984159579	1.377065405e-08	5.30854754e-14	0	0	0	0	0	0	0	0	0
0.0007946046173	1.429560266e-08	5.425271172e-14	0	0	0	0	0	0	0	0	0
0.0007733054521	1.459194927e-08	5.562479865e-14	0	0	0	0	0	0	0	0	0
0.0007372355626	1.459342764e-08	5.546941988e-14	0	0	0	0	0	0	0	0	0
0.0006906765084	1.424595933e-08	5.399353193e-14	0	0	0	0	0	0	0	0	0
0.000638145366	1.347928474e-08	4.859103381e-14	0	0	0	0	0	0	0	0	0
0.0005828927052	1.224520921e-08	4.511084848e-14	0	0	0	0	0	0	0	0	0
0.0005257870434	1.058029837e-08	3.659732937e-14	0	0	0	0	0	0	0	0	0
0.0004654952436	8.551440275e-09	2.895738776e-14	0	0	0	0	0	0	0	0	0
0.0003998404548	6.357160701e-09	2.275270845e-14	0	0	0	0	0	0	0	0	0
0.0003278492414	4.241551325e-09	1.508703439e-14	0	0	0	0	0	0	0	0	0
0.000251481949	2.462272141e-09	1.078566999e-14	0	0	0	0	0	0	0	0	0
0.0001770339859	1.185552326e-09	8.082747958e-15	0	0	0	0	0	0	0	0	0
0.0001161658491	4.431816688e-10	0	0	0	0	0	0	0	0	0	0
8.478665099e-05	1.165888725e-10	0	0	0	0	0	0	0	0	0	0
8.288858534e-05	4.003406172e-11	0	0	0	0	0	0	0	0	0	0
9.094068841e-05	5.630752236e-11	0	0	0	0	0	0	0	0	0	0
0.0001137321862	1.513904192e-10	0	0	0	0	0	0	0	0	0	0
0.0001706906727	4.573775745e-10	0	0	0	0	0	0	0	0	0	0
0.0002600556	1.159128666e-09	6.718934232e-15	0	0	0	0	0	0	0	0	0
0.000367580566	2.412362226e-09	7.66258821e-15	0	0	0	0	0	0	0	0	0
0.0004797618728	4.29415017e-09	1.184605967e-14	0	0	0	0	0	0	0	0	0
0.0005868867548	6.687879319e-09	1.645482959e-14	0	0	0	0	0	0	0	0	0
0.0006832506402	9.475863987e-09	2.23159082e-14	0	0	0	0	0	0	0	0	0
0.0007665842397	1.237923303e-08	2.669272051e-14	0	0	0	0	0	0	0	0	0
0.0008362613636	1.51401739e-08	3.03586025e-14	0	0	0	0	0	0	0	0	0
0.0008919804812	1.747825617e-08	3.362194086e-14	0	0	0	0	0	0	0	0	0
0.0009326949645	1.920402786e-08	3.646884192e-14	0	0	0	0	0	0	0	0	0
0.0009567633961	2.01279783e-08	3.614726925e-14	0	0	0	0	0	0	0	0	0
0.0009626174678	2.024743564e-08	3.586944548e-14	0	0	0	0	0	0	0	0	0
0.0009495629497	1.957001187e-08	3.557010513e-14	0	0	0	0	0	0	0	0	0
0.0009182651299	1.819434004e-08	3.293147789e-14	0	0	0	0	0	0	0	0	0
0.0008707411014	1.624238621e-08	3.135237879e-14	0	0	0	0	0	0	0	0	0
0.0008097549448	1.393009621e-08	2.83313899e-14	0	0	0	0	0	0	0	0	0
0.0007377953638	1.141042417e-08	2.548656476e-14	0	0	0	0	0	0	0	0	0
0.0006562572664	8.836424346e-09	2.132569289e-14	0	0	0	0	0	0	0	0	0
0.0005654199079	6.387415098e-09	1.618075573e-14	0	0	0	0	0	0	0	0	0
0.0004657637106	4.223095216e-09	1.130502564e-14	0	0	0	0	0	0	0	0	0
0.0003601528964	2.486710364e-09	7.519497758e-15	0	0	0	0	0	0	0	0	0
0.000255618038	1.234857777e-09	3.76423135e-15	0	0	0	0	0	0	0	0	0
0.0001642166443	4.734565722e-10	0	0	0	0	0	0	0	0	0	0
0.000102358406	1.13607448e-10	0	0	0	0	0	0	0	0	0	0
8.029997225e-05	2.897322525e-11	0	0	0	0	0	0	0	0	0	0
8.010098546e-05	3.902336459e-11	0	0	0	0	0	0	0	0	0	0
9.06769175e-05	3.934467125e-11	0	0	0	0	0	0	0	0	0	0
0.0001267441856	1.465047742e-10	0	0	0	0	0	0	0	0	0	0
0.0001895493574	5.675108922e-10	0	0	0	0	0	0	0	0	0	0
0.0002659749143	1.455511103e-09	6.036820836e-15	0	0	0	0	0	0	0	0	0
0.0003447310772	2.875345326e-09	1.116216866e-14	0	0	0	0	0	0	0	0	0
0.0004190796417	4.748099882e-09	2.045757236e-14	0	0	0	0	0	0	0	0	0
0.000486420767	6.881804927e-09	2.62017088e-14	0	0	0	0	0	0	0	0	0
0.0005472024849	9.050975365e-09	3.62659076e-14	0	0	0	0	0	0	0	0	0
0.0006031799178	1.106319102e-08	4.266180722e-14	0	0	0	0	0	0	0	0	0
0.0006557970169	1.27614592e-08	5.027303419e-14	0	0	0	0	0	0	0	0	0
0.0007048702347	1.409845943e-08	5.473055577e-14	0	0	0	0	0	0	0	0	0
0.0007482241573	1.506833758e-08	5.880652102e-14	0	0	0	0	0	0	0	0	0
0.0007822792646	1.567960046e-08	6.080252862e-14	0	0	0	0	0	0	0	0	0
0.0008032327796	1.596891558e-08	6.139414112e-14	0	0	0	0	0	0	0	0	0
0.0008082063517	1.59827889e-08	6.077033027e-14	0	0	0	0	0	0	0	0	0
0.0007961555369	1.571693947e-08	5.9840024e-14	0	0	0	0	0	0	0	0	0
0.000768171175	1.517267672e-08	5.865561881e-14	0	0	0	0	0	0	0	0	0
0.0007271940146	1.434515365e-08	5.335602924e-14	0	0	0	0	0	0	0	0	0
0.000677145728	1.321934462e-08	4.984180619e-14	0	0	0	0	0	0	0	0	0
0.0006217315986	1.17986615e-08	4.354110196e-14	0	0	0	0	0	0	0	0	0
0.0005633449714	1.009860978e-08	3.595831482e-14	0	0	0	0	0	0	0	0	0
0.0005026308027	8.208288828e-09	2.876860564e-14	0	0	0	0	0	0	0	0	0
0.0004388627552	6.238054711e-09	2.140965327e-14	0	0	0	0	0	0	0	0	0
0.0003713173641	4.362957065e-09	1.564992758e-14	0	0	0	0	0	0	0	0	0
0.0003005335915	2.738119617e-09	1.168655027e-14	0	0	0	0	0	0	0	0	0
0.0002295369387	1.495192129e-09	5.126158472e-15	0	0	0	0	0	0	0	0	0
0.0001642334409	6.798333988e-10	0	0	0	0	0	0	0	0	0	0
0.0001130462627	2.412976204e-10	0	0	0	0	0	0	0	0	0	0
8.368795453e-05	6.460320949e-11	0	0	0	0	0	0	0	0	0	0
7.359202799e-05	3.553328434e-11	0	0	0	0	0	0	0	0	0	0
7.378107867e-05	4.755058573e-11	0	0	0	0	0	0	0	0	0	0
9.182786286e-05	1.200924469e-10	0	0	0	0	0	0	0	0	0	0
0.0001405982811	3.441966756e-10	0	0	0	0	0	0	0	0	0	0
0.000216271441	8.610183104e-10	0	0	0	0	0	0	0	0	0	0
0.0003095059312	1.814874723e-09	5.854628311e-15	0	0	0	0	0	0	0	0	0
0.000412369018	3.315664837e-09	8.32965047e-15	0	0	0	0	0	0	0	0	0
0.0005185393878	5.423191736e-09	1.277872411e-14	0	0	0	0	0	0	0	0	0
0.0006228372703	8.056098996e-09	1.796564809e-14	0	0	0	0	0	0	0	0	0
0.0007208322025	1.107024904e-08	2.276854332e-14	0	0	0	0	0	0	0	0	0
0.0008085266056	1.424512285e-08	2.706705388e-14	0	0	0	0	0	0	0	0	0
0.0008823800369	1.73174041e-08	3.104386573e-14	0	0	0	0	0	0	0	0	0
0.0009395278309	1.996339467e-08	3.701631724e-14	0	0	0	0	0	0	0	0	0
0.0009781198647	2.195012115e-08	3.9749377e-14	0	0	0	0	0	0	0	0	0
0.0009975241073	2.309535385e-08	4.136142365e-14	0	0	0	0	0	0	0	0	0
0.0009981604256	2.324620149e-08	4.208590614e-14	0	0	0	0	0	0	0	0	0
0.0009810332306	2.240391718e-08	4.333229962e-14	0	0	0	0	0	0	0	0	0
0.000946969573	2.060786392e-08	4.106880215e-14	0	0	0	0	0	0	0	0	0
0.0008958579978	1.799301556e-08	3.90930159e-14	0	0	0	0	0	0	0	0	0
0.0008265441828	1.477735476e-08	3.327878091e-14	0	0	0	0	0	0	0	0	0
0.0007374886388	1.12848452e-08	2.787111224e-14	0	0	0	0	0	0	0	0	0
0.0006288902145	7.875373415e-09	2.022554144e-14	0	0	0	0	0	0	0	0	0
0.0005046950351	4.895852746e-09	1.419263735e-14	0	0	0	0	0	0	0	0	0
0.0003740589413	2.610871079e-09	7.658401304e-15	0	0	0	0	0	0	0	0	0
0.0002513975903	1.120608638e-09	9.255466562e-15	0	0	0	0	0	0	0	0	0
0.0001544159899	3.461662723e-10	0	0	0	0	0	0	0	0	0	0
9.850307362e-05	6.022823099e-11	0	0	0	0	0	0	0	0	0	0
7.729149675e-05	2.874048613e-11	0	0	0	0	0	0	0	0	0	0
6.746313486e-05	2.448178703e-11	0	0	0	0	0	0	0	0	0	0
8.224884387e-05	7.410429064e-11	0	0	0	0	0	0	0	0	0	0
0.0001373875715	3.872770352e-10	0	0	0	0	0	0	0	0	0	0
0.0002135499018	1.13620547e-09	7.124168009e-15	0	0	0	0	0	0	0	0	0
0.0002946874586	2.424035842e-09	8.773197402e-15	0	0	0	0	0	0	0	0	0
0.0003725069728	4.186137747e-09	1.601835237e-14	0	0	0	0	0	0	0	0	0
0.0004435692859	6.240825421e-09	2.332350586e-14	0	0	0	0	0	0	0	0	0
0.0005078611555	8.349146296e-09	3.154574714e-14	0	0	0	0	0	0	0	0	0
0.000566893216	1.027607868e-08	4.220046263e-14	0	0	0	0	0	0	0	0	0
0.0006219645897	1.189697573e-08	4.578905618e-14	0	0	0	0	0	0	0	0	0
0.0006729290145	1.313523627e-08	5.089958417e-14	0	0	0	0	0	0	0	0	0
0.0007179047988	1.395590036e-08	5.481755481e-14	0	0	0	0	0	0	0	0	0
0.0007538012769	1.440098595e-08	5.518405611e-14	0	0	0	0	0	0	0	0	0
0.0007773681762	1.452588993e-08	5.59210562e-14	0	0	0	0	0	0	0	0	0
0.0007862051931	1.435070474e-08	5.506254934e-14	0	0	0	0	0	0	0	0	0
0.000779434643	1.390950483e-08	5.405386836e-14	0	0	0	0	0	0	0	0	0
0.0007579395261	1.322342108e-08	5.158623247e-14	0	0	0	0	0	0	0	0	0
0.0007240604839	1.231394087e-08	4.691139461e-14	0	0	0	0	0	0	0	0	0
0.0006809790058	1.12060215e-08	4.308144061e-14	0	0	0	0	0	0	0	0	0
0.0006317525534	9.902309335e-09	3.651706279e-14	0	0	0	0	0	0	0	0	0
0.0005786124595	8.447315838e-09	3.133187202e-14	0	0	0	0	0	0	0	0	0
0.0005224889034	6.899537915e-09	2.554998655e-14	0	0	0	0	0	0	0	0	0
0.0004633003083	5.348815637e-09	1.985300347e-14	0	0	0	0	0	0	0	0	0
0.0004006566393	3.880766587e-09	1.295831663e-14	0	0	0	0	0	0	0	0	0
0.0003346801079	2.606408619e-09	8.808212133e-15	0	0	0	0	0	0	0	0	0
0.0002668400946	1.58407445e-09	4.872492695e-15	0	0	0	0	0	0	0	0	0
0.0002002246845	8.494683696e-10	0	0	0	0	0	0	0	0	0	0
0.0001394222688	3.887895047e-10	0	0	0	0	0	0	0	0	0	0
9.034476341e-05	1.423449648e-10	0	0	0	0	0	0	0	0	0	0
5.91243756e-05	3.939829872e-11	0	0	0	0	0	0	0	0	0	0
4.679572841e-05	1.630504149e-11	0	0	0	0	0	0	0	0	0	0
4.712794517e-05	2.069514587e-11	0	0	0	0	0	0	0	0	0	0
6.485680383e-05	6.427025098e-11	0	0	0	0	0	0	0	0	0	0
0.0001090491562	2.003902662e-10	0	0	0	0	0	0	0	0	0	0
0.00017737006	5.295949513e-10	0	0	0	0	0	0	0	0	0	0
0.0002643696701	1.202055712e-09	4.248401628e-15	0	0	0	0	0	0	0	0	0
0.0003646043019	2.365738321e-09	6.479376978e-15	0	0	0	0	0	0	0	0	0
0.0004725348989	4.155957679e-09	9.292997532e-15	0	0	0	0	0	0	0	0	0
0.0005828643308	6.643748507e-09	1.321818418e-14	0	0	0	0	0	0	0	0	0
0.0006907850045	9.79535527e-09	1.973797115e-14	0	0	0	0	0	0	0	0	0
0.000792408098	1.350727538e-08	2.50705318e-14	0	0	0	0	0	0	0	0	0
0.0008848723132	1.756817003e-08	3.253981787e-14	0	0	0	0	0	0	0	0	0
0.0009661462969	2.158963918e-08	3.854588454e-14	0	0	0	0	0	0	0	0	0
0.001034549276	2.519517248e-08	4.656763899e-14	0	0	0	0	0	0	0	0	0
0.001087936473	2.795319539e-08	5.210026224e-14	0	0	0	0	0	0	0	0	0
0.001122830041	2.938088541e-08	5.608742742e-14	0	0	0	0	0	0	0	0	0
0.001134038226	2.911792015e-08	5.809938121e-14	0	0	0	0	0	0	0	0	0
0.001115037572	2.703953525e-08	5.739465034e-14	0	0	0	0	0	0	0	0	0
0.001059521307	2.332026207e-08	5.330304249e-14	0	0	0	0	0	0	0	0	0
0.0009638279304	1.843446259e-08	4.542727518e-14	0	0	0	0	0	0	0	0	0
0.000829636045	1.315878569e-08	3.466358575e-14	0	0	0	0	0	0	0	0	0
0.0006660624423	8.285099284e-09	2.404564325e-14	0	0	0	0	0	0	0	0	0
0.0004897262166	4.434466102e-09	1.328067635e-14	0	0	0	0	0	0	0	0	0
0.000322764318	1.906647855e-09	6.323374637e-15	0	0	0	0	0	0	0	0	0
0.0001888059294	5.976447332e-10	0	0	0	0	0	0	0	0	0	0
0.0001070059496	1.157585443e-10	0	0	0	0	0	0	0	0	0	0
7.275237122e-05	2.414851336e-11	0	0	0	0	0	0	0	0	0	0
5.237883864e-05	1.639678014e-11	0	0	0	0	0	0	0	0	0	0
6.118138142e-05	8.863612617e-11	0	0	0	0	0	0	0	0	0	0
0.000121694438	4.551119681e-10	0	0	0	0	0	0	0	0	0	0
0.0002006690274	1.288195964e-09	4.847355723e-15	0	0	0	0	0	0	0	0	0
0.0002809728913	2.650537004e-09	1.121250301e-14	0	0	0	0	0	0	0	0	0
0.0003549006593	4.405326361e-09	1.576073226e-14	0	0	0	0	0	0	0	0	0
0.0004199703337	6.337787578e-09	2.386171168e-14	0	0	0	0	0	0	0	0	0
0.0004770303405	8.185780632e-09	3.011781165e-14	0	0	0	0	0	0	0	0	0
0.0005284201679	9.767999841e-09	3.623046065e-14	0	0	0	0	0	0	0	0	0
0.0005762568395	1.098990761e-08	4.180745791e-14	0	0	0	0	0	0	0	0	0
0.0006213064356	1.180215766e-08	4.540936979e-14	0	0	0	0	0	0	0	0	0
0.0006625683186	1.227028221e-08	4.734572262e-14	0	0	0	0	0	0	0	0	0
0.0006977084886	1.241535171e-08	4.888746276e-14	0	0	0	0	0	0	0	0	0
0.000723983686	1.231304506e-08	4.751953549e-14	0	0	0	0	0	0	0	0	0
0.000739096361	1.201404834e-08	4.664417338e-14	0	0	0	0	0	0	0	0	0
0.0007418228054	1.155799943e-08	4.533686595e-14	0	0	0	0	0	0	0	0	0
0.0007321774589	1.097060422e-08	4.249306446e-14	0	0	0	0	0	0	0	0	0
0.0007112791327	1.026540987e-08	4.059847525e-14	0	0	0	0	0	0	0	0	0
0.0006808977614	9.437031391e-09	3.756965653e-14	0	0	0	0	0	0	0	0	0
0.0006428869493	8.506687103e-09	3.298027456e-14	0	0	0	0	0	0	0	0	0
0.0005987414668	7.463287398e-09	2.9209845e-14	0	0	0	0	0	0	0	0	0
0.0005492717333	6.362184034e-09	2.341101513e-14	0	0	0	0	0	0	0	0	0
0.0004947355255	5.205325623e-09	1.961125971e-14	0	0	0	0	0	0	0	0	0
