3.28139899e-08	5.8391193e-13	0	0	0	0	0	0	0	0	0	0
4.192094182e-08	2.091247139e-13	0	0	0	0	0	0	0	0	0	0
1.408008344e-07	1.859251366e-13	0	0	0	0	0	0	0	0	0	0
4.817195712e-07	4.272957644e-13	0	0	0	0	0	0	0	0	0	0
2.052716155e-06	1.737970579e-12	0	0	0	0	0	0	0	0	0	0
8.855852418e-06	7.384432751e-12	0	0	0	0	0	0	0	0	0	0
3.715793581e-05	3.316520894e-11	0	0	0	0	0	0	0	0	0	0
9.888572538e-05	1.307239292e-10	0	0	0	0	0	0	0	0	0	0
7.161465048e-05	9.213194501e-11	0	0	0	0	0	0	0	0	0	0
7.023945611e-05	9.051845178e-11	0	0	0	0	0	0	0	0	0	0
6.835958072e-05	8.841412063e-11	0	0	0	0	0	0	0	0	0	0
6.610619224e-05	8.604115011e-11	0	0	0	0	0	0	0	0	0	0
6.359547806e-05	8.351668837e-11	0	0	0	0	0	0	0	0	0	0
6.092629941e-05	8.131817847e-11	0	0	0	0	0	0	0	0	0	0
5.818196008e-05	7.925965465e-11	0	0	0	0	0	0	0	0	0	0
5.54269068e-05	7.773014377e-11	0	0	0	0	0	0	0	0	0	0
5.271010347e-05	7.673379531e-11	0	0	0	0	0	0	0	0	0	0
5.006970613e-05	7.629468221e-11	0	0	0	0	0	0	0	0	0	0
4.753191245e-05	7.638255253e-11	0	0	0	0	0	0	0	0	0	0
4.511753815e-05	7.695150906e-11	0	0	0	0	0	0	0	0	0	0
4.283787345e-05	7.788080182e-11	0	0	0	0	0	0	0	0	0	0
4.068763614e-05	7.885576432e-11	0	0	0	0	0	0	0	0	0	0
3.864154899e-05	7.968510931e-11	0	0	0	0	0	0	0	0	0	0
3.664687093e-05	7.986846472e-11	0	0	0	0	0	0	0	0	0	0
3.462593656e-05	7.911168779e-11	0	0	0	0	0	0	0	0	0	0
3.248245243e-05	7.685690776e-11	0	0	0	0	0	0	0	0	0	0
3.011788245e-05	7.291052936e-11	0	0	0	0	0	0	0	0	0	0
2.744485124e-05	6.705609282e-11	0	0	0	0	0	0	0	0	0	0
2.441831754e-05	5.950204042e-11	0	0	0	0	0	0	0	0	0	0
2.102839878e-05	5.047810986e-11	0	0	0	0	0	0	0	0	0	0
1.733584932e-05	4.06294464e-11	0	0	0	0	0	0	0	0	0	0
1.34799377e-05	3.059566396e-11	0	0	0	0	0	0	0	0	0	0
9.63537741e-06	2.115374185e-11	0	0	0	0	0	0	0	0	0	0
6.08342699e-06	1.291135614e-11	0	0	0	0	0	0	0	0	0	0
3.226948119e-06	6.400743648e-12	0	0	0	0	0	0	0	0	0	0
2.19503852e-06	1.971195992e-12	0	0	0	0	0	0	0	0	0	0
3.303220922e-06	4.566950223e-13	0	0	0	0	0	0	0	0	0	0
4.898949215e-06	6.338775413e-13	0	0	0	0	0	0	0	0	0	0
7.034019271e-06	3.313186576e-12	0	0	0	0	0	0	0	0	0	0
1.030712876e-05	9.264204631e-12	0	0	0	0	0	0	0	0	0	0
1.50619987e-05	1.857220059e-11	0	0	0	0	0	0	0	0	0	0
2.131023323e-05	3.160258995e-11	0	0	0	0	0	0	0	0	0	0
2.889919923e-05	4.879033834e-11	0	0	0	0	0	0	0	0	0	0
3.757614396e-05	7.043259427e-11	0	0	0	0	0	0	0	0	0	0
4.709182903e-05	9.664969333e-11	0	0	0	0	0	0	0	0	0	0
5.714953267e-05	1.269299837e-10	0	0	0	0	0	0	0	0	0	0
6.746298077e-05	1.60458759e-10	0	0	0	0	0	0	0	0	0	0
7.773939593e-05	1.961436356e-10	0	0	0	0	0	0	0	0	0	0
8.770261847e-05	2.32580632e-10	0	0	0	0	0	0	0	0	0	0
9.708368057e-05	2.674401368e-10	0	0	0	0	0	0	0	0	0	0
0.0001056355131	2.984116013e-10	0	0	0	0	0	0	0	0	0	0
0.0001131345265	3.249754317e-10	0	0	0	0	0	0	0	0	0	0
0.0001193893412	3.440083791e-10	0	0	0	0	0	0	0	0	0	0
0.0001242413157	3.555030596e-10	0	0	0	0	0	0	0	0	0	0
0.0001275765631	3.58530798e-10	0	0	0	0	0	0	0	0	0	0
0.0001293291079	3.52963373e-10	0	0	0	0	0	0	0	0	0	0
0.0001294849986	3.39219345e-10	0	0	0	0	0	0	0	0	0	0
0.0001280953723	3.190351982e-10	0	0	0	0	0	0	0	0	0	0
0.0001252617779	2.937847289e-10	0	0	0	0	0	0	0	0	0	0
0.0001211413661	2.651798785e-10	0	0	0	0	0	0	0	0	0	0
0.0001159270483	2.350225232e-10	0	0	0	0	0	0	0	0	0	0
0.0001098327558	2.050714055e-10	0	0	0	0	0	0	0	0	0	0
0.0001030747143	1.764973368e-10	0	0	0	0	0	0	0	0	0	0
9.585411115e-05	1.500317712e-10	0	0	0	0	0	0	0	0	0	0
8.834738288e-05	1.26423279e-10	0	0	0	0	0	0	0	0	0	0
8.07042714e-05	1.056555626e-10	0	0	0	0	0	0	0	0	0	0
7.305182895e-05	8.80971959e-11	0	0	0	0	0	0	0	0	0	0
6.549921992e-05	7.32322759e-11	0	0	0	0	0	0	0	0	0	0
5.814897724e-05	6.094875342e-11	0	0	0	0	0	0	0	0	0	0
5.110046869e-05	5.07741532e-11	0	0	0	0	0	0	0	0	0	0
4.444562533e-05	4.233747149e-11	0	0	0	0	0	0	0	0	0	0
3.826366233e-05	3.526533517e-11	0	0	0	0	0	0	0	0	0	0
3.261637389e-05	2.924729423e-11	0	0	0	0	0	0	0	0	0	0
2.753600573e-05	2.389677831e-11	0	0	0	0	0	0	0	0	0	0
2.30275116e-05	1.907916579e-11	0	0	0	0	0	0	0	0	0	0
1.906464853e-05	1.470690489e-11	0	0	0	0	0	0	0	0	0	0
1.561258655e-05	1.077865572e-11	0	0	0	0	0	0	0	0	0	0
1.262053429e-05	7.339271418e-12	0	0	0	0	0	0	0	0	0	0
1.003540219e-05	4.483609838e-12	0	0	0	0	0	0	0	0	0	0
7.795514358e-06	2.376025098e-12	0	0	0	0	0	0	0	0	0	0
5.844826729e-06	1.139854633e-12	0	0	0	0	0	0	0	0	0	0
4.161158043e-06	7.587725207e-13	0	0	0	0	0	0	0	0	0	0
2.939028546e-06	1.366332559e-12	0	0	0	0	0	0	0	0	0	0
2.910074811e-06	3.223720853e-12	0	0	0	0	0	0	0	0	0	0
4.331665457e-06	6.254581187e-12	0	0	0	0	0	0	0	0	0	0
6.504225968e-06	1.033460876e-11	0	0	0	0	0	0	0	0	0	0
9.067369826e-06	1.535963326e-11	0	0	0	0	0	0	0	0	0	0
1.186524269e-05	2.110752283e-11	0	0	0	0	0	0	0	0	0	0
1.483157297e-05	2.730413508e-11	0	0	0	0	0	0	0	0	0	0
1.790232479e-05	3.367755395e-11	0	0	0	0	0	0	0	0	0	0
2.103541769e-05	3.995350799e-11	0	0	0	0	0	0	0	0	0	0
2.422189102e-05	4.584318656e-11	0	0	0	0	0	0	0	0	0	0
2.745334274e-05	5.117978054e-11	0	0	0	0	0	0	0	0	0	0
3.072792696e-05	5.592668925e-11	0	0	0	0	0	0	0	0	0	0
3.404753552e-05	6.015114651e-11	0	0	0	0	0	0	0	0	0	0
3.740178945e-05	6.376422654e-11	0	0	0	0	0	0	0	0	0	0
4.077725572e-05	6.698366843e-11	0	0	0	0	0	0	0	0	0	0
4.414263189e-05	7.000190265e-11	0	0	0	0	0	0	0	0	0	0
4.746195307e-05	7.294591583e-11	0	0	0	0	0	0	0	0	0	0
5.068858864e-05	7.58499874e-11	0	0	0	0	0	0	0	0	0	0
5.378076713e-05	7.890598783e-11	0	0	0	0	0	0	0	0	0	0
5.669753129e-05	8.221355037e-11	0	0	0	0	0	0	0	0	0	0
5.940697119e-05	8.560019705e-11	0	0	0	0	0	0	0	0	0	0
6.188495598e-05	8.909706446e-11	0	0	0	0	0	0	0	0	0	0
6.41144701e-05	9.282058409e-11	0	0	0	0	0	0	0	0	0	0
6.608388244e-05	9.631025559e-11	0	0	0	0	0	0	0	0	0	0
6.777938378e-05	9.953722113e-11	0	0	0	0	0	0	0	0	0	0
6.91829334e-05	1.022371934e-10	0	0	0	0	0	0	0	0	0	0
7.026850829e-05	1.04193576e-10	0	0	0	0	0	0	0	0	0	0
7.10070955e-05	1.051713359e-10	0	0	0	0	0	0	0	0	0	0
7.136109464e-05	1.049623415e-10	0	0	0	0	0	0	0	0	0	0
7.129930423e-05	1.035616287e-10	0	0	0	0	0	0	0	0	0	0
7.079754326e-05	1.009204025e-10	0	0	0	0	0	0	0	0	0	0
6.984752687e-05	9.713796206e-11	0	0	0	0	0	0	0	0	0	0
6.846061472e-05	9.252322888e-11	0	0	0	0	0	0	0	0	0	0
6.667018856e-05	8.727758209e-11	0	0	0	0	0	0	0	0	0	0
6.452857809e-05	8.185289747e-11	0	0	0	0	0	0	0	0	0	0
6.210372902e-05	7.638527838e-11	0	0	0	0	0	0	0	0	0	0
5.946962449e-05	7.123159071e-11	0	0	0	0	0	0	0	0	0	0
5.669975236e-05	6.670457465e-11	0	0	0	0	0	0	0	0	0	0
5.386076326e-05	6.286643454e-11	0	0	0	0	0	0	0	0	0	0
5.100962156e-05	5.982826823e-11	0	0	0	0	0	0	0	0	0	0
4.819120972e-05	5.763666187e-11	0	0	0	0	0	0	0	0	0	0
4.544542759e-05	5.636171326e-11	0	0	0	0	0	0	0	0	0	0
4.281111537e-05	5.592995481e-11	0	0	0	0	0	0	0	0	0	0
4.033500686e-05	5.657256191e-11	0	0	0	0	0	0	0	0	0	0
3.80679004e-05	5.79157524e-11	0	0	0	0	0	0	0	0	0	0
3.606106963e-05	6.011440479e-11	0	0	0	0	0	0	0	0	0	0
3.434978278e-05	6.281983798e-11	0	0	0	0	0	0	0	0	0	0
3.293296255e-05	6.568758249e-11	0	0	0	0	0	0	0	0	0	0
3.175163942e-05	6.841264426e-11	0	0	0	0	0	0	0	0	0	0
3.069141245e-05	7.029398035e-11	0	0	0	0	0	0	0	0	0	0
2.957822084e-05	7.084326002e-11	0	0	0	0	0	0	0	0	0	0
2.823197061e-05	6.956278462e-11	0	0	0	0	0	0	0	0	0	0
2.647864625e-05	6.600053388e-11	0	0	0	0	0	0	0	0	0	0
2.419299539e-05	6.004601696e-11	0	0	0	0	0	0	0	0	0	0
2.131676728e-05	5.187152781e-11	0	0	0	0	0	0	0	0	0	0
1.791315733e-05	4.203355192e-11	0	0	0	0	0	0	0	0	0	0
1.4173732e-05	3.131640377e-11	0	0	0	0	0	0	0	0	0	0
1.050227501e-05	2.070527986e-11	0	0	0	0	0	0	0	0	0	0
7.712953153e-06	1.109646509e-11	0	0	0	0	0	0	0	0	0	0
6.978759594e-06	3.423904425e-12	0	0	0	0	0	0	0	0	0	0
8.269548438e-06	2.427584494e-12	0	0	0	0	0	0	0	0	0	0
1.02262631e-05	4.787629836e-12	0	0	0	0	0	0	0	0	0	0
1.22780624e-05	3.987513629e-12	0	0	0	0	0	0	0	0	0	0
1.496812802e-05	2.77413166e-12	0	0	0	0	0	0	0	0	0	0
1.948963719e-05	1.255010961e-11	0	0	0	0	0	0	0	0	0	0
2.684210808e-05	3.03010439e-11	0	0	0	0	0	0	0	0	0	0
3.72963001e-05	5.80415758e-11	0	0	0	0	0	0	0	0	0	0
5.058350294e-05	9.847827161e-11	0	0	0	0	0	0	0	0	0	0
6.618106935e-05	1.547269401e-10	0	0	0	0	0	0	0	0	0	0
8.340883352e-05	2.280406273e-10	0	0	0	0	0	0	0	0	0	0
0.0001014816367	3.179121633e-10	0	0	0	0	0	0	0	0	0	0
0.0001195485054	4.217052619e-10	0	0	0	0	0	0	0	0	0	0
0.0001367291285	5.324427098e-10	0	0	0	0	0	0	0	0	0	0
0.0001521779223	6.406159385e-10	0	0	0	0	0	0	0	0	0	0
0.0001651297249	7.3867676e-10	0	0	0	0	0	0	0	0	0	0
0.0001749520523	8.14391887e-10	0	0	0	0	0	0	0	0	0	0
0.0001811897483	8.610126537e-10	0	0	0	0	0	0	0	0	0	0
0.0001835989274	8.72060925e-10	0	0	0	0	0	0	0	0	0	0
0.00018216269	8.481726165e-10	0	0	0	0	0	0	0	0	0	0
0.0001770994846	7.915778738e-10	0	0	0	0	0	0	0	0	0	0
0.0001688432767	7.094916873e-10	0	0	0	0	0	0	0	0	0	0
0.0001580045532	6.104856277e-10	0	0	0	0	0	0	0	0	0	0
0.0001453210443	5.051520897e-10	0	0	0	0	0	0	0	0	0	0
0.0001315833771	4.015769178e-10	0	0	0	0	0	0	0	0	0	0
0.0001175638023	3.070151042e-10	0	0	0	0	0	0	0	0	0	0
0.0001039376599	2.262050396e-10	0	0	0	0	0	0	0	0	0	0
9.12292165e-05	1.606397082e-10	0	0	0	0	0	0	0	0	0	0
7.976922685e-05	1.10508284e-10	0	0	0	0	0	0	0	0	0	0
6.969706695e-05	7.305655728e-11	0	0	0	0	0	0	0	0	0	0
6.098536929e-05	4.660731288e-11	0	0	0	0	0	0	0	0	0	0
5.349981192e-05	2.855214301e-11	0	0	0	0	0	0	0	0	0	0
4.705647124e-05	1.675693141e-11	0	0	0	0	0	0	0	0	0	0
4.147488611e-05	9.901277898e-12	0	0	0	0	0	0	0	0	0	0
3.660306767e-05	7.026044147e-12	0	0	0	0	0	0	0	0	0	0
3.231797378e-05	6.531594414e-12	0	0	0	0	0	0	0	0	0	0
2.852004919e-05	6.481103982e-12	0	0	0	0	0	0	0	0	0	0
2.511948452e-05	6.156151583e-12	0	0	0	0	0	0	0	0	0	0
2.20318305e-05	5.418527663e-12	0	0	0	0	0	0	0	0	0	0
1.918432933e-05	4.379828096e-12	0	0	0	0	0	0	0	0	0	0
1.65250351e-05	3.230500676e-12	0	0	0	0	0	0	0	0	0	0
1.403310695e-05	2.219693553e-12	0	0	0	0	0	0	0	0	0	0
1.171754935e-05	1.944490587e-12	0	0	0	0	0	0	0	0	0	0
9.642984877e-06	2.764435637e-12	0	0	0	0	0	0	0	0	0	0
7.930176368e-06	4.14168183e-12	0	0	0	0	0	0	0	0	0	0
6.782937496e-06	5.8091091e-12	0	0	0	0	0	0	0	0	0	0
6.442137492e-06	7.741016938e-12	0	0	0	0	0	0	0	0	0	0
6.969028648e-06	9.949206625e-12	0	0	0	0	0	0	0	0	0	0
8.181323435e-06	1.246108304e-11	0	0	0	0	0	0	0	0	0	0
9.824946207e-06	1.525761953e-11	0	0	0	0	0	0	0	0	0	0
1.175411207e-05	1.826850321e-11	0	0	0	0	0	0	0	0	0	0
1.38684425e-05	2.143588098e-11	0	0	0	0	0	0	0	0	0	0
1.612141794e-05	2.462723355e-11	0	0	0	0	0	0	0	0	0	0
1.849083809e-05	2.775036099e-11	0	0	0	0	0	0	0	0	0	0
2.09667275e-05	3.063715975e-11	0	0	0	0	0	0	0	0	0	0
2.356062223e-05	3.325137266e-11	0	0	0	0	0	0	0	0	0	0
2.628777902e-05	3.55450645e-11	0	0	0	0	0	0	0	0	0	0
2.917762646e-05	3.75031974e-11	0	0	0	0	0	0	0	0	0	0
3.225497848e-05	3.92515376e-11	0	0	0	0	0	0	0	0	0	0
3.553618121e-05	4.090044769e-11	0	0	0	0	0	0	0	0	0	0
3.90215114e-05	4.261042037e-11	0	0	0	0	0	0	0	0	0	0
4.268141567e-05	4.442180765e-11	0	0	0	0	0	0	0	0	0	0
4.646696001e-05	4.656039867e-11	0	0	0	0	0	0	0	0	0	0
5.030398379e-05	4.917474745e-11	0	0	0	0	0	0	0	0	0	0
5.410469537e-05	5.222153496e-11	0	0	0	0	0	0	0	0	0	0
5.777312386e-05	5.574357735e-11	0	0	0	0	0	0	0	0	0	0
6.1214775e-05	5.990171041e-11	0	0	0	0	0	0	0	0	0	0
6.434425434e-05	6.454180695e-11	0	0	0	0	0	0	0	0	0	0
6.708888646e-05	6.963580378e-11	0	0	0	0	0	0	0	0	0	0
6.939484765e-05	7.518568996e-11	0	0	0	0	0	0	0	0	0	0
7.12240471e-05	8.112606759e-11	0	0	0	0	0	0	0	0	0	0
7.255557074e-05	8.717719649e-11	0	0	0	0	0	0	0	0	0	0
7.338086739e-05	9.308826728e-11	0	0	0	0	0	0	0	0	0	0
7.36998133e-05	9.848244594e-11	0	0	0	0	0	0	0	0	0	0
7.351806834e-05	1.03162745e-10	0	0	0	0	0	0	0	0	0	0
7.284597758e-05	1.06659706e-10	0	0	0	0	0	0	0	0	0	0
7.169734767e-05	1.086262304e-10	0	0	0	0	0	0	0	0	0	0
7.009172264e-05	1.08737997e-10	0	0	0	0	0	0	0	0	0	0
6.806282618e-05	1.068251532e-10	0	0	0	0	0	0	0	0	0	0
6.565596093e-05	1.031510823e-10	0	0	0	0	0	0	0	0	0	0
6.29360768e-05	9.767402677e-11	0	0	0	0	0	0	0	0	0	0
5.99829506e-05	9.088729648e-11	0	0	0	0	0	0	0	0	0	0
5.689145677e-05	8.324084144e-11	0	0	0	0	0	0	0	0	0	0
5.375906887e-05	7.519205371e-11	0	0	0	0	0	0	0	0	0	0
5.067673903e-05	6.722637021e-11	0	0	0	0	0	0	0	0	0	0
4.771360843e-05	5.973935448e-11	0	0	0	0	0	0	0	0	0	0
4.490859725e-05	5.30640005e-11	0	0	0	0	0	0	0	0	0	0
4.226181547e-05	4.729457996e-11	0	0	0	0	0	0	0	0	0	0
3.974082079e-05	4.255769086e-11	0	0	0	0	0	0	0	0	0	0
3.729129271e-05	3.88555822e-11	0	0	0	0	0	0	0	0	0	0
3.486153062e-05	3.619026882e-11	0	0	0	0	0	0	0	0	0	0
3.241973744e-05	3.451085699e-11	0	0	0	0	0	0	0	0	0	0
2.997554247e-05	3.365630587e-11	0	0	0	0	0	0	0	0	0	0
2.758542211e-05	3.374008125e-11	0	0	0	0	0	0	0	0	0	0
2.53500136e-05	3.453800883e-11	0	0	0	0	0	0	0	0	0	0
2.339249043e-05	3.591150668e-11	0	0	0	0	0	0	0	0	0	0
2.1799357e-05	3.760972349e-11	0	0	0	0	0	0	0	0	0	0
2.059603867e-05	3.925705593e-11	0	0	0	0	0	0	0	0	0	0
1.968834426e-05	4.043857757e-11	0	0	0	0	0	0	0	0	0	0
1.890423265e-05	4.065676651e-11	0	0	0	0	0	0	0	0	0	0
1.803072453e-05	3.948736966e-11	0	0	0	0	0	0	0	0	0	0
1.690796194e-05	3.661238647e-11	0	0	0	0	0	0	0	0	0	0
1.549540153e-05	3.188824854e-11	0	0	0	0	0	0	0	0	0	0
1.393555357e-05	2.552035669e-11	0	0	0	0	0	0	0	0	0	0
1.263918936e-05	1.793703601e-11	0	0	0	0	0	0	0	0	0	0
1.223948596e-05	9.946985151e-12	0	0	0	0	0	0	0	0	0	0
1.320770746e-05	2.911633846e-12	0	0	0	0	0	0	0	0	0	0
1.536080769e-05	5.082382458e-12	0	0	0	0	0	0	0	0	0	0
1.809201509e-05	9.490612337e-12	0	0	0	0	0	0	0	0	0	0
2.091643654e-05	1.144081493e-11	0	0	0	0	0	0	0	0	0	0
2.377257211e-05	1.018062018e-11	0	0	0	0	0	0	0	0	0	0
2.722492952e-05	6.061403427e-12	0	0	0	0	0	0	0	0	0	0
3.248652516e-05	1.248883976e-11	0	0	0	0	0	0	0	0	0	0
4.095578575e-05	3.481603353e-11	0	0	0	0	0	0	0	0	0	0
5.347018666e-05	7.338120685e-11	0	0	0	0	0	0	0	0	0	0
7.005925802e-05	1.336808882e-10	0	0	0	0	0	0	0	0	0	0
9.015093432e-05	2.224734989e-10	0	0	0	0	0	0	0	0	0	0
0.0001128090261	3.427204899e-10	0	0	0	0	0	0	0	0	0	0
0.0001368347238	4.954866513e-10	0	0	0	0	0	0	0	0	0	0
0.0001608718281	6.738768441e-10	0	0	0	0	0	0	0	0	0	0
0.0001834821197	8.658514242e-10	0	0	0	0	0	0	0	0	0	0
0.0002032642978	1.053913931e-09	3.751289857e-15	0	0	0	0	0	0	0	0	0
0.0002189509742	1.21562273e-09	6.60785875e-15	0	0	0	0	0	0	0	0	0
0.0002295382718	1.335015874e-09	3.990129548e-15	0	0	0	0	0	0	0	0	0
0.0002343602554	1.393966042e-09	3.717094246e-15	0	0	0	0	0	0	0	0	0
0.0002331610765	1.386028928e-09	3.773797035e-15	0	0	0	0	0	0	0	0	0
0.00022611816	1.313488083e-09	4.253570571e-15	0	0	0	0	0	0	0	0	0
0.0002138204797	1.186357964e-09	5.756091798e-15	0	0	0	0	0	0	0	0	0
0.0001972146559	1.020612437e-09	2.297948899e-15	0	0	0	0	0	0	0	0	0
0.0001775059675	8.361894816e-10	0	0	0	0	0	0	0	0	0	0
0.0001560296052	6.52004054e-10	0	0	0	0	0	0	0	0	0	0
0.0001341292819	4.838705884e-10	0	0	0	0	0	0	0	0	0	0
0.0001130180478	3.419072226e-10	0	0	0	0	0	0	0	0	0	0
9.368036814e-05	2.296212283e-10	0	0	0	0	0	0	0	0	0	0
7.679733799e-05	1.462910861e-10	0	0	0	0	0	0	0	0	0	0
6.270710773e-05	8.783823889e-11	0	0	0	0	0	0	0	0	0	0
5.141811744e-05	4.913382545e-11	0	0	0	0	0	0	0	0	0	0
4.266134739e-05	2.476309211e-11	0	0	0	0	0	0	0	0	0	0
3.599249249e-05	1.071124647e-11	0	0	0	0	0	0	0	0	0	0
3.091401903e-05	6.004742229e-12	0	0	0	0	0	0	0	0	0	0
2.698211126e-05	7.28816918e-12	0	0	0	0	0	0	0	0	0	0
2.384075866e-05	8.151342524e-12	0	0	0	0	0	0	0	0	0	0
2.123240963e-05	7.601048067e-12	0	0	0	0	0	0	0	0	0	0
1.896812707e-05	5.898978863e-12	0	0	0	0	0	0	0	0	0	0
1.691842937e-05	3.620525119e-12	0	0	0	0	0	0	0	0	0	0
1.504077224e-05	2.558794932e-12	0	0	0	0	0	0	0	0	0	0
1.338045813e-05	5.018727283e-12	0	0	0	0	0	0	0	0	0	0
1.2082868e-05	8.658488291e-12	0	0	0	0	0	0	0	0	0	0
1.138604402e-05	1.261116835e-11	0	0	0	0	0	0	0	0	0	0
1.147214538e-05	1.668416693e-11	0	0	0	0	0	0	0	0	0	0
1.234242147e-05	2.085935498e-11	0	0	0	0	0	0	0	0	0	0
1.381657717e-05	2.510809235e-11	0	0	0	0	0	0	0	0	0	0
1.564331979e-05	2.945087394e-11	0	0	0	0	0	0	0	0	0	0
1.763504117e-05	3.386323003e-11	0	0	0	0	0	0	0	0	0	0
1.968709586e-05	3.831080988e-11	0	0	0	0	0	0	0	0	0	0
2.173349734e-05	4.268738066e-11	0	0	0	0	0	0	0	0	0	0
2.377730101e-05	4.686387761e-11	0	0	0	0	0	0	0	0	0	0
2.581816269e-05	5.072932151e-11	0	0	0	0	0	0	0	0	0	0
2.788729017e-05	5.39805025e-11	0	0	0	0	0	0	0	0	0	0
3.000739943e-05	5.649276251e-11	0	0	0	0	0	0	0	0	0	0
3.218671364e-05	5.81390329e-11	0	0	0	0	0	0	0	0	0	0
3.442969895e-05	5.879323523e-11	0	0	0	0	0	0	0	0	0	0
3.67366758e-05	5.844556284e-11	0	0	0	0	0	0	0	0	0	0
3.910792392e-05	5.722280005e-11	0	0	0	0	0	0	0	0	0	0
4.155550527e-05	5.542513459e-11	0	0	0	0	0	0	0	0	0	0
4.409392974e-05	5.319157675e-11	0	0	0	0	0	0	0	0	0	0
4.674121887e-05	5.086152188e-11	0	0	0	0	0	0	0	0	0	0
4.950954939e-05	4.872568203e-11	0	0	0	0	0	0	0	0	0	0
5.239478738e-05	4.706126057e-11	0	0	0	0	0	0	0	0	0	0
5.537114176e-05	4.602576918e-11	0	0	0	0	0	0	0	0	0	0
5.838635119e-05	4.574353087e-11	0	0	0	0	0	0	0	0	0	0
6.136752224e-05	4.629487127e-11	0	0	0	0	0	0	0	0	0	0
6.42239752e-05	4.755148389e-11	0	0	0	0	0	0	0	0	0	0
6.685985967e-05	4.956923479e-11	0	0	0	0	0	0	0	0	0	0
6.918268934e-05	5.227364302e-11	0	0	0	0	0	0	0	0	0	0
7.11117439e-05	5.548417199e-11	0	0	0	0	0	0	0	0	0	0
7.258436896e-05	5.936465598e-11	0	0	0	0	0	0	0	0	0	0
7.355864297e-05	6.384550586e-11	0	0	0	0	0	0	0	0	0	0
7.401216369e-05	6.871035411e-11	0	0	0	0	0	0	0	0	0	0
7.394082069e-05	7.405880764e-11	0	0	0	0	0	0	0	0	0	0
7.335083162e-05	7.958090309e-11	0	0	0	0	0	0	0	0	0	0
7.225617153e-05	8.51191513e-11	0	0	0	0	0	0	0	0	0	0
7.067307069e-05	9.027790554e-11	0	0	0	0	0	0	0	0	0	0
6.861717223e-05	9.462090213e-11	0	0	0	0	0	0	0	0	0	0
6.610589276e-05	9.757828983e-11	0	0	0	0	0	0	0	0	0	0
6.316096199e-05	9.877430867e-11	0	0	0	0	0	0	0	0	0	0
5.98187822e-05	9.779824529e-11	0	0	0	0	0	0	0	0	0	0
5.613078462e-05	9.473215111e-11	0	0	0	0	0	0	0	0	0	0
5.217630791e-05	8.943009786e-11	0	0	0	0	0	0	0	0	0	0
4.806159005e-05	8.229811686e-11	0	0	0	0	0	0	0	0	0	0
4.391411675e-05	7.38494081e-11	0	0	0	0	0	0	0	0	0	0
3.987306282e-05	6.480406184e-11	0	0	0	0	0	0	0	0	0	0
3.607246967e-05	5.555160365e-11	0	0	0	0	0	0	0	0	0	0
3.261541016e-05	4.674854684e-11	0	0	0	0	0	0	0	0	0	0
2.954897803e-05	3.875509401e-11	0	0	0	0	0	0	0	0	0	0
2.685652285e-05	3.176168892e-11	0	0	0	0	0	0	0	0	0	0
2.445414123e-05	2.599542417e-11	0	0	0	0	0	0	0	0	0	0
2.222227589e-05	2.13756342e-11	0	0	0	0	0	0	0	0	0	0
2.004181225e-05	1.785671749e-11	0	0	0	0	0	0	0	0	0	0
1.783168379e-05	1.524295656e-11	0	0	0	0	0	0	0	0	0	0
1.557836415e-05	1.345143656e-11	0	0	0	0	0	0	0	0	0	0
1.336991627e-05	1.230923364e-11	0	0	0	0	0	0	0	0	0	0
1.137603146e-05	1.170105557e-11	0	0	0	0	0	0	0	0	0	0
9.850587001e-06	1.141946169e-11	0	0	0	0	0	0	0	0	0	0
9.034231334e-06	1.127531537e-11	0	0	0	0	0	0	0	0	0	0
8.981823671e-06	1.100614012e-11	0	0	0	0	0	0	0	0	0	0
9.501342171e-06	1.038981021e-11	0	0	0	0	0	0	0	0	0	0
1.035492709e-05	9.227716914e-12	0	0	0	0	0	0	0	0	0	0
1.144800248e-05	7.353566333e-12	0	0	0	0	0	0	0	0	0	0
1.285899269e-05	4.833989455e-12	0	0	0	0	0	0	0	0	0	0
1.47504117e-05	2.420362629e-12	0	0	0	0	0	0	0	0	0	0
1.723176929e-05	3.853130987e-12	0	0	0	0	0	0	0	0	0	0
2.028941667e-05	7.45078654e-12	0	0	0	0	0	0	0	0	0	0
2.378640535e-05	1.09282599e-11	0	0	0	0	0	0	0	0	0	0
2.753477291e-05	1.356828287e-11	0	0	0	0	0	0	0	0	0	0
3.139288453e-05	1.462112095e-11	0	0	0	0	0	0	0	0	0	0
3.536025742e-05	1.383985637e-11	0	0	0	0	0	0	0	0	0	0
3.970288433e-05	1.168072854e-11	0	0	0	0	0	0	0	0	0	0
4.502850704e-05	1.379949893e-11	0	0	0	0	0	0	0	0	0	0
5.221984915e-05	2.893794866e-11	0	0	0	0	0	0	0	0	0	0
6.217392921e-05	5.851544596e-11	0	0	0	0	0	0	0	0	0	0
7.543578878e-05	1.065606672e-10	0	0	0	0	0	0	0	0	0	0
9.200881189e-05	1.777660302e-10	0	0	0	0	0	0	0	0	0	0
0.0001113709985	2.775270697e-10	0	0	0	0	0	0	0	0	0	0
0.0001325853103	4.058263078e-10	0	0	0	0	0	0	0	0	0	0
0.0001544379833	5.607651447e-10	0	0	0	0	0	0	0	0	0	0
0.0001755441392	7.330112105e-10	0	0	0	0	0	0	0	0	0	0
0.0001944785956	9.068509971e-10	0	0	0	0	0	0	0	0	0	0
0.0002099059955	1.063717776e-09	2.290429874e-15	0	0	0	0	0	0	0	0	0
0.0002206885134	1.186470154e-09	2.837779143e-15	0	0	0	0	0	0	0	0	0
0.0002260146588	1.257273167e-09	4.343801294e-15	0	0	0	0	0	0	0	0	0
0.0002254654617	1.269521052e-09	4.031008648e-15	0	0	0	0	0	0	0	0	0
0.0002190668639	1.217304802e-09	2.926737613e-15	0	0	0	0	0	0	0	0	0
0.0002072835224	1.113471116e-09	9.155179808e-15	0	0	0	0	0	0	0	0	0
0.0001909708038	9.68819623e-10	0	0	0	0	0	0	0	0	0	0
0.0001712853476	8.026087936e-10	0	0	0	0	0	0	0	0	0	0
0.000149558055	6.331762399e-10	0	0	0	0	0	0	0	0	0	0
0.0001271605303	4.746999376e-10	0	0	0	0	0	0	0	0	0	0
0.0001053732889	3.385824665e-10	0	0	0	0	0	0	0	0	0	0
8.525839e-05	2.296806941e-10	0	0	0	0	0	0	0	0	0	0
6.758859728e-05	1.479447879e-10	0	0	0	0	0	0	0	0	0	0
5.279460153e-05	9.018544201e-11	0	0	0	0	0	0	0	0	0	0
4.096301053e-05	5.150388275e-11	0	0	0	0	0	0	0	0	0	0
3.187069251e-05	2.680321115e-11	0	0	0	0	0	0	0	0	0	0
2.506860588e-05	1.189549448e-11	0	0	0	0	0	0	0	0	0	0
2.001303382e-05	4.128056877e-12	0	0	0	0	0	0	0	0	0	0
1.62053055e-05	3.039996324e-12	0	0	0	0	0	0	0	0	0	0
1.329068276e-05	3.451439214e-12	0	0	0	0	0	0	0	0	0	0
1.106416024e-05	2.45241532e-12	0	0	0	0	0	0	0	0	0	0
9.459039047e-06	1.336339442e-12	0	0	0	0	0	0	0	0	0	0
8.49815488e-06	4.063797745e-12	0	0	0	0	0	0	0	0	0	0
8.290586989e-06	8.118500636e-12	0	0	0	0	0	0	0	0	0	0
8.935332857e-06	1.271661474e-11	0	0	0	0	0	0	0	0	0	0
1.040379723e-05	1.768715202e-11	0	0	0	0	0	0	0	0	0	0
1.254470782e-05	2.290154198e-11	0	0	0	0	0	0	0	0	0	0
1.515015616e-05	2.836925772e-11	0	0	0	0	0	0	0	0	0	0
1.804419585e-05	3.412386948e-11	0	0	0	0	0	0	0	0	0	0
2.107317161e-05	4.022299395e-11	0	0	0	0	0	0	0	0	0	0
2.411581269e-05	4.672435446e-11	0	0	0	0	0	0	0	0	0	0
2.710744343e-05	5.362278464e-11	0	0	0	0	0	0	0	0	0	0
2.998904895e-05	6.089489114e-11	0	0	0	0	0	0	0	0	0	0
3.274552194e-05	6.856457871e-11	0	0	0	0	0	0	0	0	0	0
3.539765323e-05	7.639161495e-11	0	0	0	0	0	0	0	0	0	0
3.795723071e-05	8.414617616e-11	0	0	0	0	0	0	0	0	0	0
4.044972268e-05	9.158675339e-11	0	0	0	0	0	0	0	0	0	0
4.288702781e-05	9.810191462e-11	0	0	0	0	0	0	0	0	0	0
4.527269164e-05	1.034027569e-10	0	0	0	0	0	0	0	0	0	0
4.759378326e-05	1.071627879e-10	0	0	0	0	0	0	0	0	0	0
4.982464657e-05	1.08912995e-10	0	0	0	0	0	0	0	0	0	0
5.194031909e-05	1.087780865e-10	0	0	0	0	0	0	0	0	0	0
5.391480116e-05	1.064087398e-10	0	0	0	0	0	0	0	0	0	0
5.573826094e-05	1.022766174e-10	0	0	0	0	0	0	0	0	0	0
5.741180283e-05	9.670355875e-11	0	0	0	0	0	0	0	0	0	0
5.89505818e-05	9.011368242e-11	0	0	0	0	0	0	0	0	0	0
6.038069129e-05	8.31130881e-11	0	0	0	0	0	0	0	0	0	0
6.172735831e-05	7.61813276e-11	0	0	0	0	0	0	0	0	0	0
6.300852471e-05	6.976204101e-11	0	0	0	0	0	0	0	0	0	0
6.422361828e-05	6.429444947e-11	0	0	0	0	0	0	0	0	0	0
6.535157262e-05	5.972610784e-11	0	0	0	0	0	0	0	0	0	0
6.635047751e-05	5.62241564e-11	0	0	0	0	0	0	0	0	0	0
6.71646426e-05	5.380172327e-11	0	0	0	0	0	0	0	0	0	0
6.773070439e-05	5.235130475e-11	0	0	0	0	0	0	0	0	0	0
6.799104427e-05	5.177304007e-11	0	0	0	0	0	0	0	0	0	0
6.790083613e-05	5.189607928e-11	0	0	0	0	0	0	0	0	0	0
6.743543488e-05	5.289066022e-11	0	0	0	0	0	0	0	0	0	0
6.659388156e-05	5.452248978e-11	0	0	0	0	0	0	0	0	0	0
6.539455487e-05	5.717723417e-11	0	0	0	0	0	0	0	0	0	0
6.387308491e-05	6.054799301e-11	0	0	0	0	0	0	0	0	0	0
6.207210351e-05	6.473210876e-11	0	0	0	0	0	0	0	0	0	0
6.003307996e-05	6.954837001e-11	0	0	0	0	0	0	0	0	0	0
5.778628946e-05	7.462213789e-11	0	0	0	0	0	0	0	0	0	0
5.534463555e-05	7.947686592e-11	0	0	0	0	0	0	0	0	0	0
5.270447102e-05	8.346473545e-11	0	0	0	0	0	0	0	0	0	0
4.984282256e-05	8.604399284e-11	0	0	0	0	0	0	0	0	0	0
4.673613935e-05	8.668051602e-11	0	0	0	0	0	0	0	0	0	0
4.33664048e-05	8.48942029e-11	0	0	0	0	0	0	0	0	0	0
3.973746278e-05	8.084629643e-11	0	0	0	0	0	0	0	0	0	0
3.588731157e-05	7.445554462e-11	0	0	0	0	0	0	0	0	0	0
3.18899111e-05	6.621069618e-11	0	0	0	0	0	0	0	0	0	0
2.7857618e-05	5.680924385e-11	0	0	0	0	0	0	0	0	0	0
2.392198368e-05	4.696397755e-11	0	0	0	0	0	0	0	0	0	0
2.022147907e-05	3.737171884e-11	0	0	0	0	0	0	0	0	0	0
1.687860045e-05	2.856933908e-11	0	0	0	0	0	0	0	0	0	0
1.396210467e-05	2.095022411e-11	0	0	0	0	0	0	0	0	0	0
1.14672114e-05	1.471962171e-11	0	0	0	0	0	0	0	0	0	0
9.355008206e-06	9.875849816e-12	0	0	0	0	0	0	0	0	0	0
7.558362706e-06	6.346614921e-12	0	0	0	0	0	0	0	0	0	0
6.109798199e-06	3.938278328e-12	0	0	0	0	0	0	0	0	0	0
5.243931513e-06	2.46921345e-12	0	0	0	0	0	0	0	0	0	0
5.319022731e-06	1.773678241e-12	0	0	0	0	0	0	0	0	0	0
6.36320477e-06	1.69531517e-12	0	0	0	0	0	0	0	0	0	0
7.990581592e-06	1.943195063e-12	0	0	0	0	0	0	0	0	0	0
9.851181038e-06	2.254645293e-12	0	0	0	0	0	0	0	0	0	0
1.17798342e-05	2.486122249e-12	0	0	0	0	0	0	0	0	0	0
1.375698384e-05	2.604576145e-12	0	0	0	0	0	0	0	0	0	0
1.588815123e-05	2.675367407e-12	0	0	0	0	0	0	0	0	0	0
1.835666606e-05	2.903167442e-12	0	0	0	0	0	0	0	0	0	0
2.134188527e-05	3.483224157e-12	0	0	0	0	0	0	0	0	0	0
2.495683121e-05	4.429905716e-12	0	0	0	0	0	0	0	0	0	0
2.920117974e-05	5.660186252e-12	0	0	0	0	0	0	0	0	0	0
3.399309593e-05	7.18478743e-12	0	0	0	0	0	0	0	0	0	0
3.921348717e-05	9.217568585e-12	0	0	0	0	0	0	0	0	0	0
4.477538087e-05	1.264109363e-11	0	0	0	0	0	0	0	0	0	0
5.067397102e-05	1.854986758e-11	0	0	0	0	0	0	0	0	0	0
5.702400053e-05	2.838742653e-11	0	0	0	0	0	0	0	0	0	0
6.40521939e-05	4.37249481e-11	0	0	0	0	0	0	0	0	0	0
7.205971565e-05	6.660592984e-11	0	0	0	0	0	0	0	0	0	0
8.131646287e-05	9.923666299e-11	0	0	0	0	0	0	0	0	0	0
9.195169794e-05	1.434498545e-10	0	0	0	0	0	0	0	0	0	0
0.0001038676853	2.008472701e-10	0	0	0	0	0	0	0	0	0	0
0.000116698559	2.716890294e-10	0	0	0	0	0	0	0	0	0	0
0.0001298373407	3.532980659e-10	0	0	0	0	0	0	0	0	0	0
0.0001425086361	4.423114881e-10	0	0	0	0	0	0	0	0	0	0
0.0001538523643	5.307463372e-10	0	0	0	0	0	0	0	0	0	0
0.0001630136432	6.104002752e-10	0	0	0	0	0	0	0	0	0	0
0.0001692400161	6.720535311e-10	0	0	0	0	0	0	0	0	0	0
0.0001719616137	7.092379624e-10	0	0	0	0	0	0	0	0	0	0
0.0001708433588	7.162703696e-10	0	0	0	0	0	0	0	0	0	0
0.0001658273263	6.9238844e-10	0	0	0	0	0	0	0	0	0	0
0.0001571405277	6.40501466e-10	0	0	0	0	0	0	0	0	0	0
0.0001452748657	5.665568728e-10	0	0	0	0	0	0	0	0	0	0
0.0001309396017	4.794037717e-10	0	0	0	0	0	0	0	0	0	0
0.0001149925771	3.876449317e-10	0	0	0	0	0	0	0	0	0	0
9.83628133e-05	2.996785377e-10	0	0	0	0	0	0	0	0	0	0
8.1957649e-05	2.21256168e-10	0	0	0	0	0	0	0	0	0	0
6.658257545e-05	1.561014768e-10	0	0	0	0	0	0	0	0	0	0
5.286764103e-05	1.050868402e-10	0	0	0	0	0	0	0	0	0	0
4.121896056e-05	6.724754173e-11	0	0	0	0	0	0	0	0	0	0
3.177969098e-05	4.060422016e-11	0	0	0	0	0	0	0	0	0	0
2.442414502e-05	2.273412068e-11	0	0	0	0	0	0	0	0	0	0
1.880393076e-05	1.136297497e-11	0	0	0	0	0	0	0	0	0	0
1.445769804e-05	4.811497116e-12	0	0	0	0	0	0	0	0	0	0
1.096181214e-05	1.950379015e-12	0	0	0	0	0	0	0	0	0	0
8.045429781e-06	1.207935166e-12	0	0	0	0	0	0	0	0	0	0
5.657183097e-06	1.087841249e-12	0	0	0	0	0	0	0	0	0	0
4.017735794e-06	2.834925254e-12	0	0	0	0	0	0	0	0	0	0
3.639035672e-06	5.634276708e-12	0	0	0	0	0	0	0	0	0	0
4.542653676e-06	8.899989745e-12	0	0	0	0	0	0	0	0	0	0
6.12075531e-06	1.240740084e-11	0	0	0	0	0	0	0	0	0	0
8.070713955e-06	1.600907448e-11	0	0	0	0	0	0	0	0	0	0
1.034484271e-05	1.964279073e-11	0	0	0	0	0	0	0	0	0	0
1.293397132e-05	2.336259876e-11	0	0	0	0	0	0	0	0	0	0
1.580333084e-05	2.724074636e-11	0	0	0	0	0	0	0	0	0	0
1.888280262e-05	3.141081952e-11	0	0	0	0	0	0	0	0	0	0
2.208635127e-05	3.603886026e-11	0	0	0	0	0	0	0	0	0	0
2.534706475e-05	4.126785809e-11	0	0	0	0	0	0	0	0	0	0
2.860216507e-05	4.72311043e-11	0	0	0	0	0	0	0	0	0	0
3.184253999e-05	5.409668322e-11	0	0	0	0	0	0	0	0	0	0
3.507459331e-05	6.195162364e-11	0	0	0	0	0	0	0	0	0	0
3.833153424e-05	7.081535202e-11	0	0	0	0	0	0	0	0	0	0
4.164531312e-05	8.054344403e-11	0	0	0	0	0	0	0	0	0	0
4.503787307e-05	9.109918124e-11	0	0	0	0	0	0	0	0	0	0
4.849795939e-05	1.020565335e-10	0	0	0	0	0	0	0	0	0	0
5.198478531e-05	1.130232572e-10	0	0	0	0	0	0	0	0	0	0
5.542221696e-05	1.234176578e-10	0	0	0	0	0	0	0	0	0	0
5.871068608e-05	1.324321008e-10	0	0	0	0	0	0	0	0	0	0
6.174081873e-05	1.395810151e-10	0	0	0	0	0	0	0	0	0	0
6.441017565e-05	1.442409486e-10	0	0	0	0	0	0	0	0	0	0
6.663402994e-05	1.457962872e-10	0	0	0	0	0	0	0	0	0	0
6.835924513e-05	1.444281661e-10	0	0	0	0	0	0	0	0	0	0
6.956787563e-05	1.400824906e-10	0	0	0	0	0	0	0	0	0	0
7.02778418e-05	1.331334635e-10	0	0	0	0	0	0	0	0	0	0
7.053790458e-05	1.244352798e-10	0	0	0	0	0	0	0	0	0	0
7.041747659e-05	1.145437498e-10	0	0	0	0	0	0	0	0	0	0
6.999387003e-05	1.041655686e-10	0	0	0	0	0	0	0	0	0	0
6.933691818e-05	9.417625141e-11	0	0	0	0	0	0	0	0	0	0
6.849944725e-05	8.491587754e-11	0	0	0	0	0	0	0	0	0	0
6.750712073e-05	7.679748755e-11	0	0	0	0	0	0	0	0	0	0
6.635979789e-05	7.001316455e-11	0	0	0	0	0	0	0	0	0	0
6.503609758e-05	6.452729907e-11	0	0	0	0	0	0	0	0	0	0
6.350520316e-05	6.028792943e-11	0	0	0	0	0	0	0	0	0	0
6.174025905e-05	5.728743135e-11	0	0	0	0	0	0	0	0	0	0
5.973125204e-05	5.539742045e-11	0	0	0	0	0	0	0	0	0	0
5.749528645e-05	5.469433249e-11	0	0	0	0	0	0	0	0	0	0
5.507954865e-05	5.514263801e-11	0	0	0	0	0	0	0	0	0	0
5.255838232e-05	5.678672669e-11	0	0	0	0	0	0	0	0	0	0
5.002101506e-05	5.972608657e-11	0	0	0	0	0	0	0	0	0	0
4.7558723e-05	6.367127972e-11	0	0	0	0	0	0	0	0	0	0
4.523770815e-05	6.834231255e-11	0	0	0	0	0	0	0	0	0	0
4.30857224e-05	7.336438783e-11	0	0	0	0	0	0	0	0	0	0
4.107328532e-05	7.791311675e-11	0	0	0	0	0	0	0	0	0	0
3.91153287e-05	8.149243561e-11	0	0	0	0	0	0	0	0	0	0
3.708592405e-05	8.314977337e-11	0	0	0	0	0	0	0	0	0	0
3.484402709e-05	8.230906284e-11	0	0	0	0	0	0	0	0	0	0
3.226277079e-05	7.869173471e-11	0	0	0	0	0	0	0	0	0	0
2.926301181e-05	7.230856222e-11	0	0	0	0	0	0	0	0	0	0
2.583433303e-05	6.351802891e-11	0	0	0	0	0	0	0	0	0	0
2.203613983e-05	5.307559942e-11	0	0	0	0	0	0	0	0	0	0
1.800695157e-05	4.197288378e-11	0	0	0	0	0	0	0	0	0	0
1.395148189e-05	3.112342646e-11	0	0	0	0	0	0	0	0	0	0
1.008656863e-05	2.134724554e-11	0	0	0	0	0	0	0	0	0	0
6.65829947e-06	1.322360769e-11	0	0	0	0	0	0	0	0	0	0
3.903507781e-06	7.047829555e-12	0	0	0	0	0	0	0	0	0	0
2.254295356e-06	2.946871432e-12	0	0	0	0	0	0	0	0	0	0
2.420451145e-06	9.035539323e-13	0	0	0	0	0	0	0	0	0	0
3.744178529e-06	8.599817347e-13	0	0	0	0	0	0	0	0	0	0
5.583634153e-06	2.326569071e-12	0	0	0	0	0	0	0	0	0	0
7.927443876e-06	5.249457529e-12	0	0	0	0	0	0	0	0	0	0
1.079348688e-05	9.38541328e-12	0	0	0	0	0	0	0	0	0	0
1.412485563e-05	1.444791921e-11	0	0	0	0	0	0	0	0	0	0
1.786611033e-05	2.019615929e-11	0	0	0	0	0	0	0	0	0	0
2.199621718e-05	2.639601588e-11	0	0	0	0	0	0	0	0	0	0
2.654255842e-05	3.291127723e-11	0	0	0	0	0	0	0	0	0	0
3.156345946e-05	3.971124982e-11	0	0	0	0	0	0	0	0	0	0
3.711817908e-05	4.685799131e-11	0	0	0	0	0	0	0	0	0	0
4.323362233e-05	5.43752299e-11	0	0	0	0	0	0	0	0	0	0
4.987437148e-05	6.281043065e-11	0	0	0	0	0	0	0	0	0	0
5.695829411e-05	7.23612504e-11	0	0	0	0	0	0	0	0	0	0
6.435772136e-05	8.312248278e-11	0	0	0	0	0	0	0	0	0	0
7.19290533e-05	9.60920161e-11	0	0	0	0	0	0	0	0	0	0
7.9527684e-05	1.11383759e-10	0	0	0	0	0	0	0	0	0	0
8.702401733e-05	1.294840488e-10	0	0	0	0	0	0	0	0	0	0
9.431007246e-05	1.505411271e-10	0	0	0	0	0	0	0	0	0	0
0.0001012896464	1.748701622e-10	0	0	0	0	0	0	0	0	0	0
0.0001078622428	2.01714228e-10	0	0	0	0	0	0	0	0	0	0
0.0001139147834	2.311282682e-10	0	0	0	0	0	0	0	0	0	0
0.0001192966218	2.611420615e-10	0	0	0	0	0	0	0	0	0	0
0.0001238194405	2.910376132e-10	0	0	0	0	0	0	0	0	0	0
0.0001272608153	3.177055892e-10	0	0	0	0	0	0	0	0	0	0
0.0001293836351	3.400884012e-10	0	0	0	0	0	0	0	0	0	0
0.0001299601518	3.54902951e-10	0	0	0	0	0	0	0	0	0	0
0.0001288012791	3.601596463e-10	0	0	0	0	0	0	0	0	0	0
0.0001257880246	3.552460328e-10	0	0	0	0	0	0	0	0	0	0
0.0001208894924	3.402743644e-10	0	0	0	0	0	0	0	0	0	0
0.0001141780644	3.152743588e-10	0	0	0	0	0	0	0	0	0	0
0.0001058362049	2.827126022e-10	0	0	0	0	0	0	0	0	0	0
9.614733733e-05	2.447890981e-10	0	0	0	0	0	0	0	0	0	0
8.548572724e-05	2.044642501e-10	0	0	0	0	0	0	0	0	0	0
7.42885406e-05	1.647775272e-10	0	0	0	0	0	0	0	0	0	0
6.303266197e-05	1.276467584e-10	0	0	0	0	0	0	0	0	0	0
5.219174876e-05	9.48608908e-11	0	0	0	0	0	0	0	0	0	0
4.220672061e-05	6.752205606e-11	0	0	0	0	0	0	0	0	0	0
3.343639764e-05	4.552073504e-11	0	0	0	0	0	0	0	0	0	0
2.612040714e-05	2.8803782e-11	0	0	0	0	0	0	0	0	0	0
2.032091435e-05	1.678552913e-11	0	0	0	0	0	0	0	0	0	0
1.588972829e-05	8.569250576e-12	0	0	0	0	0	0	0	0	0	0
1.249695649e-05	3.651250582e-12	0	0	0	0	0	0	0	0	0	0
9.736388742e-06	1.501478297e-12	0	0	0	0	0	0	0	0	0	0
7.311670421e-06	1.009842683e-12	0	0	0	0	0	0	0	0	0	0
5.161249087e-06	1.475191273e-12	0	0	0	0	0	0	0	0	0	0
3.609841105e-06	3.588405104e-12	0	0	0	0	0	0	0	0	0	0
3.417056688e-06	6.567153433e-12	0	0	0	0	0	0	0	0	0	0
4.510984736e-06	9.943945536e-12	0	0	0	0	0	0	0	0	0	0
6.005684128e-06	1.33388483e-11	0	0	0	0	0	0	0	0	0	0
7.509422546e-06	1.649328586e-11	0	0	0	0	0	0	0	0	0	0
9.001788657e-06	1.9214646e-11	0	0	0	0	0	0	0	0	0	0
1.061658661e-05	2.141693144e-11	0	0	0	0	0	0	0	0	0	0
1.249687304e-05	2.317152616e-11	0	0	0	0	0	0	0	0	0	0
1.474183093e-05	2.45859578e-11	0	0	0	0	0	0	0	0	0	0
1.736262577e-05	2.58564825e-11	0	0	0	0	0	0	0	0	0	0
2.029038651e-05	2.720600577e-11	0	0	0	0	0	0	0	0	0	0
2.343166642e-05	2.884018124e-11	0	0	0	0	0	0	0	0	0	0
2.668899726e-05	3.098030311e-11	0	0	0	0	0	0	0	0	0	0
2.998889299e-05	3.379340369e-11	0	0	0	0	0	0	0	0	0	0
3.329954614e-05	3.738465364e-11	0	0	0	0	0	0	0	0	0	0
3.662499944e-05	4.198616987e-11	0	0	0	0	0	0	0	0	0	0
4.00020908e-05	4.774023134e-11	0	0	0	0	0	0	0	0	0	0
4.348103942e-05	5.474101474e-11	0	0	0	0	0	0	0	0	0	0
4.710138274e-05	6.315716132e-11	0	0	0	0	0	0	0	0	0	0
5.087555808e-05	7.287209589e-11	0	0	0	0	0	0	0	0	0	0
5.47710298e-05	8.387440013e-11	0	0	0	0	0	0	0	0	0	0
5.870873322e-05	9.584614246e-11	0	0	0	0	0	0	0	0	0	0
6.256766923e-05	1.08265676e-10	0	0	0	0	0	0	0	0	0	0
6.61988839e-05	1.205826996e-10	0	0	0	0	0	0	0	0	0	0
6.944310439e-05	1.317292493e-10	0	0	0	0	0	0	0	0	0	0
7.214919073e-05	1.410531911e-10	0	0	0	0	0	0	0	0	0	0
7.419264486e-05	1.475810562e-10	0	0	0	0	0	0	0	0	0	0
7.548955338e-05	1.507806392e-10	0	0	0	0	0	0	0	0	0	0
7.600607318e-05	1.504603609e-10	0	0	0	0	0	0	0	0	0	0
7.57623614e-05	1.465544107e-10	0	0	0	0	0	0	0	0	0	0
7.482940163e-05	1.397227709e-10	0	0	0	0	0	0	0	0	0	0
7.331966484e-05	1.305757435e-10	0	0	0	0	0	0	0	0	0	0
7.137195189e-05	1.198926659e-10	0	0	0	0	0	0	0	0	0	0
6.91328053e-05	1.086786271e-10	0	0	0	0	0	0	0	0	0	0
6.673526978e-05	9.771078753e-11	0	0	0	0	0	0	0	0	0	0
6.428127697e-05	8.762816696e-11	0	0	0	0	0	0	0	0	0	0
6.182986001e-05	7.87980139e-11	0	0	0	0	0	0	0	0	0	0
5.939498363e-05	7.143169642e-11	0	0	0	0	0	0	0	0	0	0
5.695356963e-05	6.553817703e-11	0	0	0	0	0	0	0	0	0	0
5.446457731e-05	6.107112036e-11	0	0	0	0	0	0	0	0	0	0
5.189240081e-05	5.805945163e-11	0	0	0	0	0	0	0	0	0	0
4.922962616e-05	5.643955091e-11	0	0	0	0	0	0	0	0	0	0
4.651113816e-05	5.616440726e-11	0	0	0	0	0	0	0	0	0	0
4.381916678e-05	5.729074684e-11	0	0	0	0	0	0	0	0	0	0
4.127195943e-05	5.978873749e-11	0	0	0	0	0	0	0	0	0	0
3.899878606e-05	6.345272916e-11	0	0	0	0	0	0	0	0	0	0
3.709347335e-05	6.793912147e-11	0	0	0	0	0	0	0	0	0	0
3.557981719e-05	7.279317881e-11	0	0	0	0	0	0	0	0	0	0
3.437246268e-05	7.709352345e-11	0	0	0	0	0	0	0	0	0	0
3.32886637e-05	8.012151798e-11	0	0	0	0	0	0	0	0	0	0
3.208406488e-05	8.102474037e-11	0	0	0	0	0	0	0	0	0	0
3.049569586e-05	7.904863628e-11	0	0	0	0	0	0	0	0	0	0
2.832443513e-05	7.394595528e-11	0	0	0	0	0	0	0	0	0	0
2.544566269e-05	6.57214349e-11	0	0	0	0	0	0	0	0	0	0
2.185175457e-05	5.501743955e-11	0	0	0	0	0	0	0	0	0	0
1.767268043e-05	4.292031312e-11	0	0	0	0	0	0	0	0	0	0
1.316200568e-05	3.064183121e-11	0	0	0	0	0	0	0	0	0	0
8.723135574e-06	1.937998182e-11	0	0	0	0	0	0	0	0	0	0
4.97558983e-06	1.007836242e-11	0	0	0	0	0	0	0	0	0	0
3.280461477e-06	3.410136147e-12	0	0	0	0	0	0	0	0	0	0
4.305899459e-06	6.350124322e-13	0	0	0	0	0	0	0	0	0	0
6.000700449e-06	1.067739693e-12	0	0	0	0	0	0	0	0	0	0
8.149995788e-06	2.537777182e-12	0	0	0	0	0	0	0	0	0	0
1.168755235e-05	9.40244462e-12	0	0	0	0	0	0	0	0	0	0
1.721888158e-05	2.078522109e-11	0	0	0	0	0	0	0	0	0	0
2.47080336e-05	3.723756207e-11	0	0	0	0	0	0	0	0	0	0
3.380085901e-05	5.922349558e-11	0	0	0	0	0	0	0	0	0	0
4.40476214e-05	8.701643094e-11	0	0	0	0	0	0	0	0	0	0
5.49879062e-05	1.201710833e-10	0	0	0	0	0	0	0	0	0	0
6.618809956e-05	1.580385095e-10	0	0	0	0	0	0	0	0	0	0
7.726725488e-05	1.98559039e-10	0	0	0	0	0	0	0	0	0	0
8.790411288e-05	2.397873859e-10	0	0	0	0	0	0	0	0	0	0
9.784123306e-05	2.805971298e-10	0	0	0	0	0	0	0	0	0	0
0.0001068745874	3.175993012e-10	0	0	0	0	0	0	0	0	0	0
0.0001148473707	3.484613469e-10	0	0	0	0	0	0	0	0	0	0
0.0001216349621	3.729180242e-10	0	0	0	0	0	0	0	0	0	0
0.0001271368494	3.897830417e-10	0	0	0	0	0	0	0	0	0	0
0.0001312757323	3.980869092e-10	0	0	0	0	0	0	0	0	0	0
0.0001339939987	3.98920843e-10	0	0	0	0	0	0	0	0	0	0
0.000135252448	3.919195179e-10	0	0	0	0	0	0	0	0	0	0
0.0001350379949	3.785930278e-10	0	0	0	0	0	0	0	0	0	0
0.000133367784	3.59758156e-10	0	0	0	0	0	0	0	0	0	0
0.0001302950485	3.364175056e-10	0	0	0	0	0	0	0	0	0	0
0.0001259123197	3.099798017e-10	0	0	0	0	0	0	0	0	0	0
0.0001203532103	2.813549236e-10	0	0	0	0	0	0	0	0	0	0
0.0001137870617	2.514495658e-10	0	0	0	0	0	0	0	0	0	0
0.0001064123839	2.217258802e-10	0	0	0	0	0	0	0	0	0	0
9.844491029e-05	1.923356364e-10	0	0	0	0	0	0	0	0	0	0
9.01041793e-05	1.6457734e-10	0	0	0	0	0	0	0	0	0	0
8.160456792e-05	1.383896688e-10	0	0	0	0	0	0	0	0	0	0
7.314102899e-05	1.144265251e-10	0	0	0	0	0	0	0	0	0	0
6.488540997e-05	9.308092797e-11	0	0	0	0	0	0	0	0	0	0
5.698271809e-05	7.433175369e-11	0	0	0	0	0	0	0	0	0	0
4.954943542e-05	5.801550475e-11	0	0	0	0	0	0	0	0	0	0
4.268036401e-05	4.40776715e-11	0	0	0	0	0	0	0	0	0	0
3.644866111e-05	3.251516323e-11	0	0	0	0	0	0	0	0	0	0
3.090744188e-05	2.294240027e-11	0	0	0	0	0	0	0	0	0	0
2.608231745e-05	1.531343445e-11	0	0	0	0	0	0	0	0	0	0
2.196194404e-05	9.490535305e-12	0	0	0	0	0	0	0	0	0	0
1.847784605e-05	5.308624066e-12	0	0	0	0	0	0	0	0	0	0
1.551115791e-05	2.86847093e-12	0	0	0	0	0	0	0	0	0	0
1.291309543e-05	1.864180397e-12	0	0	0	0	0	0	0	0	0	0
1.05669323e-05	1.462706547e-12	0	0	0	0	0	0	0	0	0	0
8.4698445e-06	2.070841095e-12	0	0	0	0	0	0	0	0	0	0
6.853843703e-06	4.482115856e-12	0	0	0	0	0	0	0	0	0	0
6.234473519e-06	8.143747196e-12	0	0	0	0	0	0	0	0	0	0
6.948965814e-06	1.26926777e-11	0	0	0	0	0	0	0	0	0	0
8.608393241e-06	1.780483793e-11	0	0	0	0	0	0	0	0	0	0
1.060202308e-05	2.308323007e-11	0	0	0	0	0	0	0	0	0	0
1.25599518e-05	2.806982954e-11	0	0	0	0	0	0	0	0	0	0
1.431463591e-05	3.237459251e-11	0	0	0	0	0	0	0	0	0	0
1.584421234e-05	3.568830016e-11	0	0	0	0	0	0	0	0	0	0
1.723752017e-05	3.780059194e-11	0	0	0	0	0	0	0	0	0	0
1.865074e-05	3.871140847e-11	0	0	0	0	0	0	0	0	0	0
2.027316746e-05	3.855325605e-11	0	0	0	0	0	0	0	0	0	0
2.22724046e-05	3.759020137e-11	0	0	0	0	0	0	0	0	0	0
2.47098497e-05	3.618406776e-11	0	0	0	0	0	0	0	0	0	0
2.757185436e-05	3.466709003e-11	0	0	0	0	0	0	0	0	0	0
3.076761626e-05	3.344231124e-11	0	0	0	0	0	0	0	0	0	0
3.418211088e-05	3.264529266e-11	0	0	0	0	0	0	0	0	0	0
3.769548148e-05	3.25218454e-11	0	0	0	0	0	0	0	0	0	0
4.121114234e-05	3.317847506e-11	0	0	0	0	0	0	0	0	0	0
4.466213342e-05	3.469522597e-11	0	0	0	0	0	0	0	0	0	0
4.801434048e-05	3.704179345e-11	0	0	0	0	0	0	0	0	0	0
5.125980333e-05	4.045341726e-11	0	0	0	0	0	0	0	0	0	0
5.440898872e-05	4.489023121e-11	0	0	0	0	0	0	0	0	0	0
5.747732548e-05	5.038922765e-11	0	0	0	0	0	0	0	0	0	0
6.047100072e-05	5.720875277e-11	0	0	0	0	0	0	0	0	0	0
6.337682229e-05	6.535099168e-11	0	0	0	0	0	0	0	0	0	0
6.615277594e-05	7.457266639e-11	0	0	0	0	0	0	0	0	0	0
6.872507184e-05	8.468101837e-11	0	0	0	0	0	0	0	0	0	0
7.099054472e-05	9.511930849e-11	0	0	0	0	0	0	0	0	0	0
7.282956422e-05	1.05316938e-10	0	0	0	0	0	0	0	0	0	0
7.411694756e-05	1.141820698e-10	0	0	0	0	0	0	0	0	0	0
7.474296249e-05	1.2135452e-10	0	0	0	0	0	0	0	0	0	0
7.462928071e-05	1.257380108e-10	0	0	0	0	0	0	0	0	0	0
7.374440991e-05	1.271152656e-10	0	0	0	0	0	0	0	0	0	0
7.211355251e-05	1.252555693e-10	0	0	0	0	0	0	0	0	0	0
6.982072863e-05	1.203060539e-10	0	0	0	0	0	0	0	0	0	0
6.700350086e-05	1.13069622e-10	0	0	0	0	0	0	0	0	0	0
6.383908865e-05	1.041038802e-10	0	0	0	0	0	0	0	0	0	0
6.052299564e-05	9.431630517e-11	0	0	0	0	0	0	0	0	0	0
5.724171233e-05	8.450574331e-11	0	0	0	0	0	0	0	0	0	0
5.414397081e-05	7.525351759e-11	0	0	0	0	0	0	0	0	0	0
5.131671835e-05	6.717038707e-11	0	0	0	0	0	0	0	0	0	0
4.877094812e-05	6.031154648e-11	0	0	0	0	0	0	0	0	0	0
4.645159901e-05	5.489854526e-11	0	0	0	0	0	0	0	0	0	0
4.426106414e-05	5.085291594e-11	0	0	0	0	0	0	0	0	0	0
4.20976287e-05	4.817001357e-11	0	0	0	0	0	0	0	0	0	0
3.989521347e-05	4.676068312e-11	0	0	0	0	0	0	0	0	0	0
3.765158148e-05	4.665847212e-11	0	0	0	0	0	0	0	0	0	0
3.543924306e-05	4.787230171e-11	0	0	0	0	0	0	0	0	0	0
3.339590864e-05	5.032401294e-11	0	0	0	0	0	0	0	0	0	0
3.167873294e-05	5.391428993e-11	0	0	0	0	0	0	0	0	0	0
3.040498122e-05	5.831830642e-11	0	0	0	0	0	0	0	0	0	0
2.957885991e-05	6.286507683e-11	0	0	0	0	0	0	0	0	0	0
2.905800752e-05	6.695297313e-11	0	0	0	0	0	0	0	0	0	0
2.85836062e-05	6.959305172e-11	0	0	0	0	0	0	0	0	0	0
2.783803209e-05	6.999335681e-11	0	0	0	0	0	0	0	0	0	0
2.653691472e-05	6.7438571e-11	0	0	0	0	0	0	0	0	0	0
2.448534055e-05	6.161734863e-11	0	0	0	0	0	0	0	0	0	0
2.160650176e-05	5.272187013e-11	0	0	0	0	0	0	0	0	0	0
1.802480382e-05	4.157228835e-11	0	0	0	0	0	0	0	0	0	0
1.411002146e-05	2.939272336e-11	0	0	0	0	0	0	0	0	0	0
1.064641669e-05	1.762237283e-11	0	0	0	0	0	0	0	0	0	0
8.927324136e-06	7.571147503e-12	0	0	0	0	0	0	0	0	0	0
9.638673685e-06	1.509308555e-12	0	0	0	0	0	0	0	0	0	0
1.159242047e-05	4.396355323e-12	0	0	0	0	0	0	0	0	0	0
1.372573957e-05	4.489532713e-12	0	0	0	0	0	0	0	0	0	0
1.633097188e-05	2.75374111e-12	0	0	0	0	0	0	0	0	0	0
2.085013109e-05	1.286042562e-11	0	0	0	0	0	0	0	0	0	0
2.871373892e-05	3.274022463e-11	0	0	0	0	0	0	0	0	0	0
4.028412074e-05	6.459078933e-11	0	0	0	0	0	0	0	0	0	0
5.51031037e-05	1.116418347e-10	0	0	0	0	0	0	0	0	0	0
7.233441635e-05	1.762225958e-10	0	0	0	0	0	0	0	0	0	0
9.099987504e-05	2.600767684e-10	0	0	0	0	0	0	0	0	0	0
0.0001100487173	3.595890751e-10	0	0	0	0	0	0	0	0	0	0
0.0001284501229	4.693230814e-10	0	0	0	0	0	0	0	0	0	0
0.0001452474385	5.81456412e-10	0	0	0	0	0	0	0	0	0	0
0.0001596374268	6.866661372e-10	0	0	0	0	0	0	0	0	0	0
0.0001709965262	7.73172439e-10	0	0	0	0	0	0	0	0	0	0
0.0001789184704	8.344992525e-10	0	0	0	0	0	0	0	0	0	0
0.0001832206102	8.639400168e-10	0	0	0	0	0	0	0	0	0	0
0.0001839290942	8.607207563e-10	0	0	0	0	0	0	0	0	0	0
0.0001812546151	8.248264274e-10	0	0	0	0	0	0	0	0	0	0
0.0001755642553	7.621682395e-10	0	0	0	0	0	0	0	0	0	0
0.0001673343456	6.803439177e-10	0	0	0	0	0	0	0	0	0	0
0.0001571081965	5.874205786e-10	0	0	0	0	0	0	0	0	0	0
0.0001454538898	4.905052786e-10	0	0	0	0	0	0	0	0	0	0
0.0001329185275	3.976209124e-10	0	0	0	0	0	0	0	0	0	0
0.0001199995257	3.134496403e-10	0	0	0	0	0	0	0	0	0	0
0.0001071205534	2.402270676e-10	0	0	0	0	0	0	0	0	0	0
9.462362966e-05	1.798544592e-10	0	0	0	0	0	0	0	0	0	0
8.277204679e-05	1.313564913e-10	0	0	0	0	0	0	0	0	0	0
7.17674403e-05	9.404247246e-11	0	0	0	0	0	0	0	0	0	0
6.176336937e-05	6.585943881e-11	0	0	0	0	0	0	0	0	0	0
5.287973508e-05	4.49050203e-11	0	0	0	0	0	0	0	0	0	0
4.521044907e-05	2.982183874e-11	0	0	0	0	0	0	0	0	0	0
3.880592455e-05	1.918658027e-11	0	0	0	0	0	0	0	0	0	0
3.363742524e-05	1.188141742e-11	0	0	0	0	0	0	0	0	0	0
2.95778211e-05	7.348227918e-12	0	0	0	0	0	0	0	0	0	0
2.638849163e-05	5.073051969e-12	0	0	0	0	0	0	0	0	0	0
2.376829026e-05	4.28365213e-12	0	0	0	0	0	0	0	0	0	0
2.143090398e-05	4.022344779e-12	0	0	0	0	0	0	0	0	0	0
1.916278471e-05	3.671784017e-12	0	0	0	0	0	0	0	0	0	0
1.686205173e-05	3.094824032e-12	0	0	0	0	0	0	0	0	0	0
1.453132548e-05	2.510214578e-12	0	0	0	0	0	0	0	0	0	0
1.22868252e-05	2.787208571e-12	0	0	0	0	0	0	0	0	0	0
1.039012429e-05	4.602895277e-12	0	0	0	0	0	0	0	0	0	0
9.24649074e-06	7.659004397e-12	0	0	0	0	0	0	0	0	0	0
9.280617286e-06	1.176482909e-11	0	0	0	0	0	0	0	0	0	0
1.054132866e-05	1.689793762e-11	0	0	0	0	0	0	0	0	0	0
1.26710811e-05	2.299921851e-11	0	0	0	0	0	0	0	0	0	0
1.525671398e-05	2.993525657e-11	0	0	0	0	0	0	0	0	0	0
1.799966562e-05	3.744893127e-11	0	0	0	0	0	0	0	0	0	0
2.0692443e-05	4.513734415e-11	0	0	0	0	0	0	0	0	0	0
2.320700908e-05	5.244906686e-11	0	0	0	0	0	0	0	0	0	0
2.545320403e-05	5.890310584e-11	0	0	0	0	0	0	0	0	0	0
2.741040539e-05	6.389600908e-11	0	0	0	0	0	0	0	0	0	0
2.910093948e-05	6.702562822e-11	0	0	0	0	0	0	0	0	0	0
3.061821945e-05	6.820347762e-11	0	0	0	0	0	0	0	0	0	0
3.209679246e-05	6.74220311e-11	0	0	0	0	0	0	0	0	0	0
3.369906251e-05	6.490301902e-11	0	0	0	0	0	0	0	0	0	0
3.557329192e-05	6.126698513e-11	0	0	0	0	0	0	0	0	0	0
3.782122086e-05	5.696700653e-11	0	0	0	0	0	0	0	0	0	0
4.04718306e-05	5.254333631e-11	0	0	0	0	0	0	0	0	0	0
4.348607927e-05	4.85203451e-11	0	0	0	0	0	0	0	0	0	0
4.67646192e-05	4.528759354e-11	0	0	0	0	0	0	0	0	0	0
5.018192356e-05	4.303396485e-11	0	0	0	0	0	0	0	0	0	0
5.360304652e-05	4.174636342e-11	0	0	0	0	0	0	0	0	0	0
5.690133944e-05	4.155098629e-11	0	0	0	0	0	0	0	0	0	0
5.997591131e-05	4.226267087e-11	0	0	0	0	0	0	0	0	0	0
6.275409249e-05	4.368416781e-11	0	0	0	0	0	0	0	0	0	0
6.519339892e-05	4.609032758e-11	0	0	0	0	0	0	0	0	0	0
6.727956608e-05	4.92934712e-11	0	0	0	0	0	0	0	0	0	0
6.90176963e-05	5.333516749e-11	0	0	0	0	0	0	0	0	0	0
7.042252207e-05	5.846955527e-11	0	0	0	0	0	0	0	0	0	0
7.150537338e-05	6.446518021e-11	0	0	0	0	0	0	0	0	0	0
7.226341645e-05	7.126081343e-11	0	0	0	0	0	0	0	0	0	0
7.266851799e-05	7.857163421e-11	0	0	0	0	0	0	0	0	0	0
7.267012429e-05	8.583076692e-11	0	0	0	0	0	0	0	0	0	0
7.219543081e-05	9.24043019e-11	0	0	0	0	0	0	0	0	0	0
7.116541714e-05	9.765130569e-11	0	0	0	0	0	0	0	0	0	0
6.951212561e-05	1.009104142e-10	0	0	0	0	0	0	0	0	0	0
6.720195785e-05	1.014187635e-10	0	0	0	0	0	0	0	0	0	0
6.424992305e-05	9.921487491e-11	0	0	0	0	0	0	0	0	0	0
6.073451019e-05	9.430386065e-11	0	0	0	0	0	0	0	0	0	0
5.679671672e-05	8.717712077e-11	0	0	0	0	0	0	0	0	0	0
5.263050426e-05	7.853917227e-11	0	0	0	0	0	0	0	0	0	0
4.846370259e-05	6.917960367e-11	0	0	0	0	0	0	0	0	0	0
4.452234713e-05	5.985088415e-11	0	0	0	0	0	0	0	0	0	0
4.099219423e-05	5.120154081e-11	0	0	0	0	0	0	0	0	0	0
3.79745485e-05	4.362227954e-11	0	0	0	0	0	0	0	0	0	0
3.546033471e-05	3.735953776e-11	0	0	0	0	0	0	0	0	0	0
3.333380886e-05	3.246515417e-11	0	0	0	0	0	0	0	0	0	0
3.141537144e-05	2.883679908e-11	0	0	0	0	0	0	0	0	0	0
2.952101234e-05	2.631193709e-11	0	0	0	0	0	0	0	0	0	0
2.752124372e-05	2.486331198e-11	0	0	0	0	0	0	0	0	0	0
2.538771055e-05	2.436827236e-11	0	0	0	0	0	0	0	0	0	0
2.320684547e-05	2.491034368e-11	0	0	0	0	0	0	0	0	0	0
2.116447463e-05	2.641999218e-11	0	0	0	0	0	0	0	0	0	0
1.95099104e-05	2.874306137e-11	0	0	0	0	0	0	0	0	0	0
1.843423678e-05	3.160598978e-11	0	0	0	0	0	0	0	0	0	0
1.796560144e-05	3.458533682e-11	0	0	0	0	0	0	0	0	0	0
1.791701842e-05	3.710328352e-11	0	0	0	0	0	0	0	0	0	0
1.796950084e-05	3.850972858e-11	0	0	0	0	0	0	0	0	0	0
1.782046508e-05	3.814651052e-11	0	0	0	0	0	0	0	0	0	0
1.728998844e-05	3.552425954e-11	0	0	0	0	0	0	0	0	0	0
1.639818541e-05	3.049796985e-11	0	0	0	0	0	0	0	0	0	0
1.542659175e-05	2.337397599e-11	0	0	0	0	0	0	0	0	0	0
1.49366757e-05	1.494624352e-11	0	0	0	0	0	0	0	0	0	0
1.552875044e-05	6.552638687e-12	0	0	0	0	0	0	0	0	0	0
1.734468783e-05	3.530289661e-12	0	0	0	0	0	0	0	0	0	0
1.992959482e-05	8.364984451e-12	0	0	0	0	0	0	0	0	0	0
2.267361547e-05	1.119363748e-11	0	0	0	0	0	0	0	0	0	0
2.531717899e-05	1.044181413e-11	0	0	0	0	0	0	0	0	0	0
2.836137544e-05	6.44137482e-12	0	0	0	0	0	0	0	0	0	0
3.323369879e-05	1.327219944e-11	0	0	0	0	0	0	0	0	0	0
4.17577939e-05	3.817900711e-11	0	0	0	0	0	0	0	0	0	0
5.497762271e-05	8.101158052e-11	0	0	0	0	0	0	0	0	0	0
7.274860524e-05	1.481505614e-10	0	0	0	0	0	0	0	0	0	0
9.414623229e-05	2.451165016e-10	0	0	0	0	0	0	0	0	0	0
0.0001178681493	3.75935966e-10	0	0	0	0	0	0	0	0	0	0
0.00014240801	5.35114595e-10	0	0	0	0	0	0	0	0	0	0
0.0001661981079	7.155172665e-10	0	0	0	0	0	0	0	0	0	0
0.0001877115587	9.005656591e-10	0	0	0	0	0	0	0	0	0	0
0.0002055940352	1.070695815e-09	4.062233468e-15	0	0	0	0	0	0	0	0	0
0.0002187628037	1.207383685e-09	4.021673071e-15	0	0	0	0	0	0	0	0	0
0.0002264947228	1.295543802e-09	3.271513653e-15	0	0	0	0	0	0	0	0	0
0.000228463577	1.320087926e-09	3.184433895e-15	0	0	0	0	0	0	0	0	0
0.0002247560825	1.284359728e-09	5.803445463e-15	0	0	0	0	0	0	0	0	0
0.0002158445204	1.192149112e-09	2.953505786e-15	0	0	0	0	0	0	0	0	0
0.0002025279586	1.056779427e-09	3.753618261e-15	0	0	0	0	0	0	0	0	0
0.0001858445672	8.947603088e-10	0	0	0	0	0	0	0	0	0	0
0.000166968464	7.240410784e-10	0	0	0	0	0	0	0	0	0	0
0.0001470977018	5.605996091e-10	0	0	0	0	0	0	0	0	0	0
0.0001273372046	4.152821056e-10	0	0	0	0	0	0	0	0	0	0
0.0001086046247	2.943613803e-10	0	0	0	0	0	0	0	0	0	0
9.155512144e-05	2.000982342e-10	0	0	0	0	0	0	0	0	0	0
7.654634535e-05	1.300754761e-10	0	0	0	0	0	0	0	0	0	0
6.366502608e-05	8.100765548e-11	0	0	0	0	0	0	0	0	0	0
5.277968366e-05	4.778418101e-11	0	0	0	0	0	0	0	0	0	0
4.365626713e-05	2.629233142e-11	0	0	0	0	0	0	0	0	0	0
3.60515183e-05	1.307394892e-11	0	0	0	0	0	0	0	0	0	0
2.979835791e-05	6.176022221e-12	0	0	0	0	0	0	0	0	0	0
2.479657578e-05	4.853321648e-12	0	0	0	0	0	0	0	0	0	0
2.097256936e-05	5.556732533e-12	0	0	0	0	0	0	0	0	0	0
1.817864204e-05	5.679911458e-12	0	0	0	0	0	0	0	0	0	0
1.615009258e-05	5.01236798e-12	0	0	0	0	0	0	0	0	0	0
1.454539265e-05	3.830094064e-12	0	0	0	0	0	0	0	0	0	0
1.307839941e-05	2.538957475e-12	0	0	0	0	0	0	0	0	0	0
1.162681683e-05	2.366895304e-12	0	0	0	0	0	0	0	0	0	0
1.030166786e-05	4.082271706e-12	0	0	0	0	0	0	0	0	0	0
9.437433037e-06	6.658890216e-12	0	0	0	0	0	0	0	0	0	0
9.47537567e-06	9.785692897e-12	0	0	0	0	0	0	0	0	0	0
1.061010261e-05	1.353803026e-11	0	0	0	0	0	0	0	0	0	0
1.264358414e-05	1.799165174e-11	0	0	0	0	0	0	0	0	0	0
1.52412388e-05	2.334121963e-11	0	0	0	0	0	0	0	0	0	0
1.817581508e-05	2.970950001e-11	0	0	0	0	0	0	0	0	0	0
2.129401026e-05	3.723451767e-11	0	0	0	0	0	0	0	0	0	0
2.453191245e-05	4.58251642e-11	0	0	0	0	0	0	0	0	0	0
2.783860692e-05	5.531943178e-11	0	0	0	0	0	0	0	0	0	0
3.113281903e-05	6.54702431e-11	0	0	0	0	0	0	0	0	0	0
3.43512872e-05	7.557053907e-11	0	0	0	0	0	0	0	0	0	0
3.739821116e-05	8.507111746e-11	0	0	0	0	0	0	0	0	0	0
4.020579283e-05	9.303603118e-11	0	0	0	0	0	0	0	0	0	0
4.271163553e-05	9.916673644e-11	0	0	0	0	0	0	0	0	0	0
4.489382677e-05	1.02516212e-10	0	0	0	0	0	0	0	0	0	0
4.677295389e-05	1.030915821e-10	0	0	0	0	0	0	0	0	0	0
4.84204999e-05	1.009729233e-10	0	0	0	0	0	0	0	0	0	0
4.994170168e-05	9.652603702e-11	0	0	0	0	0	0	0	0	0	0
5.146209114e-05	9.035716528e-11	0	0	0	0	0	0	0	0	0	0
5.310083969e-05	8.337127974e-11	0	0	0	0	0	0	0	0	0	0
5.494120668e-05	7.621616018e-11	0	0	0	0	0	0	0	0	0	0
5.701080941e-05	6.955220968e-11	0	0	0	0	0	0	0	0	0	0
5.927260135e-05	6.395017878e-11	0	0	0	0	0	0	0	0	0	0
6.163875846e-05	5.952948866e-11	0	0	0	0	0	0	0	0	0	0
6.398372012e-05	5.648239014e-11	0	0	0	0	0	0	0	0	0	0
6.617031912e-05	5.473425536e-11	0	0	0	0	0	0	0	0	0	0
6.807249857e-05	5.395271807e-11	0	0	0	0	0	0	0	0	0	0
6.959373223e-05	5.413962308e-11	0	0	0	0	0	0	0	0	0	0
7.067265859e-05	5.52164381e-11	0	0	0	0	0	0	0	0	0	0
7.129033661e-05	5.725852359e-11	0	0	0	0	0	0	0	0	0	0
7.146327786e-05	6.005321104e-11	0	0	0	0	0	0	0	0	0	0
7.123057881e-05	6.38009395e-11	0	0	0	0	0	0	0	0	0	0
7.064057069e-05	6.851257911e-11	0	0	0	0	0	0	0	0	0	0
6.973258372e-05	7.400224954e-11	0	0	0	0	0	0	0	0	0	0
6.852068109e-05	7.990353811e-11	0	0	0	0	0	0	0	0	0	0
6.69891436e-05	8.555523245e-11	0	0	0	0	0	0	0	0	0	0
6.508653005e-05	9.038749832e-11	0	0	0	0	0	0	0	0	0	0
6.274608142e-05	9.362663204e-11	0	0	0	0	0	0	0	0	0	0
5.989672362e-05	9.446179643e-11	0	0	0	0	0	0	0	0	0	0
5.649825964e-05	9.247744624e-11	0	0	0	0	0	0	0	0	0	0
5.255610483e-05	8.758382415e-11	0	0	0	0	0	0	0	0	0	0
4.81478499e-05	8.000731048e-11	0	0	0	0	0	0	0	0	0	0
4.341885377e-05	7.047971552e-11	0	0	0	0	0	0	0	0	0	0
3.85813433e-05	5.978752198e-11	0	0	0	0	0	0	0	0	0	0
3.388858331e-05	4.891828656e-11	0	0	0	0	0	0	0	0	0	0
2.959417808e-05	3.866505156e-11	0	0	0	0	0	0	0	0	0	0
2.590369326e-05	2.960351565e-11	0	0	0	0	0	0	0	0	0	0
2.290821389e-05	2.211619937e-11	0	0	0	0	0	0	0	0	0	0
2.054640417e-05	1.626264981e-11	0	0	0	0	0	0	0	0	0	0
1.861308297e-05	1.196199548e-11	0	0	0	0	0	0	0	0	0	0
1.685418923e-05	8.981817505e-12	0	0	0	0	0	0	0	0	0	0
1.504111293e-05	6.999105212e-12	0	0	0	0	0	0	0	0	0	0
1.306563745e-05	5.725945298e-12	0	0	0	0	0	0	0	0	0	0
1.097238002e-05	4.991627297e-12	0	0	0	0	0	0	0	0	0	0
8.981961036e-06	4.74485247e-12	0	0	0	0	0	0	0	0	0	0
7.500057558e-06	4.916589836e-12	0	0	0	0	0	0	0	0	0	0
6.962517711e-06	5.339948638e-12	0	0	0	0	0	0	0	0	0	0
7.41010145e-06	5.770672403e-12	0	0	0	0	0	0	0	0	0	0
8.422153858e-06	5.954910695e-12	0	0	0	0	0	0	0	0	0	0
9.643851498e-06	5.650192553e-12	0	0	0	0	0	0	0	0	0	0
1.103461544e-05	4.669304244e-12	0	0	0	0	0	0	0	0	0	0
1.279464864e-05	3.047337909e-12	0	0	0	0	0	0	0	0	0	0
1.516752294e-05	2.278254771e-12	0	0	0	0	0	0	0	0	0	0
1.826331892e-05	4.936019698e-12	0	0	0	0	0	0	0	0	0	0
2.19966501e-05	8.756121558e-12	0	0	0	0	0	0	0	0	0	0
2.613271005e-05	1.250234429e-11	0	0	0	0	0	0	0	0	0	0
3.038887788e-05	1.546054894e-11	0	0	0	0	0	0	0	0	0	0
3.452275086e-05	1.693767294e-11	0	0	0	0	0	0	0	0	0	0
3.844995822e-05	1.6413344e-11	0	0	0	0	0	0	0	0	0	0
4.239524405e-05	1.398625519e-11	0	0	0	0	0	0	0	0	0	0
4.702174643e-05	1.429649183e-11	0	0	0	0	0	0	0	0	0	0
5.342194213e-05	2.81853696e-11	0	0	0	0	0	0	0	0	0	0
6.276556037e-05	5.867900436e-11	0	0	0	0	0	0	0	0	0	0
7.577569276e-05	1.086235169e-10	0	0	0	0	0	0	0	0	0	0
9.24166093e-05	1.840259402e-10	0	0	0	0	0	0	0	0	0	0
0.0001119592549	2.874108582e-10	0	0	0	0	0	0	0	0	0	0
0.0001332354108	4.200401782e-10	0	0	0	0	0	0	0	0	0	0
0.0001548100098	5.754401329e-10	0	0	0	0	0	0	0	0	0	0
0.0001751744272	7.422093403e-10	0	0	0	0	0	0	0	0	0	0
0.0001928624844	9.048130803e-10	0	0	0	0	0	0	0	0	0	0
0.0002065789437	1.044233925e-09	8.267559616e-15	0	0	0	0	0	0	0	0	0
0.0002153216637	1.143714672e-09	2.62838342e-15	0	0	0	0	0	0	0	0	0
0.0002184508237	1.189952882e-09	4.170524115e-15	0	0	0	0	0	0	0	0	0
0.0002157563536	1.177059588e-09	5.895686227e-15	0	0	0	0	0	0	0	0	0
0.000207466583	1.107602947e-09	2.888039535e-15	0	0	0	0	0	0	0	0	0
0.0001942184447	9.916170812e-10	0	0	0	0	0	0	0	0	0	0
