115960436.400000000000000000000000 115423129.900000000000000000000000 0.000000000000000000000000 0.000000000000000000000000 0.000000000000000000000000 0.000000000000000000000000 0.000000000000000000000000 0.000000000000000000000000 0.000000000000000000000000 0.000000000000000000000000 0.000000000000000000000000 0.000000000000000000000000
115518056.700000000000000000000000 114835721.800000000000000000000000 0.000000000000000000000000 0.000000000000000000000000 0.000000000000000000000000 0.000000000000000000000000 0.000000000000000000000000 0.000000000000000000000000 0.000000000000000000000000 0.000000000000000000000000 0.000000000000000000000000 0.000000000000000000000000
114974853.000000000000000000000000 114313244.000000000000000000000000 0.000000000000000000000000 0.000000000000000000000000 0.000000000000000000000000 0.000000000000000000000000 0.000000000000000000000000 0.000000000000000000000000 0.000000000000000000000000 0.000000000000000000000000 0.000000000000000000000000 0.000000000000000000000000
114332863.900000000000000000000000 114056403.600000000000000000000000 0.000000000000000000000000 0.000000000000000000000000 0.000000000000000000000000 0.000000000000000000000000 0.000000000000000000000000 0.000000000000000000000000 0.000000000000000000000000 0.000000000000000000000000 0.000000000000000000000000 0.000000000000000000000000
113869430.500000000000000000000000 113734164.700000000000000000000000 0.000000000000000000000000 0.000000000000000000000000 0.000000000000000000000000 0.000000000000000000000000 0.000000000000000000000000 0.000000000000000000000000 0.000000000000000000000000 0.000000000000000000000000 0.000000000000000000000000 0.000000000000000000000000
113559632.900000000000000000000000 113350601.000000000000000000000000 0.000000000000000000000000 0.000000000000000000000000 0.000000000000000000000000 0.000000000000000000000000 0.000000000000000000000000 0.000000000000000000000000 0.000000000000000000000000 0.000000000000000000000000 0.000000000000000000000000 0.000000000000000000000000
113199922.300000000000000000000000 112981484.500000000000000000000000 0.000000000000000000000000 0.000000000000000000000000 0.000000000000000000000000 0.000000000000000000000000 0.000000000000000000000000 0.000000000000000000000000 0.000000000000000000000000 0.000000000000000000000000 0.000000000000000000000000 0.000000000000000000000000
112946304.500000000000000000000000 112656158.300000000000000000000000 0.000000000000000000000000 0.000000000000000000000000 0.000000000000000000000000 0.000000000000000000000000 0.000000000000000000000000 0.000000000000000000000000 0.000000000000000000000000 0.000000000000000000000000 0.000000000000000000000000 0.000000000000000000000000
112633039.500000000000000000000000 112273306.000000000000000000000000 0.000000000000000000000000 0.000000000000000000000000 0.000000000000000000000000 0.000000000000000000000000 0.000000000000000000000000 0.000000000000000000000000 0.000000000000000000000000 0.000000000000000000000000 0.000000000000000000000000 0.000000000000000000000000
112262515.300000000000000000000000 111836055.300000000000000000000000 0.000000000000000000000000 0.000000000000000000000000 0.000000000000000000000000 0.000000000000000000000000 0.000000000000000000000000 0.000000000000000000000000 0.000000000000000000000000 0.000000000000000000000000 0.000000000000000000000000 0.000000000000000000000000
111837606.000000000000000000000000 111347795.800000000000000000000000 0.000000000000000000000000 0.000000000000000000000000 0.000000000000000000000000 0.000000000000000000000000 0.000000000000000000000000 0.000000000000000000000000 0.000000000000000000000000 0.000000000000000000000000 0.000000000000000000000000 0.000000000000000000000000
111361878.500000000000000000000000 111031232.900000000000000000000000 0.000000000000000000000000 0.000000000000000000000000 0.000000000000000000000000 0.000000000000000000000000 0.000000000000000000000000 0.000000000000000000000000 0.000000000000000000000000 0.000000000000000000000000 0.000000000000000000000000 0.000000000000000000000000
110908382.800000000000000000000000 110963667.600000000000000000000000 0.000000000000000000000000 0.000000000000000000000000 0.000000000000000000000000 0.000000000000000000000000 0.000000000000000000000000 0.000000000000000000000000 0.000000000000000000000000 0.000000000000000000000000 0.000000000000000000000000 0.000000000000000000000000
110850505.300000000000000000000000 110863271.800000000000000000000000 0.000000000000000000000000 0.000000000000000000000000 0.000000000000000000000000 0.000000000000000000000000 0.000000000000000000000000 0.000000000000000000000000 0.000000000000000000000000 0.000000000000000000000000 0.000000000000000000000000 0.000000000000000000000000
110760013.800000000000000000000000 110732342.800000000000000000000000 0.000000000000000000000000 0.000000000000000000000000 0.000000000000000000000000 0.000000000000000000000000 0.000000000000000000000000 0.000000000000000000000000 0.000000000000000000000000 0.000000000000000000000000 0.000000000000000000000000 0.000000000000000000000000
110639804.900000000000000000000000 110573278.700000000000000000000000 0.000000000000000000000000 0.000000000000000000000000 0.000000000000000000000000 0.000000000000000000000000 0.000000000000000000000000 0.000000000000000000000000 0.000000000000000000000000 0.000000000000000000000000 0.000000000000000000000000 0.000000000000000000000000
110492553.500000000000000000000000 110388444.900000000000000000000000 0.000000000000000000000000 0.000000000000000000000000 0.000000000000000000000000 0.000000000000000000000000 0.000000000000000000000000 0.000000000000000000000000 0.000000000000000000000000 0.000000000000000000000000 0.000000000000000000000000 0.000000000000000000000000
110319286.000000000000000000000000 110180172.800000000000000000000000 0.000000000000000000000000 0.000000000000000000000000 0.000000000000000000000000 0.000000000000000000000000 0.000000000000000000000000 0.000000000000000000000000 0.000000000000000000000000 0.000000000000000000000000 0.000000000000000000000000 0.000000000000000000000000
110122904.500000000000000000000000 110432860.000000000000000000000000 0.000000000000000000000000 0.000000000000000000000000 0.000000000000000000000000 0.000000000000000000000000 0.000000000000000000000000 0.000000000000000000000000 0.000000000000000000000000 0.000000000000000000000000 0.000000000000000000000000 0.000000000000000000000000
110038025.600000000000000000000000 111702238.500000000000000000000000 0.000000000000000000000000 0.000000000000000000000000 0.000000000000000000000000 0.000000000000000000000000 0.000000000000000000000000 0.000000000000000000000000 0.000000000000000000000000 0.000000000000000000000000 0.000000000000000000000000 0.000000000000000000000000
111322924.400000000000000000000000 112962416.200000000000000000000000 0.000000000000000000000000 0.000000000000000000000000 0.000000000000000000000000 0.000000000000000000000000 0.000000000000000000000000 0.000000000000000000000000 0.000000000000000000000000 0.000000000000000000000000 0.000000000000000000000000 0.000000000000000000000000
112601174.300000000000000000000000 114206164.900000000000000000000000 0.000000000000000000000000 0.000000000000000000000000 0.000000000000000000000000 0.000000000000000000000000 0.000000000000000000000000 0.000000000000000000000000 0.000000000000000000000000 0.000000000000000000000000 0.000000000000000000000000 0.000000000000000000000000
113866309.200000000000000000000000 115426151.200000000000000000000000 0.000000000000000000000000 0.000000000000000000000000 0.000000000000000000000000 0.000000000000000000000000 0.000000000000000000000000 0.000000000000000000000000 0.000000000000000000000000 0.000000000000000000000000 0.000000000000000000000000 0.000000000000000000000000
115109771.200000000000000000000000 116614898.100000000000000000000000 0.000000000000000000000000 0.000000000000000000000000 0.000000000000000000000000 0.000000000000000000000000 0.000000000000000000000000 0.000000000000000000000000 0.000000000000000000000000 0.000000000000000000000000 0.000000000000000000000000 0.000000000000000000000000
116324411.400000000000000000000000 117764907.700000000000000000000000 0.000000000000000000000000 0.000000000000000000000000 0.000000000000000000000000 0.000000000000000000000000 0.000000000000000000000000 0.000000000000000000000000 0.000000000000000000000000 0.000000000000000000000000 0.000000000000000000000000 0.000000000000000000000000
117500737.200000000000000000000000 118868644.900000000000000000000000 0.000000000000000000000000 0.000000000000000000000000 0.000000000000000000000000 0.000000000000000000000000 0.000000000000000000000000 0.000000000000000000000000 0.000000000000000000000000 0.000000000000000000000000 0.000000000000000000000000 0.000000000000000000000000
118636183.900000000000000000000000 119925850.400000000000000000000000 0.000000000000000000000000 0.000000000000000000000000 0.000000000000000000000000 0.000000000000000000000000 0.000000000000000000000000 0.000000000000000000000000 0.000000000000000000000000 0.000000000000000000000000 0.000000000000000000000000 0.000000000000000000000000
119736932.700000000000000000000000 120936716.300000000000000000000000 0.000000000000000000000000 0.000000000000000000000000 0.000000000000000000000000 0.000000000000000000000000 0.000000000000000000000000 0.000000000000000000000000 0.000000000000000000000000 0.000000000000000000000000 0.000000000000000000000000 0.000000000000000000000000
120777934.000000000000000000000000 121881121.000000000000000000000000 0.000000000000000000000000 0.000000000000000000000000 0.000000000000000000000000 0.000000000000000000000000 0.000000000000000000000000 0.000000000000000000000000 0.000000000000000000000000 0.000000000000000000000000 0.000000000000000000000000 0.000000000000000000000000
121753157.200000000000000000000000 122752000.400000000000000000000000 0.000000000000000000000000 0.000000000000000000000000 0.000000000000000000000000 0.000000000000000000000000 0.000000000000000000000000 0.000000000000000000000000 0.000000000000000000000000 0.000000000000000000000000 0.000000000000000000000000 0.000000000000000000000000
122653701.900000000000000000000000 123542659.900000000000000000000000 0.000000000000000000000000 0.000000000000000000000000 0.000000000000000000000000 0.000000000000000000000000 0.000000000000000000000000 0.000000000000000000000000 0.000000000000000000000000 0.000000000000000000000000 0.000000000000000000000000 0.000000000000000000000000
123472155.800000000000000000000000 124246747.400000000000000000000000 0.000000000000000000000000 0.000000000000000000000000 0.000000000000000000000000 0.000000000000000000000000 0.000000000000000000000000 0.000000000000000000000000 0.000000000000000000000000 0.000000000000000000000000 0.000000000000000000000000 0.000000000000000000000000
124203512.400000000000000000000000 124858412.100000000000000000000000 0.000000000000000000000000 0.000000000000000000000000 0.000000000000000000000000 0.000000000000000000000000 0.000000000000000000000000 0.000000000000000000000000 0.000000000000000000000000 0.000000000000000000000000 0.000000000000000000000000 0.000000000000000000000000
124856740.500000000000000000000000 125388256.800000000000000000000000 0.000000000000000000000000 0.000000000000000000000000 0.000000000000000000000000 0.000000000000000000000000 0.000000000000000000000000 0.000000000000000000000000 0.000000000000000000000000 0.000000000000000000000000 0.000000000000000000000000 0.000000000000000000000000
125427672.600000000000000000000000 125834084.300000000000000000000000 0.000000000000000000000000 0.000000000000000000000000 0.000000000000000000000000 0.000000000000000000000000 0.000000000000000000000000 0.000000000000000000000000 0.000000000000000000000000 0.000000000000000000000000 0.000000000000000000000000 0.000000000000000000000000
125894387.700000000000000000000000 126173827.100000000000000000000000 0.000000000000000000000000 0.000000000000000000000000 0.000000000000000000000000 0.000000000000000000000000 0.000000000000000000000000 0.000000000000000000000000 0.000000000000000000000000 0.000000000000000000000000 0.000000000000000000000000 0.000000000000000000000000
126252385.600000000000000000000000 126404026.100000000000000000000000 0.000000000000000000000000 0.000000000000000000000000 0.000000000000000000000000 0.000000000000000000000000 0.000000000000000000000000 0.000000000000000000000000 0.000000000000000000000000 0.000000000000000000000000 0.000000000000000000000000 0.000000000000000000000000
126498525.800000000000000000000000 126521999.500000000000000000000000 0.000000000000000000000000 0.000000000000000000000000 0.000000000000000000000000 0.000000000000000000000000 0.000000000000000000000000 0.000000000000000000000000 0.000000000000000000000000 0.000000000000000000000000 0.000000000000000000000000 0.000000000000000000000000
126629663.100000000000000000000000 126525840.300000000000000000000000 0.000000000000000000000000 0.000000000000000000000000 0.000000000000000000000000 0.000000000000000000000000 0.000000000000000000000000 0.000000000000000000000000 0.000000000000000000000000 0.000000000000000000000000 0.000000000000000000000000 0.000000000000000000000000
126644189.100000000000000000000000 126414475.300000000000000000000000 0.000000000000000000000000 0.000000000000000000000000 0.000000000000000000000000 0.000000000000000000000000 0.000000000000000000000000 0.000000000000000000000000 0.000000000000000000000000 0.000000000000000000000000 0.000000000000000000000000 0.000000000000000000000000
126541265.600000000000000000000000 126187609.300000000000000000000000 0.000000000000000000000000 0.000000000000000000000000 0.000000000000000000000000 0.000000000000000000000000 0.000000000000000000000000 0.000000000000000000000000 0.000000000000000000000000 0.000000000000000000000000 0.000000000000000000000000 0.000000000000000000000000
126325947.900000000000000000000000 125845768.800000000000000000000000 0.000000000000000000000000 0.000000000000000000000000 0.000000000000000000000000 0.000000000000000000000000 0.000000000000000000000000 0.000000000000000000000000 0.000000000000000000000000 0.000000000000000000000000 0.000000000000000000000000 0.000000000000000000000000
126169122.000000000000000000000000 125740697.800000000000000000000000 0.000000000000000000000000 0.000000000000000000000000 0.000000000000000000000000 0.000000000000000000000000 0.000000000000000000000000 0.000000000000000000000000 0.000000000000000000000000 0.000000000000000000000000 0.000000000000000000000000 0.000000000000000000000000
125870440.500000000000000000000000 125654832.600000000000000000000000 0.000000000000000000000000 0.000000000000000000000000 0.000000000000000000000000 0.000000000000000000000000 0.000000000000000000000000 0.000000000000000000000000 0.000000000000000000000000 0.000000000000000000000000 0.000000000000000000000000 0.000000000000000000000000
125661561.600000000000000000000000 125466335.400000000000000000000000 0.000000000000000000000000 0.000000000000000000000000 0.000000000000000000000000 0.000000000000000000000000 0.000000000000000000000000 0.000000000000000000000000 0.000000000000000000000000 0.000000000000000000000000 0.000000000000000000000000 0.000000000000000000000000
125491687.200000000000000000000000 125176990.900000000000000000000000 0.000000000000000000000000 0.000000000000000000000000 0.000000000000000000000000 0.000000000000000000000000 0.000000000000000000000000 0.000000000000000000000000 0.000000000000000000000000 0.000000000000000000000000 0.000000000000000000000000 0.000000000000000000000000
125219928.100000000000000000000000 124789147.600000000000000000000000 0.000000000000000000000000 0.000000000000000000000000 0.000000000000000000000000 0.000000000000000000000000 0.000000000000000000000000 0.000000000000000000000000 0.000000000000000000000000 0.000000000000000000000000 0.000000000000000000000000 0.000000000000000000000000
124849433.100000000000000000000000 124305616.500000000000000000000000 0.000000000000000000000000 0.000000000000000000000000 0.000000000000000000000000 0.000000000000000000000000 0.000000000000000000000000 0.000000000000000000000000 0.000000000000000000000000 0.000000000000000000000000 0.000000000000000000000000 0.000000000000000000000000
124383880.200000000000000000000000 123729641.600000000000000000000000 0.000000000000000000000000 0.000000000000000000000000 0.000000000000000000000000 0.000000000000000000000000 0.000000000000000000000000 0.000000000000000000000000 0.000000000000000000000000 0.000000000000000000000000 0.000000000000000000000000 0.000000000000000000000000
123825614.600000000000000000000000 123064842.100000000000000000000000 0.000000000000000000000000 0.000000000000000000000000 0.000000000000000000000000 0.000000000000000000000000 0.000000000000000000000000 0.000000000000000000000000 0.000000000000000000000000 0.000000000000000000000000 0.000000000000000000000000 0.000000000000000000000000
123178663.800000000000000000000000 122315147.100000000000000000000000 0.000000000000000000000000 0.000000000000000000000000 0.000000000000000000000000 0.000000000000000000000000 0.000000000000000000000000 0.000000000000000000000000 0.000000000000000000000000 0.000000000000000000000000 0.000000000000000000000000 0.000000000000000000000000
122446440.900000000000000000000000 121484748.300000000000000000000000 0.000000000000000000000000 0.000000000000000000000000 0.000000000000000000000000 0.000000000000000000000000 0.000000000000000000000000 0.000000000000000000000000 0.000000000000000000000000 0.000000000000000000000000 0.000000000000000000000000 0.000000000000000000000000
121633733.600000000000000000000000 120578042.900000000000000000000000 0.000000000000000000000000 0.000000000000000000000000 0.000000000000000000000000 0.000000000000000000000000 0.000000000000000000000000 0.000000000000000000000000 0.000000000000000000000000 0.000000000000000000000000 0.000000000000000000000000 0.000000000000000000000000
120745284.500000000000000000000000 119599600.500000000000000000000000 0.000000000000000000000000 0.000000000000000000000000 0.000000000000000000000000 0.000000000000000000000000 0.000000000000000000000000 0.000000000000000000000000 0.000000000000000000000000 0.000000000000000000000000 0.000000000000000000000000 0.000000000000000000000000
119784964.900000000000000000000000 118554087.000000000000000000000000 0.000000000000000000000000 0.000000000000000000000000 0.000000000000000000000000 0.000000000000000000000000 0.000000000000000000000000 0.000000000000000000000000 0.000000000000000000000000 0.000000000000000000000000 0.000000000000000000000000 0.000000000000000000000000
118757880.400000000000000000000000 117446258.800000000000000000000000 0.000000000000000000000000 0.000000000000000000000000 0.000000000000000000000000 0.000000000000000000000000 0.000000000000000000000000 0.000000000000000000000000 0.000000000000000000000000 0.000000000000000000000000 0.000000000000000000000000 0.000000000000000000000000
117667828.500000000000000000000000 116280894.200000000000000000000000 0.000000000000000000000000 0.000000000000000000000000 0.000000000000000000000000 0.000000000000000000000000 0.000000000000000000000000 0.000000000000000000000000 0.000000000000000000000000 0.000000000000000000000000 0.000000000000000000000000 0.000000000000000000000000
116521314.100000000000000000000000 115062794.800000000000000000000000 0.000000000000000000000000 0.000000000000000000000000 0.000000000000000000000000 0.000000000000000000000000 0.000000000000000000000000 0.000000000000000000000000 0.000000000000000000000000 0.000000000000000000000000 0.000000000000000000000000 0.000000000000000000000000
115320622.100000000000000000000000 113796791.000000000000000000000000 0.000000000000000000000000 0.000000000000000000000000 0.000000000000000000000000 0.000000000000000000000000 0.000000000000000000000000 0.000000000000000000000000 0.000000000000000000000000 0.000000000000000000000000 0.000000000000000000000000 0.000000000000000000000000
114071972.400000000000000000000000 112736129.400000000000000000000000 0.000000000000000000000000 0.000000000000000000000000 0.000000000000000000000000 0.000000000000000000000000 0.000000000000000000000000 0.000000000000000000000000 0.000000000000000000000000 0.000000000000000000000000 0.000000000000000000000000 0.000000000000000000000000
112821373.900000000000000000000000 112125630.000000000000000000000000 0.000000000000000000000000 0.000000000000000000000000 0.000000000000000000000000 0.000000000000000000000000 0.000000000000000000000000 0.000000000000000000000000 0.000000000000000000000000 0.000000000000000000000000 0.000000000000000000000000 0.000000000000000000000000
112225615.300000000000000000000000 111490383.300000000000000000000000 0.000000000000000000000000 0.000000000000000000000000 0.000000000000000000000000 0.000000000000000000000000 0.000000000000000000000000 0.000000000000000000000000 0.000000000000000000000000 0.000000000000000000000000 0.000000000000000000000000 0.000000000000000000000000
111605470.700000000000000000000000 111391152.900000000000000000000000 0.000000000000000000000000 0.000000000000000000000000 0.000000000000000000000000 0.000000000000000000000000 0.000000000000000000000000 0.000000000000000000000000 0.000000000000000000000000 0.000000000000000000000000 0.000000000000000000000000 0.000000000000000000000000
111213691.100000000000000000000000 111747875.900000000000000000000000 0.000000000000000000000000 0.000000000000000000000000 0.000000000000000000000000 0.000000000000000000000000 0.000000000000000000000000 0.000000000000000000000000 0.000000000000000000000000 0.000000000000000000000000 0.000000000000000000000000 0.000000000000000000000000
111591166.600000000000000000000000 112090420.400000000000000000000000 0.000000000000000000000000 0.000000000000000000000000 0.000000000000000000000000 0.000000000000000000000000 0.000000000000000000000000 0.000000000000000000000000 0.000000000000000000000000 0.000000000000000000000000 0.000000000000000000000000 0.000000000000000000000000
111956643.400000000000000000000000 113236302.400000000000000000000000 0.000000000000000000000000 0.000000000000000000000000 0.000000000000000000000000 0.000000000000000000000000 0.000000000000000000000000 0.000000000000000000000000 0.000000000000000000000000 0.000000000000000000000000 0.000000000000000000000000 0.000000000000000000000000
113037704.500000000000000000000000 114547712.800000000000000000000000 0.000000000000000000000000 0.000000000000000000000000 0.000000000000000000000000 0.000000000000000000000000 0.000000000000000000000000 0.000000000000000000000000 0.000000000000000000000000 0.000000000000000000000000 0.000000000000000000000000 0.000000000000000000000000
114372029.400000000000000000000000 115847294.800000000000000000000000 0.000000000000000000000000 0.000000000000000000000000 0.000000000000000000000000 0.000000000000000000000000 0.000000000000000000000000 0.000000000000000000000000 0.000000000000000000000000 0.000000000000000000000000 0.000000000000000000000000 0.000000000000000000000000
115695617.900000000000000000000000 117128854.700000000000000000000000 0.000000000000000000000000 0.000000000000000000000000 0.000000000000000000000000 0.000000000000000000000000 0.000000000000000000000000 0.000000000000000000000000 0.000000000000000000000000 0.000000000000000000000000 0.000000000000000000000000 0.000000000000000000000000
117001003.900000000000000000000000 118386040.800000000000000000000000 0.000000000000000000000000 0.000000000000000000000000 0.000000000000000000000000 0.000000000000000000000000 0.000000000000000000000000 0.000000000000000000000000 0.000000000000000000000000 0.000000000000000000000000 0.000000000000000000000000 0.000000000000000000000000
118282276.800000000000000000000000 119612472.500000000000000000000000 0.000000000000000000000000 0.000000000000000000000000 0.000000000000000000000000 0.000000000000000000000000 0.000000000000000000000000 0.000000000000000000000000 0.000000000000000000000000 0.000000000000000000000000 0.000000000000000000000000 0.000000000000000000000000
119533142.800000000000000000000000 120801744.100000000000000000000000 0.000000000000000000000000 0.000000000000000000000000 0.000000000000000000000000 0.000000000000000000000000 0.000000000000000000000000 0.000000000000000000000000 0.000000000000000000000000 0.000000000000000000000000 0.000000000000000000000000 0.000000000000000000000000
120745821.800000000000000000000000 121947440.800000000000000000000000 0.000000000000000000000000 0.000000000000000000000000 0.000000000000000000000000 0.000000000000000000000000 0.000000000000000000000000 0.000000000000000000000000 0.000000000000000000000000 0.000000000000000000000000 0.000000000000000000000000 0.000000000000000000000000
121923138.100000000000000000000000 123055756.100000000000000000000000 0.000000000000000000000000 0.000000000000000000000000 0.000000000000000000000000 0.000000000000000000000000 0.000000000000000000000000 0.000000000000000000000000 0.000000000000000000000000 0.000000000000000000000000 0.000000000000000000000000 0.000000000000000000000000
123060527.800000000000000000000000 124115032.500000000000000000000000 0.000000000000000000000000 0.000000000000000000000000 0.000000000000000000000000 0.000000000000000000000000 0.000000000000000000000000 0.000000000000000000000000 0.000000000000000000000000 0.000000000000000000000000 0.000000000000000000000000 0.000000000000000000000000
124140553.800000000000000000000000 125112186.300000000000000000000000 0.000000000000000000000000 0.000000000000000000000000 0.000000000000000000000000 0.000000000000000000000000 0.000000000000000000000000 0.000000000000000000000000 0.000000000000000000000000 0.000000000000000000000000 0.000000000000000000000000 0.000000000000000000000000
125156672.000000000000000000000000 126041103.700000000000000000000000 0.000000000000000000000000 0.000000000000000000000000 0.000000000000000000000000 0.000000000000000000000000 0.000000000000000000000000 0.000000000000000000000000 0.000000000000000000000000 0.000000000000000000000000 0.000000000000000000000000 0.000000000000000000000000
126102492.600000000000000000000000 126895831.800000000000000000000000 0.000000000000000000000000 0.000000000000000000000000 0.000000000000000000000000 0.000000000000000000000000 0.000000000000000000000000 0.000000000000000000000000 0.000000000000000000000000 0.000000000000000000000000 0.000000000000000000000000 0.000000000000000000000000
126971632.900000000000000000000000 127670676.000000000000000000000000 0.000000000000000000000000 0.000000000000000000000000 0.000000000000000000000000 0.000000000000000000000000 0.000000000000000000000000 0.000000000000000000000000 0.000000000000000000000000 0.000000000000000000000000 0.000000000000000000000000 0.000000000000000000000000
127758442.700000000000000000000000 128360271.300000000000000000000000 0.000000000000000000000000 0.000000000000000000000000 0.000000000000000000000000 0.000000000000000000000000 0.000000000000000000000000 0.000000000000000000000000 0.000000000000000000000000 0.000000000000000000000000 0.000000000000000000000000 0.000000000000000000000000
128487326.300000000000000000000000 128995823.400000000000000000000000 0.000000000000000000000000 0.000000000000000000000000 0.000000000000000000000000 0.000000000000000000000000 0.000000000000000000000000 0.000000000000000000000000 0.000000000000000000000000 0.000000000000000000000000 0.000000000000000000000000 0.000000000000000000000000
129168093.900000000000000000000000 129575586.100000000000000000000000 0.000000000000000000000000 0.000000000000000000000000 0.000000000000000000000000 0.000000000000000000000000 0.000000000000000000000000 0.000000000000000000000000 0.000000000000000000000000 0.000000000000000000000000 0.000000000000000000000000 0.000000000000000000000000
129750708.400000000000000000000000 130056639.700000000000000000000000 0.000000000000000000000000 0.000000000000000000000000 0.000000000000000000000000 0.000000000000000000000000 0.000000000000000000000000 0.000000000000000000000000 0.000000000000000000000000 0.000000000000000000000000 0.000000000000000000000000 0.000000000000000000000000
130231895.200000000000000000000000 130434984.900000000000000000000000 0.000000000000000000000000 0.000000000000000000000000 0.000000000000000000000000 0.000000000000000000000000 0.000000000000000000000000 0.000000000000000000000000 0.000000000000000000000000 0.000000000000000000000000 0.000000000000000000000000 0.000000000000000000000000
130606295.100000000000000000000000 130707254.000000000000000000000000 0.000000000000000000000000 0.000000000000000000000000 0.000000000000000000000000 0.000000000000000000000000 0.000000000000000000000000 0.000000000000000000000000 0.000000000000000000000000 0.000000000000000000000000 0.000000000000000000000000 0.000000000000000000000000
130870457.800000000000000000000000 130870620.300000000000000000000000 0.000000000000000000000000 0.000000000000000000000000 0.000000000000000000000000 0.000000000000000000000000 0.000000000000000000000000 0.000000000000000000000000 0.000000000000000000000000 0.000000000000000000000000 0.000000000000000000000000 0.000000000000000000000000
131022968.700000000000000000000000 130922910.700000000000000000000000 0.000000000000000000000000 0.000000000000000000000000 0.000000000000000000000000 0.000000000000000000000000 0.000000000000000000000000 0.000000000000000000000000 0.000000000000000000000000 0.000000000000000000000000 0.000000000000000000000000 0.000000000000000000000000
131060394.300000000000000000000000 130862691.400000000000000000000000 0.000000000000000000000000 0.000000000000000000000000 0.000000000000000000000000 0.000000000000000000000000 0.000000000000000000000000 0.000000000000000000000000 0.000000000000000000000000 0.000000000000000000000000 0.000000000000000000000000 0.000000000000000000000000
130982456.600000000000000000000000 130689248.100000000000000000000000 0.000000000000000000000000 0.000000000000000000000000 0.000000000000000000000000 0.000000000000000000000000 0.000000000000000000000000 0.000000000000000000000000 0.000000000000000000000000 0.000000000000000000000000 0.000000000000000000000000 0.000000000000000000000000
130788809.300000000000000000000000 130402673.500000000000000000000000 0.000000000000000000000000 0.000000000000000000000000 0.000000000000000000000000 0.000000000000000000000000 0.000000000000000000000000 0.000000000000000000000000 0.000000000000000000000000 0.000000000000000000000000 0.000000000000000000000000 0.000000000000000000000000
130479953.600000000000000000000000 130003854.500000000000000000000000 0.000000000000000000000000 0.000000000000000000000000 0.000000000000000000000000 0.000000000000000000000000 0.000000000000000000000000 0.000000000000000000000000 0.000000000000000000000000 0.000000000000000000000000 0.000000000000000000000000 0.000000000000000000000000
130057101.200000000000000000000000 129494512.500000000000000000000000 0.000000000000000000000000 0.000000000000000000000000 0.000000000000000000000000 0.000000000000000000000000 0.000000000000000000000000 0.000000000000000000000000 0.000000000000000000000000 0.000000000000000000000000 0.000000000000000000000000 0.000000000000000000000000
129522646.600000000000000000000000 128877144.300000000000000000000000 0.000000000000000000000000 0.000000000000000000000000 0.000000000000000000000000 0.000000000000000000000000 0.000000000000000000000000 0.000000000000000000000000 0.000000000000000000000000 0.000000000000000000000000 0.000000000000000000000000 0.000000000000000000000000
128879691.500000000000000000000000 128155047.400000000000000000000000 0.000000000000000000000000 0.000000000000000000000000 0.000000000000000000000000 0.000000000000000000000000 0.000000000000000000000000 0.000000000000000000000000 0.000000000000000000000000 0.000000000000000000000000 0.000000000000000000000000 0.000000000000000000000000
128131933.800000000000000000000000 127332257.900000000000000000000000 0.000000000000000000000000 0.000000000000000000000000 0.000000000000000000000000 0.000000000000000000000000 0.000000000000000000000000 0.000000000000000000000000 0.000000000000000000000000 0.000000000000000000000000 0.000000000000000000000000 0.000000000000000000000000
127284614.100000000000000000000000 126413452.500000000000000000000000 0.000000000000000000000000 0.000000000000000000000000 0.000000000000000000000000 0.000000000000000000000000 0.000000000000000000000000 0.000000000000000000000000 0.000000000000000000000000 0.000000000000000000000000 0.000000000000000000000000 0.000000000000000000000000
126356544.000000000000000000000000 125417280.300000000000000000000000 0.000000000000000000000000 0.000000000000000000000000 0.000000000000000000000000 0.000000000000000000000000 0.000000000000000000000000 0.000000000000000000000000 0.000000000000000000000000 0.000000000000000000000000 0.000000000000000000000000 0.000000000000000000000000
125340687.000000000000000000000000 124337656.400000000000000000000000 0.000000000000000000000000 0.000000000000000000000000 0.000000000000000000000000 0.000000000000000000000000 0.000000000000000000000000 0.000000000000000000000000 0.000000000000000000000000 0.000000000000000000000000 0.000000000000000000000000 0.000000000000000000000000
124240828.300000000000000000000000 123178821.800000000000000000000000 0.000000000000000000000000 0.000000000000000000000000 0.000000000000000000000000 0.000000000000000000000000 0.000000000000000000000000 0.000000000000000000000000 0.000000000000000000000000 0.000000000000000000000000 0.000000000000000000000000 0.000000000000000000000000
123065478.200000000000000000000000 121947325.700000000000000000000000 0.000000000000000000000000 0.000000000000000000000000 0.000000000000000000000000 0.000000000000000000000000 0.000000000000000000000000 0.000000000000000000000000 0.000000000000000000000000 0.000000000000000000000000 0.000000000000000000000000 0.000000000000000000000000
