94760959.280000000000000000000000 94837310.420000000000000000000000 0.000000000000000000000000 0.000000000000000000000000 0.000000000000000000000000 0.000000000000000000000000 0.000000000000000000000000 0.000000000000000000000000 0.000000000000000000000000 0.000000000000000000000000 0.000000000000000000000000 0.000000000000000000000000
94904946.610000000000000000000000 95017070.060000000000000000000000 0.000000000000000000000000 0.000000000000000000000000 0.000000000000000000000000 0.000000000000000000000000 0.000000000000000000000000 0.000000000000000000000000 0.000000000000000000000000 0.000000000000000000000000 0.000000000000000000000000 0.000000000000000000000000
95082697.240000000000000000000000 95190597.760000000000000000000000 0.000000000000000000000000 0.000000000000000000000000 0.000000000000000000000000 0.000000000000000000000000 0.000000000000000000000000 0.000000000000000000000000 0.000000000000000000000000 0.000000000000000000000000 0.000000000000000000000000 0.000000000000000000000000
95256605.140000000000000000000000 95357568.920000000000000000000000 0.000000000000000000000000 0.000000000000000000000000 0.000000000000000000000000 0.000000000000000000000000 0.000000000000000000000000 0.000000000000000000000000 0.000000000000000000000000 0.000000000000000000000000 0.000000000000000000000000 0.000000000000000000000000
95424205.880000000000000000000000 95517665.070000000000000000000000 0.000000000000000000000000 0.000000000000000000000000 0.000000000000000000000000 0.000000000000000000000000 0.000000000000000000000000 0.000000000000000000000000 0.000000000000000000000000 0.000000000000000000000000 0.000000000000000000000000 0.000000000000000000000000
95585189.820000000000000000000000 95670578.920000000000000000000000 0.000000000000000000000000 0.000000000000000000000000 0.000000000000000000000000 0.000000000000000000000000 0.000000000000000000000000 0.000000000000000000000000 0.000000000000000000000000 0.000000000000000000000000 0.000000000000000000000000 0.000000000000000000000000
95739237.990000000000000000000000 95816015.740000000000000000000000 0.000000000000000000000000 0.000000000000000000000000 0.000000000000000000000000 0.000000000000000000000000 0.000000000000000000000000 0.000000000000000000000000 0.000000000000000000000000 0.000000000000000000000000 0.000000000000000000000000 0.000000000000000000000000
95886064.310000000000000000000000 95953694.310000000000000000000000 0.000000000000000000000000 0.000000000000000000000000 0.000000000000000000000000 0.000000000000000000000000 0.000000000000000000000000 0.000000000000000000000000 0.000000000000000000000000 0.000000000000000000000000 0.000000000000000000000000 0.000000000000000000000000
96025313.040000000000000000000000 96083350.540000000000000000000000 0.000000000000000000000000 0.000000000000000000000000 0.000000000000000000000000 0.000000000000000000000000 0.000000000000000000000000 0.000000000000000000000000 0.000000000000000000000000 0.000000000000000000000000 0.000000000000000000000000 0.000000000000000000000000
96156790.960000000000000000000000 96204738.000000000000000000000000 0.000000000000000000000000 0.000000000000000000000000 0.000000000000000000000000 0.000000000000000000000000 0.000000000000000000000000 0.000000000000000000000000 0.000000000000000000000000 0.000000000000000000000000 0.000000000000000000000000 0.000000000000000000000000
96280186.220000000000000000000000 96317629.750000000000000000000000 0.000000000000000000000000 0.000000000000000000000000 0.000000000000000000000000 0.000000000000000000000000 0.000000000000000000000000 0.000000000000000000000000 0.000000000000000000000000 0.000000000000000000000000 0.000000000000000000000000 0.000000000000000000000000
96395305.920000000000000000000000 96421822.610000000000000000000000 0.000000000000000000000000 0.000000000000000000000000 0.000000000000000000000000 0.000000000000000000000000 0.000000000000000000000000 0.000000000000000000000000 0.000000000000000000000000 0.000000000000000000000000 0.000000000000000000000000 0.000000000000000000000000
96501901.420000000000000000000000 96517132.840000000000000000000000 0.000000000000000000000000 0.000000000000000000000000 0.000000000000000000000000 0.000000000000000000000000 0.000000000000000000000000 0.000000000000000000000000 0.000000000000000000000000 0.000000000000000000000000 0.000000000000000000000000 0.000000000000000000000000
96605620.850000000000000000000000 96609865.990000000000000000000000 0.000000000000000000000000 0.000000000000000000000000 0.000000000000000000000000 0.000000000000000000000000 0.000000000000000000000000 0.000000000000000000000000 0.000000000000000000000000 0.000000000000000000000000 0.000000000000000000000000 0.000000000000000000000000
96702417.680000000000000000000000 96694744.940000000000000000000000 0.000000000000000000000000 0.000000000000000000000000 0.000000000000000000000000 0.000000000000000000000000 0.000000000000000000000000 0.000000000000000000000000 0.000000000000000000000000 0.000000000000000000000000 0.000000000000000000000000 0.000000000000000000000000
96790073.550000000000000000000000 96770221.010000000000000000000000 0.000000000000000000000000 0.000000000000000000000000 0.000000000000000000000000 0.000000000000000000000000 0.000000000000000000000000 0.000000000000000000000000 0.000000000000000000000000 0.000000000000000000000000 0.000000000000000000000000 0.000000000000000000000000
96868417.830000000000000000000000 96836173.100000000000000000000000 0.000000000000000000000000 0.000000000000000000000000 0.000000000000000000000000 0.000000000000000000000000 0.000000000000000000000000 0.000000000000000000000000 0.000000000000000000000000 0.000000000000000000000000 0.000000000000000000000000 0.000000000000000000000000
96937320.420000000000000000000000 96892508.620000000000000000000000 0.000000000000000000000000 0.000000000000000000000000 0.000000000000000000000000 0.000000000000000000000000 0.000000000000000000000000 0.000000000000000000000000 0.000000000000000000000000 0.000000000000000000000000 0.000000000000000000000000 0.000000000000000000000000
96996683.630000000000000000000000 96939158.950000000000000000000000 0.000000000000000000000000 0.000000000000000000000000 0.000000000000000000000000 0.000000000000000000000000 0.000000000000000000000000 0.000000000000000000000000 0.000000000000000000000000 0.000000000000000000000000 0.000000000000000000000000 0.000000000000000000000000
97046419.960000000000000000000000 97014094.380000000000000000000000 0.000000000000000000000000 0.000000000000000000000000 0.000000000000000000000000 0.000000000000000000000000 0.000000000000000000000000 0.000000000000000000000000 0.000000000000000000000000 0.000000000000000000000000 0.000000000000000000000000 0.000000000000000000000000
97098541.200000000000000000000000 97144404.390000000000000000000000 0.000000000000000000000000 0.000000000000000000000000 0.000000000000000000000000 0.000000000000000000000000 0.000000000000000000000000 0.000000000000000000000000 0.000000000000000000000000 0.000000000000000000000000 0.000000000000000000000000 0.000000000000000000000000
97230216.340000000000000000000000 97268871.120000000000000000000000 0.000000000000000000000000 0.000000000000000000000000 0.000000000000000000000000 0.000000000000000000000000 0.000000000000000000000000 0.000000000000000000000000 0.000000000000000000000000 0.000000000000000000000000 0.000000000000000000000000 0.000000000000000000000000
97356140.950000000000000000000000 97387652.100000000000000000000000 0.000000000000000000000000 0.000000000000000000000000 0.000000000000000000000000 0.000000000000000000000000 0.000000000000000000000000 0.000000000000000000000000 0.000000000000000000000000 0.000000000000000000000000 0.000000000000000000000000 0.000000000000000000000000
97476426.650000000000000000000000 97500904.870000000000000000000000 0.000000000000000000000000 0.000000000000000000000000 0.000000000000000000000000 0.000000000000000000000000 0.000000000000000000000000 0.000000000000000000000000 0.000000000000000000000000 0.000000000000000000000000 0.000000000000000000000000 0.000000000000000000000000
97591263.370000000000000000000000 97608784.490000000000000000000000 0.000000000000000000000000 0.000000000000000000000000 0.000000000000000000000000 0.000000000000000000000000 0.000000000000000000000000 0.000000000000000000000000 0.000000000000000000000000 0.000000000000000000000000 0.000000000000000000000000 0.000000000000000000000000
97700821.710000000000000000000000 97711442.170000000000000000000000 0.000000000000000000000000 0.000000000000000000000000 0.000000000000000000000000 0.000000000000000000000000 0.000000000000000000000000 0.000000000000000000000000 0.000000000000000000000000 0.000000000000000000000000 0.000000000000000000000000 0.000000000000000000000000
97811540.630000000000000000000000 97814757.860000000000000000000000 0.000000000000000000000000 0.000000000000000000000000 0.000000000000000000000000 0.000000000000000000000000 0.000000000000000000000000 0.000000000000000000000000 0.000000000000000000000000 0.000000000000000000000000 0.000000000000000000000000 0.000000000000000000000000
97917084.860000000000000000000000 97913562.440000000000000000000000 0.000000000000000000000000 0.000000000000000000000000 0.000000000000000000000000 0.000000000000000000000000 0.000000000000000000000000 0.000000000000000000000000 0.000000000000000000000000 0.000000000000000000000000 0.000000000000000000000000 0.000000000000000000000000
98017495.390000000000000000000000 98007302.780000000000000000000000 0.000000000000000000000000 0.000000000000000000000000 0.000000000000000000000000 0.000000000000000000000000 0.000000000000000000000000 0.000000000000000000000000 0.000000000000000000000000 0.000000000000000000000000 0.000000000000000000000000 0.000000000000000000000000
98112924.460000000000000000000000 98096076.210000000000000000000000 0.000000000000000000000000 0.000000000000000000000000 0.000000000000000000000000 0.000000000000000000000000 0.000000000000000000000000 0.000000000000000000000000 0.000000000000000000000000 0.000000000000000000000000 0.000000000000000000000000 0.000000000000000000000000
98203425.970000000000000000000000 98179964.270000000000000000000000 0.000000000000000000000000 0.000000000000000000000000 0.000000000000000000000000 0.000000000000000000000000 0.000000000000000000000000 0.000000000000000000000000 0.000000000000000000000000 0.000000000000000000000000 0.000000000000000000000000 0.000000000000000000000000
98289105.810000000000000000000000 98259033.760000000000000000000000 0.000000000000000000000000 0.000000000000000000000000 0.000000000000000000000000 0.000000000000000000000000 0.000000000000000000000000 0.000000000000000000000000 0.000000000000000000000000 0.000000000000000000000000 0.000000000000000000000000 0.000000000000000000000000
98370007.210000000000000000000000 98333334.550000000000000000000000 0.000000000000000000000000 0.000000000000000000000000 0.000000000000000000000000 0.000000000000000000000000 0.000000000000000000000000 0.000000000000000000000000 0.000000000000000000000000 0.000000000000000000000000 0.000000000000000000000000 0.000000000000000000000000
98446174.320000000000000000000000 98402900.460000000000000000000000 0.000000000000000000000000 0.000000000000000000000000 0.000000000000000000000000 0.000000000000000000000000 0.000000000000000000000000 0.000000000000000000000000 0.000000000000000000000000 0.000000000000000000000000 0.000000000000000000000000 0.000000000000000000000000
98517654.310000000000000000000000 98467741.020000000000000000000000 0.000000000000000000000000 0.000000000000000000000000 0.000000000000000000000000 0.000000000000000000000000 0.000000000000000000000000 0.000000000000000000000000 0.000000000000000000000000 0.000000000000000000000000 0.000000000000000000000000 0.000000000000000000000000
98584443.430000000000000000000000 98527855.890000000000000000000000 0.000000000000000000000000 0.000000000000000000000000 0.000000000000000000000000 0.000000000000000000000000 0.000000000000000000000000 0.000000000000000000000000 0.000000000000000000000000 0.000000000000000000000000 0.000000000000000000000000 0.000000000000000000000000
98646551.950000000000000000000000 98583211.570000000000000000000000 0.000000000000000000000000 0.000000000000000000000000 0.000000000000000000000000 0.000000000000000000000000 0.000000000000000000000000 0.000000000000000000000000 0.000000000000000000000000 0.000000000000000000000000 0.000000000000000000000000 0.000000000000000000000000
98703903.160000000000000000000000 98633766.780000000000000000000000 0.000000000000000000000000 0.000000000000000000000000 0.000000000000000000000000 0.000000000000000000000000 0.000000000000000000000000 0.000000000000000000000000 0.000000000000000000000000 0.000000000000000000000000 0.000000000000000000000000 0.000000000000000000000000
98756509.580000000000000000000000 98679452.130000000000000000000000 0.000000000000000000000000 0.000000000000000000000000 0.000000000000000000000000 0.000000000000000000000000 0.000000000000000000000000 0.000000000000000000000000 0.000000000000000000000000 0.000000000000000000000000 0.000000000000000000000000 0.000000000000000000000000
98804251.480000000000000000000000 98720177.210000000000000000000000 0.000000000000000000000000 0.000000000000000000000000 0.000000000000000000000000 0.000000000000000000000000 0.000000000000000000000000 0.000000000000000000000000 0.000000000000000000000000 0.000000000000000000000000 0.000000000000000000000000 0.000000000000000000000000
98847038.260000000000000000000000 98755834.590000000000000000000000 0.000000000000000000000000 0.000000000000000000000000 0.000000000000000000000000 0.000000000000000000000000 0.000000000000000000000000 0.000000000000000000000000 0.000000000000000000000000 0.000000000000000000000000 0.000000000000000000000000 0.000000000000000000000000
98884756.750000000000000000000000 98786297.720000000000000000000000 0.000000000000000000000000 0.000000000000000000000000 0.000000000000000000000000 0.000000000000000000000000 0.000000000000000000000000 0.000000000000000000000000 0.000000000000000000000000 0.000000000000000000000000 0.000000000000000000000000 0.000000000000000000000000
98917303.330000000000000000000000 98811420.840000000000000000000000 0.000000000000000000000000 0.000000000000000000000000 0.000000000000000000000000 0.000000000000000000000000 0.000000000000000000000000 0.000000000000000000000000 0.000000000000000000000000 0.000000000000000000000000 0.000000000000000000000000 0.000000000000000000000000
98944519.630000000000000000000000 98831037.850000000000000000000000 0.000000000000000000000000 0.000000000000000000000000 0.000000000000000000000000 0.000000000000000000000000 0.000000000000000000000000 0.000000000000000000000000 0.000000000000000000000000 0.000000000000000000000000 0.000000000000000000000000 0.000000000000000000000000
98966213.780000000000000000000000 98844973.360000000000000000000000 0.000000000000000000000000 0.000000000000000000000000 0.000000000000000000000000 0.000000000000000000000000 0.000000000000000000000000 0.000000000000000000000000 0.000000000000000000000000 0.000000000000000000000000 0.000000000000000000000000 0.000000000000000000000000
98982219.390000000000000000000000 98853023.400000000000000000000000 0.000000000000000000000000 0.000000000000000000000000 0.000000000000000000000000 0.000000000000000000000000 0.000000000000000000000000 0.000000000000000000000000 0.000000000000000000000000 0.000000000000000000000000 0.000000000000000000000000 0.000000000000000000000000
98992330.730000000000000000000000 98854983.290000000000000000000000 0.000000000000000000000000 0.000000000000000000000000 0.000000000000000000000000 0.000000000000000000000000 0.000000000000000000000000 0.000000000000000000000000 0.000000000000000000000000 0.000000000000000000000000 0.000000000000000000000000 0.000000000000000000000000
98996357.900000000000000000000000 98850624.740000000000000000000000 0.000000000000000000000000 0.000000000000000000000000 0.000000000000000000000000 0.000000000000000000000000 0.000000000000000000000000 0.000000000000000000000000 0.000000000000000000000000 0.000000000000000000000000 0.000000000000000000000000 0.000000000000000000000000
98994036.070000000000000000000000 98839718.660000000000000000000000 0.000000000000000000000000 0.000000000000000000000000 0.000000000000000000000000 0.000000000000000000000000 0.000000000000000000000000 0.000000000000000000000000 0.000000000000000000000000 0.000000000000000000000000 0.000000000000000000000000 0.000000000000000000000000
98985106.400000000000000000000000 98822017.240000000000000000000000 0.000000000000000000000000 0.000000000000000000000000 0.000000000000000000000000 0.000000000000000000000000 0.000000000000000000000000 0.000000000000000000000000 0.000000000000000000000000 0.000000000000000000000000 0.000000000000000000000000 0.000000000000000000000000
98969387.140000000000000000000000 98797270.090000000000000000000000 0.000000000000000000000000 0.000000000000000000000000 0.000000000000000000000000 0.000000000000000000000000 0.000000000000000000000000 0.000000000000000000000000 0.000000000000000000000000 0.000000000000000000000000 0.000000000000000000000000 0.000000000000000000000000
98946584.680000000000000000000000 98765215.640000000000000000000000 0.000000000000000000000000 0.000000000000000000000000 0.000000000000000000000000 0.000000000000000000000000 0.000000000000000000000000 0.000000000000000000000000 0.000000000000000000000000 0.000000000000000000000000 0.000000000000000000000000 0.000000000000000000000000
98916423.210000000000000000000000 98725591.130000000000000000000000 0.000000000000000000000000 0.000000000000000000000000 0.000000000000000000000000 0.000000000000000000000000 0.000000000000000000000000 0.000000000000000000000000 0.000000000000000000000000 0.000000000000000000000000 0.000000000000000000000000 0.000000000000000000000000
98892680.260000000000000000000000 98692153.390000000000000000000000 0.000000000000000000000000 0.000000000000000000000000 0.000000000000000000000000 0.000000000000000000000000 0.000000000000000000000000 0.000000000000000000000000 0.000000000000000000000000 0.000000000000000000000000 0.000000000000000000000000 0.000000000000000000000000
98861437.540000000000000000000000 98651062.730000000000000000000000 0.000000000000000000000000 0.000000000000000000000000 0.000000000000000000000000 0.000000000000000000000000 0.000000000000000000000000 0.000000000000000000000000 0.000000000000000000000000 0.000000000000000000000000 0.000000000000000000000000 0.000000000000000000000000
98822284.340000000000000000000000 98601824.360000000000000000000000 0.000000000000000000000000 0.000000000000000000000000 0.000000000000000000000000 0.000000000000000000000000 0.000000000000000000000000 0.000000000000000000000000 0.000000000000000000000000 0.000000000000000000000000 0.000000000000000000000000 0.000000000000000000000000
98774865.900000000000000000000000 98544147.300000000000000000000000 0.000000000000000000000000 0.000000000000000000000000 0.000000000000000000000000 0.000000000000000000000000 0.000000000000000000000000 0.000000000000000000000000 0.000000000000000000000000 0.000000000000000000000000 0.000000000000000000000000 0.000000000000000000000000
98718908.630000000000000000000000 98477752.760000000000000000000000 0.000000000000000000000000 0.000000000000000000000000 0.000000000000000000000000 0.000000000000000000000000 0.000000000000000000000000 0.000000000000000000000000 0.000000000000000000000000 0.000000000000000000000000 0.000000000000000000000000 0.000000000000000000000000
98654102.040000000000000000000000 98402368.660000000000000000000000 0.000000000000000000000000 0.000000000000000000000000 0.000000000000000000000000 0.000000000000000000000000 0.000000000000000000000000 0.000000000000000000000000 0.000000000000000000000000 0.000000000000000000000000 0.000000000000000000000000 0.000000000000000000000000
98580177.410000000000000000000000 98317715.170000000000000000000000 0.000000000000000000000000 0.000000000000000000000000 0.000000000000000000000000 0.000000000000000000000000 0.000000000000000000000000 0.000000000000000000000000 0.000000000000000000000000 0.000000000000000000000000 0.000000000000000000000000 0.000000000000000000000000
98496878.240000000000000000000000 98249687.900000000000000000000000 0.000000000000000000000000 0.000000000000000000000000 0.000000000000000000000000 0.000000000000000000000000 0.000000000000000000000000 0.000000000000000000000000 0.000000000000000000000000 0.000000000000000000000000 0.000000000000000000000000 0.000000000000000000000000
98403846.220000000000000000000000 98186647.370000000000000000000000 0.000000000000000000000000 0.000000000000000000000000 0.000000000000000000000000 0.000000000000000000000000 0.000000000000000000000000 0.000000000000000000000000 0.000000000000000000000000 0.000000000000000000000000 0.000000000000000000000000 0.000000000000000000000000
98340487.070000000000000000000000 98111702.250000000000000000000000 0.000000000000000000000000 0.000000000000000000000000 0.000000000000000000000000 0.000000000000000000000000 0.000000000000000000000000 0.000000000000000000000000 0.000000000000000000000000 0.000000000000000000000000 0.000000000000000000000000 0.000000000000000000000000
98267841.310000000000000000000000 98024611.170000000000000000000000 0.000000000000000000000000 0.000000000000000000000000 0.000000000000000000000000 0.000000000000000000000000 0.000000000000000000000000 0.000000000000000000000000 0.000000000000000000000000 0.000000000000000000000000 0.000000000000000000000000 0.000000000000000000000000
98182986.190000000000000000000000 97925165.130000000000000000000000 0.000000000000000000000000 0.000000000000000000000000 0.000000000000000000000000 0.000000000000000000000000 0.000000000000000000000000 0.000000000000000000000000 0.000000000000000000000000 0.000000000000000000000000 0.000000000000000000000000 0.000000000000000000000000
98085625.570000000000000000000000 97813165.240000000000000000000000 0.000000000000000000000000 0.000000000000000000000000 0.000000000000000000000000 0.000000000000000000000000 0.000000000000000000000000 0.000000000000000000000000 0.000000000000000000000000 0.000000000000000000000000 0.000000000000000000000000 0.000000000000000000000000
97975577.950000000000000000000000 97688451.410000000000000000000000 0.000000000000000000000000 0.000000000000000000000000 0.000000000000000000000000 0.000000000000000000000000 0.000000000000000000000000 0.000000000000000000000000 0.000000000000000000000000 0.000000000000000000000000 0.000000000000000000000000 0.000000000000000000000000
97852635.170000000000000000000000 97550883.990000000000000000000000 0.000000000000000000000000 0.000000000000000000000000 0.000000000000000000000000 0.000000000000000000000000 0.000000000000000000000000 0.000000000000000000000000 0.000000000000000000000000 0.000000000000000000000000 0.000000000000000000000000 0.000000000000000000000000
97716663.710000000000000000000000 97489502.300000000000000000000000 0.000000000000000000000000 0.000000000000000000000000 0.000000000000000000000000 0.000000000000000000000000 0.000000000000000000000000 0.000000000000000000000000 0.000000000000000000000000 0.000000000000000000000000 0.000000000000000000000000 0.000000000000000000000000
97567555.090000000000000000000000 97479597.830000000000000000000000 0.000000000000000000000000 0.000000000000000000000000 0.000000000000000000000000 0.000000000000000000000000 0.000000000000000000000000 0.000000000000000000000000 0.000000000000000000000000 0.000000000000000000000000 0.000000000000000000000000 0.000000000000000000000000
97539755.620000000000000000000000 97462746.950000000000000000000000 0.000000000000000000000000 0.000000000000000000000000 0.000000000000000000000000 0.000000000000000000000000 0.000000000000000000000000 0.000000000000000000000000 0.000000000000000000000000 0.000000000000000000000000 0.000000000000000000000000 0.000000000000000000000000
97526964.480000000000000000000000 97438588.080000000000000000000000 0.000000000000000000000000 0.000000000000000000000000 0.000000000000000000000000 0.000000000000000000000000 0.000000000000000000000000 0.000000000000000000000000 0.000000000000000000000000 0.000000000000000000000000 0.000000000000000000000000 0.000000000000000000000000
97507010.660000000000000000000000 97406751.070000000000000000000000 0.000000000000000000000000 0.000000000000000000000000 0.000000000000000000000000 0.000000000000000000000000 0.000000000000000000000000 0.000000000000000000000000 0.000000000000000000000000 0.000000000000000000000000 0.000000000000000000000000 0.000000000000000000000000
97479469.930000000000000000000000 97366886.550000000000000000000000 0.000000000000000000000000 0.000000000000000000000000 0.000000000000000000000000 0.000000000000000000000000 0.000000000000000000000000 0.000000000000000000000000 0.000000000000000000000000 0.000000000000000000000000 0.000000000000000000000000 0.000000000000000000000000
97443980.560000000000000000000000 97318710.410000000000000000000000 0.000000000000000000000000 0.000000000000000000000000 0.000000000000000000000000 0.000000000000000000000000 0.000000000000000000000000 0.000000000000000000000000 0.000000000000000000000000 0.000000000000000000000000 0.000000000000000000000000 0.000000000000000000000000
97400109.680000000000000000000000 97261838.900000000000000000000000 0.000000000000000000000000 0.000000000000000000000000 0.000000000000000000000000 0.000000000000000000000000 0.000000000000000000000000 0.000000000000000000000000 0.000000000000000000000000 0.000000000000000000000000 0.000000000000000000000000 0.000000000000000000000000
97347551.980000000000000000000000 97195939.240000000000000000000000 0.000000000000000000000000 0.000000000000000000000000 0.000000000000000000000000 0.000000000000000000000000 0.000000000000000000000000 0.000000000000000000000000 0.000000000000000000000000 0.000000000000000000000000 0.000000000000000000000000 0.000000000000000000000000
97285893.620000000000000000000000 97120702.830000000000000000000000 0.000000000000000000000000 0.000000000000000000000000 0.000000000000000000000000 0.000000000000000000000000 0.000000000000000000000000 0.000000000000000000000000 0.000000000000000000000000 0.000000000000000000000000 0.000000000000000000000000 0.000000000000000000000000
97214821.990000000000000000000000 97035849.870000000000000000000000 0.000000000000000000000000 0.000000000000000000000000 0.000000000000000000000000 0.000000000000000000000000 0.000000000000000000000000 0.000000000000000000000000 0.000000000000000000000000 0.000000000000000000000000 0.000000000000000000000000 0.000000000000000000000000
97134108.730000000000000000000000 96941123.760000000000000000000000 0.000000000000000000000000 0.000000000000000000000000 0.000000000000000000000000 0.000000000000000000000000 0.000000000000000000000000 0.000000000000000000000000 0.000000000000000000000000 0.000000000000000000000000 0.000000000000000000000000 0.000000000000000000000000
97043246.860000000000000000000000 96836293.410000000000000000000000 0.000000000000000000000000 0.000000000000000000000000 0.000000000000000000000000 0.000000000000000000000000 0.000000000000000000000000 0.000000000000000000000000 0.000000000000000000000000 0.000000000000000000000000 0.000000000000000000000000 0.000000000000000000000000
96942231.560000000000000000000000 96721153.100000000000000000000000 0.000000000000000000000000 0.000000000000000000000000 0.000000000000000000000000 0.000000000000000000000000 0.000000000000000000000000 0.000000000000000000000000 0.000000000000000000000000 0.000000000000000000000000 0.000000000000000000000000 0.000000000000000000000000
96830761.240000000000000000000000 96595538.450000000000000000000000 0.000000000000000000000000 0.000000000000000000000000 0.000000000000000000000000 0.000000000000000000000000 0.000000000000000000000000 0.000000000000000000000000 0.000000000000000000000000 0.000000000000000000000000 0.000000000000000000000000 0.000000000000000000000000
96708692.750000000000000000000000 96459307.460000000000000000000000 0.000000000000000000000000 0.000000000000000000000000 0.000000000000000000000000 0.000000000000000000000000 0.000000000000000000000000 0.000000000000000000000000 0.000000000000000000000000 0.000000000000000000000000 0.000000000000000000000000 0.000000000000000000000000
96575743.700000000000000000000000 96312365.190000000000000000000000 0.000000000000000000000000 0.000000000000000000000000 0.000000000000000000000000 0.000000000000000000000000 0.000000000000000000000000 0.000000000000000000000000 0.000000000000000000000000 0.000000000000000000000000 0.000000000000000000000000 0.000000000000000000000000
96432139.390000000000000000000000 96154652.000000000000000000000000 0.000000000000000000000000 0.000000000000000000000000 0.000000000000000000000000 0.000000000000000000000000 0.000000000000000000000000 0.000000000000000000000000 0.000000000000000000000000 0.000000000000000000000000 0.000000000000000000000000 0.000000000000000000000000
96277215.690000000000000000000000 95986147.460000000000000000000000 0.000000000000000000000000 0.000000000000000000000000 0.000000000000000000000000 0.000000000000000000000000 0.000000000000000000000000 0.000000000000000000000000 0.000000000000000000000000 0.000000000000000000000000 0.000000000000000000000000 0.000000000000000000000000
96111513.380000000000000000000000 95806875.200000000000000000000000 0.000000000000000000000000 0.000000000000000000000000 0.000000000000000000000000 0.000000000000000000000000 0.000000000000000000000000 0.000000000000000000000000 0.000000000000000000000000 0.000000000000000000000000 0.000000000000000000000000 0.000000000000000000000000
95934872.690000000000000000000000 95616899.980000000000000000000000 0.000000000000000000000000 0.000000000000000000000000 0.000000000000000000000000 0.000000000000000000000000 0.000000000000000000000000 0.000000000000000000000000 0.000000000000000000000000 0.000000000000000000000000 0.000000000000000000000000 0.000000000000000000000000
95747155.140000000000000000000000 95416334.220000000000000000000000 0.000000000000000000000000 0.000000000000000000000000 0.000000000000000000000000 0.000000000000000000000000 0.000000000000000000000000 0.000000000000000000000000 0.000000000000000000000000 0.000000000000000000000000 0.000000000000000000000000 0.000000000000000000000000
95548938.960000000000000000000000 95205333.450000000000000000000000 0.000000000000000000000000 0.000000000000000000000000 0.000000000000000000000000 0.000000000000000000000000 0.000000000000000000000000 0.000000000000000000000000 0.000000000000000000000000 0.000000000000000000000000 0.000000000000000000000000 0.000000000000000000000000
95340080.700000000000000000000000 94984097.360000000000000000000000 0.000000000000000000000000 0.000000000000000000000000 0.000000000000000000000000 0.000000000000000000000000 0.000000000000000000000000 0.000000000000000000000000 0.000000000000000000000000 0.000000000000000000000000 0.000000000000000000000000 0.000000000000000000000000
95120731.110000000000000000000000 94752875.330000000000000000000000 0.000000000000000000000000 0.000000000000000000000000 0.000000000000000000000000 0.000000000000000000000000 0.000000000000000000000000 0.000000000000000000000000 0.000000000000000000000000 0.000000000000000000000000 0.000000000000000000000000 0.000000000000000000000000
94891263.690000000000000000000000 94511959.050000000000000000000000 0.000000000000000000000000 0.000000000000000000000000 0.000000000000000000000000 0.000000000000000000000000 0.000000000000000000000000 0.000000000000000000000000 0.000000000000000000000000 0.000000000000000000000000 0.000000000000000000000000 0.000000000000000000000000
94652044.220000000000000000000000 94261674.550000000000000000000000 0.000000000000000000000000 0.000000000000000000000000 0.000000000000000000000000 0.000000000000000000000000 0.000000000000000000000000 0.000000000000000000000000 0.000000000000000000000000 0.000000000000000000000000 0.000000000000000000000000 0.000000000000000000000000
94403278.060000000000000000000000 94002414.610000000000000000000000 0.000000000000000000000000 0.000000000000000000000000 0.000000000000000000000000 0.000000000000000000000000 0.000000000000000000000000 0.000000000000000000000000 0.000000000000000000000000 0.000000000000000000000000 0.000000000000000000000000 0.000000000000000000000000
94145216.590000000000000000000000 93734583.680000000000000000000000 0.000000000000000000000000 0.000000000000000000000000 0.000000000000000000000000 0.000000000000000000000000 0.000000000000000000000000 0.000000000000000000000000 0.000000000000000000000000 0.000000000000000000000000 0.000000000000000000000000 0.000000000000000000000000
93878448.750000000000000000000000 93458647.830000000000000000000000 0.000000000000000000000000 0.000000000000000000000000 0.000000000000000000000000 0.000000000000000000000000 0.000000000000000000000000 0.000000000000000000000000 0.000000000000000000000000 0.000000000000000000000000 0.000000000000000000000000 0.000000000000000000000000
93603503.060000000000000000000000 93175096.200000000000000000000000 0.000000000000000000000000 0.000000000000000000000000 0.000000000000000000000000 0.000000000000000000000000 0.000000000000000000000000 0.000000000000000000000000 0.000000000000000000000000 0.000000000000000000000000 0.000000000000000000000000 0.000000000000000000000000
93320839.560000000000000000000000 92884463.100000000000000000000000 0.000000000000000000000000 0.000000000000000000000000 0.000000000000000000000000 0.000000000000000000000000 0.000000000000000000000000 0.000000000000000000000000 0.000000000000000000000000 0.000000000000000000000000 0.000000000000000000000000 0.000000000000000000000000
