0.000416246391800000000000 0.000000000405503691500000 0.000000000000000000000000 0.000000000000000000000000 0.000000000000000000000000 0.000000000000000000000000 0.000000000000000000000000 0.000000000000000000000000 0.000000000000000000000000 0.000000000000000000000000 0.000000000000000000000000 0.000000000000000000000000
0.000458681080700000000000 0.000000000276029481500000 0.000000000000000000000000 0.000000000000000000000000 0.000000000000000000000000 0.000000000000000000000000 0.000000000000000000000000 0.000000000000000000000000 0.000000000000000000000000 0.000000000000000000000000 0.000000000000000000000000 0.000000000000000000000000
0.000514357586300000000000 0.000000000213908698400000 0.000000000000000000000000 0.000000000000000000000000 0.000000000000000000000000 0.000000000000000000000000 0.000000000000000000000000 0.000000000000000000000000 0.000000000000000000000000 0.000000000000000000000000 0.000000000000000000000000 0.000000000000000000000000
0.000579774432200000000000 0.000000000223459287000000 0.000000000000000000000000 0.000000000000000000000000 0.000000000000000000000000 0.000000000000000000000000 0.000000000000000000000000 0.000000000000000000000000 0.000000000000000000000000 0.000000000000000000000000 0.000000000000000000000000 0.000000000000000000000000
0.000651299840400000000000 0.000000000273345146900000 0.000000000000000000000000 0.000000000000000000000000 0.000000000000000000000000 0.000000000000000000000000 0.000000000000000000000000 0.000000000000000000000000 0.000000000000000000000000 0.000000000000000000000000 0.000000000000000000000000 0.000000000000000000000000
0.000725808435500000000000 0.000000000334584500400000 0.000000000000000000000000 0.000000000000000000000000 0.000000000000000000000000 0.000000000000000000000000 0.000000000000000000000000 0.000000000000000000000000 0.000000000000000000000000 0.000000000000000000000000 0.000000000000000000000000 0.000000000000000000000000
0.000800906599000000000000 0.000000000397825923900000 0.000000000000000000000000 0.000000000000000000000000 0.000000000000000000000000 0.000000000000000000000000 0.000000000000000000000000 0.000000000000000000000000 0.000000000000000000000000 0.000000000000000000000000 0.000000000000000000000000 0.000000000000000000000000
0.000874958157200000000000 0.000000000460772229400000 0.000000000000000000000000 0.000000000000000000000000 0.000000000000000000000000 0.000000000000000000000000 0.000000000000000000000000 0.000000000000000000000000 0.000000000000000000000000 0.000000000000000000000000 0.000000000000000000000000 0.000000000000000000000000
0.000947162172700000000000 0.000000000523193029600000 0.000000000000000000000000 0.000000000000000000000000 0.000000000000000000000000 0.000000000000000000000000 0.000000000000000000000000 0.000000000000000000000000 0.000000000000000000000000 0.000000000000000000000000 0.000000000000000000000000 0.000000000000000000000000
0.001017259729000000000000 0.000000000590309841900000 0.000000000000000000000000 0.000000000000000000000000 0.000000000000000000000000 0.000000000000000000000000 0.000000000000000000000000 0.000000000000000000000000 0.000000000000000000000000 0.000000000000000000000000 0.000000000000000000000000 0.000000000000000000000000
0.001085385800000000000000 0.000000000655398232600000 0.000000000000000000000000 0.000000000000000000000000 0.000000000000000000000000 0.000000000000000000000000 0.000000000000000000000000 0.000000000000000000000000 0.000000000000000000000000 0.000000000000000000000000 0.000000000000000000000000 0.000000000000000000000000
0.001151879178000000000000 0.000000000721089235500000 0.000000000000000000000000 0.000000000000000000000000 0.000000000000000000000000 0.000000000000000000000000 0.000000000000000000000000 0.000000000000000000000000 0.000000000000000000000000 0.000000000000000000000000 0.000000000000000000000000 0.000000000000000000000000
0.001217050044000000000000 0.000000000784428615700000 0.000000000000000000000000 0.000000000000000000000000 0.000000000000000000000000 0.000000000000000000000000 0.000000000000000000000000 0.000000000000000000000000 0.000000000000000000000000 0.000000000000000000000000 0.000000000000000000000000 0.000000000000000000000000
0.001280981239000000000000 0.000000000833132813800000 0.000000000000000000000000 0.000000000000000000000000 0.000000000000000000000000 0.000000000000000000000000 0.000000000000000000000000 0.000000000000000000000000 0.000000000000000000000000 0.000000000000000000000000 0.000000000000000000000000 0.000000000000000000000000
0.001343436926000000000000 0.000000000926844228200000 0.000000000000000000000000 0.000000000000000000000000 0.000000000000000000000000 0.000000000000000000000000 0.000000000000000000000000 0.000000000000000000000000 0.000000000000000000000000 0.000000000000000000000000 0.000000000000000000000000 0.000000000000000000000000
0.001403928066000000000000 0.000000000960430068500000 0.000000000000000000000000 0.000000000000000000000000 0.000000000000000000000000 0.000000000000000000000000 0.000000000000000000000000 0.000000000000000000000000 0.000000000000000000000000 0.000000000000000000000000 0.000000000000000000000000 0.000000000000000000000000
0.001461661955000000000000 0.000000001021720267000000 0.000000000000007953090490 0.000000000000000000000000 0.000000000000000000000000 0.000000000000000000000000 0.000000000000000000000000 0.000000000000000000000000 0.000000000000000000000000 0.000000000000000000000000 0.000000000000000000000000 0.000000000000000000000000
0.001515639843000000000000 0.000000001049051017000000 0.000000000000010519736010 0.000000000000000000000000 0.000000000000000000000000 0.000000000000000000000000 0.000000000000000000000000 0.000000000000000000000000 0.000000000000000000000000 0.000000000000000000000000 0.000000000000000000000000 0.000000000000000000000000
0.001564736846000000000000 0.000000001108859341000000 0.000000000000007402037472 0.000000000000000000000000 0.000000000000000000000000 0.000000000000000000000000 0.000000000000000000000000 0.000000000000000000000000 0.000000000000000000000000 0.000000000000000000000000 0.000000000000000000000000 0.000000000000000000000000
0.001607790149000000000000 0.000000001134891052000000 0.000000000000044745143810 0.000000000000000000000000 0.000000000000000000000000 0.000000000000000000000000 0.000000000000000000000000 0.000000000000000000000000 0.000000000000000000000000 0.000000000000000000000000 0.000000000000000000000000 0.000000000000000000000000
0.001643641376000000000000 0.000000001289379967000000 0.000000000568753392100000 0.000000000000000000000000 0.000000000000000000000000 0.000000000000000000000000 0.000000000000000000000000 0.000000000000000000000000 0.000000000000000000000000 0.000000000000000000000000 0.000000000000000000000000 0.000000000000000000000000
0.001671209619000000000000 0.000000001338216104000000 0.000000000541048172200000 0.000000000000000000000000 0.000000000000000000000000 0.000000000000000000000000 0.000000000000000000000000 0.000000000000000000000000 0.000000000000000000000000 0.000000000000000000000000 0.000000000000000000000000 0.000000000000000000000000
0.001689480752000000000000 0.000000001187649368000000 0.000000000000019596908930 0.000000000000000000000000 0.000000000000000000000000 0.000000000000000000000000 0.000000000000000000000000 0.000000000000000000000000 0.000000000000000000000000 0.000000000000000000000000 0.000000000000000000000000 0.000000000000000000000000
0.001697623016000000000000 0.000000001283569705000000 0.000000000415817272700000 0.000000000000000000000000 0.000000000000000000000000 0.000000000000000000000000 0.000000000000000000000000 0.000000000000000000000000 0.000000000000000000000000 0.000000000000000000000000 0.000000000000000000000000 0.000000000000000000000000
0.001694915046000000000000 0.000000001194899797000000 0.000000000000029220249820 0.000000000000000000000000 0.000000000000000000000000 0.000000000000000000000000 0.000000000000000000000000 0.000000000000000000000000 0.000000000000000000000000 0.000000000000000000000000 0.000000000000000000000000 0.000000000000000000000000
0.001680816475000000000000 0.000000001207064654000000 0.000000000000013996500050 0.000000000000000000000000 0.000000000000000000000000 0.000000000000000000000000 0.000000000000000000000000 0.000000000000000000000000 0.000000000000000000000000 0.000000000000000000000000 0.000000000000000000000000 0.000000000000000000000000
0.001655005224000000000000 0.000000001177063429000000 0.000000000000015017039960 0.000000000000000000000000 0.000000000000000000000000 0.000000000000000000000000 0.000000000000000000000000 0.000000000000000000000000 0.000000000000000000000000 0.000000000000000000000000 0.000000000000000000000000 0.000000000000000000000000
0.001617385330000000000000 0.000000001123985937000000 0.000000000000020786791980 0.000000000000000000000000 0.000000000000000000000000 0.000000000000000000000000 0.000000000000000000000000 0.000000000000000000000000 0.000000000000000000000000 0.000000000000000000000000 0.000000000000000000000000 0.000000000000000000000000
0.001568143152000000000000 0.000000001041599701000000 0.000000000000018902221240 0.000000000000000000000000 0.000000000000000000000000 0.000000000000000000000000 0.000000000000000000000000 0.000000000000000000000000 0.000000000000000000000000 0.000000000000000000000000 0.000000000000000000000000 0.000000000000000000000000
0.001507785278000000000000 0.000000000971102021600000 0.000000000000000000000000 0.000000000000000000000000 0.000000000000000000000000 0.000000000000000000000000 0.000000000000000000000000 0.000000000000000000000000 0.000000000000000000000000 0.000000000000000000000000 0.000000000000000000000000 0.000000000000000000000000
0.001437198082000000000000 0.000000000919848911600000 0.000000000000000000000000 0.000000000000000000000000 0.000000000000000000000000 0.000000000000000000000000 0.000000000000000000000000 0.000000000000000000000000 0.000000000000000000000000 0.000000000000000000000000 0.000000000000000000000000 0.000000000000000000000000
0.001357632615000000000000 0.000000000821357974500000 0.000000000000000000000000 0.000000000000000000000000 0.000000000000000000000000 0.000000000000000000000000 0.000000000000000000000000 0.000000000000000000000000 0.000000000000000000000000 0.000000000000000000000000 0.000000000000000000000000 0.000000000000000000000000
0.001270808392000000000000 0.000000000735761718000000 0.000000000000000000000000 0.000000000000000000000000 0.000000000000000000000000 0.000000000000000000000000 0.000000000000000000000000 0.000000000000000000000000 0.000000000000000000000000 0.000000000000000000000000 0.000000000000000000000000 0.000000000000000000000000
0.001178932271000000000000 0.000000000640284145500000 0.000000000000000000000000 0.000000000000000000000000 0.000000000000000000000000 0.000000000000000000000000 0.000000000000000000000000 0.000000000000000000000000 0.000000000000000000000000 0.000000000000000000000000 0.000000000000000000000000 0.000000000000000000000000
0.001084573728000000000000 0.000000000549640916300000 0.000000000000000000000000 0.000000000000000000000000 0.000000000000000000000000 0.000000000000000000000000 0.000000000000000000000000 0.000000000000000000000000 0.000000000000000000000000 0.000000000000000000000000 0.000000000000000000000000 0.000000000000000000000000
0.000990686204700000000000 0.000000000457983859400000 0.000000000000000000000000 0.000000000000000000000000 0.000000000000000000000000 0.000000000000000000000000 0.000000000000000000000000 0.000000000000000000000000 0.000000000000000000000000 0.000000000000000000000000 0.000000000000000000000000 0.000000000000000000000000
0.000900408406300000000000 0.000000000375821767600000 0.000000000000000000000000 0.000000000000000000000000 0.000000000000000000000000 0.000000000000000000000000 0.000000000000000000000000 0.000000000000000000000000 0.000000000000000000000000 0.000000000000000000000000 0.000000000000000000000000 0.000000000000000000000000
0.000816843895700000000000 0.000000000299984934800000 0.000000000000000000000000 0.000000000000000000000000 0.000000000000000000000000 0.000000000000000000000000 0.000000000000000000000000 0.000000000000000000000000 0.000000000000000000000000 0.000000000000000000000000 0.000000000000000000000000 0.000000000000000000000000
0.000742674458200000000000 0.000000000239404829700000 0.000000000000000000000000 0.000000000000000000000000 0.000000000000000000000000 0.000000000000000000000000 0.000000000000000000000000 0.000000000000000000000000 0.000000000000000000000000 0.000000000000000000000000 0.000000000000000000000000 0.000000000000000000000000
0.000679927719000000000000 0.000000000194562004100000 0.000000000000000000000000 0.000000000000000000000000 0.000000000000000000000000 0.000000000000000000000000 0.000000000000000000000000 0.000000000000000000000000 0.000000000000000000000000 0.000000000000000000000000 0.000000000000000000000000 0.000000000000000000000000
0.000629487596500000000000 0.000000000167988309500000 0.000000000000000000000000 0.000000000000000000000000 0.000000000000000000000000 0.000000000000000000000000 0.000000000000000000000000 0.000000000000000000000000 0.000000000000000000000000 0.000000000000000000000000 0.000000000000000000000000 0.000000000000000000000000
0.000591233687000000000000 0.000000000156258441500000 0.000000000000000000000000 0.000000000000000000000000 0.000000000000000000000000 0.000000000000000000000000 0.000000000000000000000000 0.000000000000000000000000 0.000000000000000000000000 0.000000000000000000000000 0.000000000000000000000000 0.000000000000000000000000
0.000564284800300000000000 0.000000000150177592300000 0.000000000000000000000000 0.000000000000000000000000 0.000000000000000000000000 0.000000000000000000000000 0.000000000000000000000000 0.000000000000000000000000 0.000000000000000000000000 0.000000000000000000000000 0.000000000000000000000000 0.000000000000000000000000
0.000547537327200000000000 0.000000000141775282200000 0.000000000000000000000000 0.000000000000000000000000 0.000000000000000000000000 0.000000000000000000000000 0.000000000000000000000000 0.000000000000000000000000 0.000000000000000000000000 0.000000000000000000000000 0.000000000000000000000000 0.000000000000000000000000
0.000540203501900000000000 0.000000000128653178500000 0.000000000000000000000000 0.000000000000000000000000 0.000000000000000000000000 0.000000000000000000000000 0.000000000000000000000000 0.000000000000000000000000 0.000000000000000000000000 0.000000000000000000000000 0.000000000000000000000000 0.000000000000000000000000
0.000542088556800000000000 0.000000000435034834700000 0.000000000000000000000000 0.000000000000000000000000 0.000000000000000000000000 0.000000000000000000000000 0.000000000000000000000000 0.000000000000000000000000 0.000000000000000000000000 0.000000000000000000000000 0.000000000000000000000000 0.000000000000000000000000
0.000553430780900000000000 0.000000000139390207500000 0.000000000000000000000000 0.000000000000000000000000 0.000000000000000000000000 0.000000000000000000000000 0.000000000000000000000000 0.000000000000000000000000 0.000000000000000000000000 0.000000000000000000000000 0.000000000000000000000000 0.000000000000000000000000
0.000574529881800000000000 0.000000000204794517400000 0.000000000000000000000000 0.000000000000000000000000 0.000000000000000000000000 0.000000000000000000000000 0.000000000000000000000000 0.000000000000000000000000 0.000000000000000000000000 0.000000000000000000000000 0.000000000000000000000000 0.000000000000000000000000
0.000605326057500000000000 0.000000000414206088000000 0.000000000000000000000000 0.000000000000000000000000 0.000000000000000000000000 0.000000000000000000000000 0.000000000000000000000000 0.000000000000000000000000 0.000000000000000000000000 0.000000000000000000000000 0.000000000000000000000000 0.000000000000000000000000
0.000645215662600000000000 0.000000000436326085900000 0.000000000000000000000000 0.000000000000000000000000 0.000000000000000000000000 0.000000000000000000000000 0.000000000000000000000000 0.000000000000000000000000 0.000000000000000000000000 0.000000000000000000000000 0.000000000000000000000000 0.000000000000000000000000
0.000693041102700000000000 0.000000000585043249300000 0.000000000000000000000000 0.000000000000000000000000 0.000000000000000000000000 0.000000000000000000000000 0.000000000000000000000000 0.000000000000000000000000 0.000000000000000000000000 0.000000000000000000000000 0.000000000000000000000000 0.000000000000000000000000
0.000747301942900000000000 0.000000000747329490500000 0.000000000000000000000000 0.000000000000000000000000 0.000000000000000000000000 0.000000000000000000000000 0.000000000000000000000000 0.000000000000000000000000 0.000000000000000000000000 0.000000000000000000000000 0.000000000000000000000000 0.000000000000000000000000
0.000806341070100000000000 0.000000000915468920200000 0.000000000000000000000000 0.000000000000000000000000 0.000000000000000000000000 0.000000000000000000000000 0.000000000000000000000000 0.000000000000000000000000 0.000000000000000000000000 0.000000000000000000000000 0.000000000000000000000000 0.000000000000000000000000
0.000868537219300000000000 0.000000001094168424000000 0.000000000000023556127850 0.000000000000000000000000 0.000000000000000000000000 0.000000000000000000000000 0.000000000000000000000000 0.000000000000000000000000 0.000000000000000000000000 0.000000000000000000000000 0.000000000000000000000000 0.000000000000000000000000
0.000932369971400000000000 0.000000001241794266000000 0.000000000000057089857050 0.000000000000000000000000 0.000000000000000000000000 0.000000000000000000000000 0.000000000000000000000000 0.000000000000000000000000 0.000000000000000000000000 0.000000000000000000000000 0.000000000000000000000000 0.000000000000000000000000
0.000996501032000000000000 0.000000001391668229000000 0.000000000000007355967991 0.000000000000000000000000 0.000000000000000000000000 0.000000000000000000000000 0.000000000000000000000000 0.000000000000000000000000 0.000000000000000000000000 0.000000000000000000000000 0.000000000000000000000000 0.000000000000000000000000
0.001059722190000000000000 0.000000001528987655000000 0.000000000000020966434420 0.000000000000000000000000 0.000000000000000000000000 0.000000000000000000000000 0.000000000000000000000000 0.000000000000000000000000 0.000000000000000000000000 0.000000000000000000000000 0.000000000000000000000000 0.000000000000000000000000
0.001121039538000000000000 0.000000001653504484000000 0.000000000000038495613260 0.000000000000000000000000 0.000000000000000000000000 0.000000000000000000000000 0.000000000000000000000000 0.000000000000000000000000 0.000000000000000000000000 0.000000000000000000000000 0.000000000000000000000000 0.000000000000000000000000
0.001179530664000000000000 0.000000001746540302000000 0.000000000000019336729000 0.000000000000000000000000 0.000000000000000000000000 0.000000000000000000000000 0.000000000000000000000000 0.000000000000000000000000 0.000000000000000000000000 0.000000000000000000000000 0.000000000000000000000000 0.000000000000000000000000
0.001234455663000000000000 0.000000001819114164000000 0.000000000000020667899010 0.000000000000000000000000 0.000000000000000000000000 0.000000000000000000000000 0.000000000000000000000000 0.000000000000000000000000 0.000000000000000000000000 0.000000000000000000000000 0.000000000000000000000000 0.000000000000000000000000
0.001285122226000000000000 0.000000001877090192000000 0.000000000000056184591150 0.000000000000000000000000 0.000000000000000000000000 0.000000000000000000000000 0.000000000000000000000000 0.000000000000000000000000 0.000000000000000000000000 0.000000000000000000000000 0.000000000000000000000000 0.000000000000000000000000
0.001330963527000000000000 0.000000001916603612000000 0.000000000000009287863237 0.000000000000000000000000 0.000000000000000000000000 0.000000000000000000000000 0.000000000000000000000000 0.000000000000000000000000 0.000000000000000000000000 0.000000000000000000000000 0.000000000000000000000000 0.000000000000000000000000
0.001371446207000000000000 0.000000001961703328000000 0.000000000000026230137340 0.000000000000000000000000 0.000000000000000000000000 0.000000000000000000000000 0.000000000000000000000000 0.000000000000000000000000 0.000000000000000000000000 0.000000000000000000000000 0.000000000000000000000000 0.000000000000000000000000
0.001406083285000000000000 0.000000001978846098000000 0.000000000000034033032100 0.000000000000000000000000 0.000000000000000000000000 0.000000000000000000000000 0.000000000000000000000000 0.000000000000000000000000 0.000000000000000000000000 0.000000000000000000000000 0.000000000000000000000000 0.000000000000000000000000
0.001434419879000000000000 0.000000001986743878000000 0.000000000000027519204100 0.000000000000000000000000 0.000000000000000000000000 0.000000000000000000000000 0.000000000000000000000000 0.000000000000000000000000 0.000000000000000000000000 0.000000000000000000000000 0.000000000000000000000000 0.000000000000000000000000
0.001456019180000000000000 0.000000001964729961000000 0.000000000000017594535940 0.000000000000000000000000 0.000000000000000000000000 0.000000000000000000000000 0.000000000000000000000000 0.000000000000000000000000 0.000000000000000000000000 0.000000000000000000000000 0.000000000000000000000000 0.000000000000000000000000
0.001470454637000000000000 0.000000001941732112000000 0.000000000000041391013380 0.000000000000000000000000 0.000000000000000000000000 0.000000000000000000000000 0.000000000000000000000000 0.000000000000000000000000 0.000000000000000000000000 0.000000000000000000000000 0.000000000000000000000000 0.000000000000000000000000
0.001477311445000000000000 0.000000001907187414000000 0.000000000000014372156320 0.000000000000000000000000 0.000000000000000000000000 0.000000000000000000000000 0.000000000000000000000000 0.000000000000000000000000 0.000000000000000000000000 0.000000000000000000000000 0.000000000000000000000000 0.000000000000000000000000
0.001476191943000000000000 0.000000001893292499000000 0.000000000000019703496590 0.000000000000000000000000 0.000000000000000000000000 0.000000000000000000000000 0.000000000000000000000000 0.000000000000000000000000 0.000000000000000000000000 0.000000000000000000000000 0.000000000000000000000000 0.000000000000000000000000
0.001466723891000000000000 0.000000001838053357000000 0.000000000000035059998420 0.000000000000000000000000 0.000000000000000000000000 0.000000000000000000000000 0.000000000000000000000000 0.000000000000000000000000 0.000000000000000000000000 0.000000000000000000000000 0.000000000000000000000000 0.000000000000000000000000
0.001448588175000000000000 0.000000001788699220000000 0.000000000000046221979790 0.000000000000000000000000 0.000000000000000000000000 0.000000000000000000000000 0.000000000000000000000000 0.000000000000000000000000 0.000000000000000000000000 0.000000000000000000000000 0.000000000000000000000000 0.000000000000000000000000
0.001421549584000000000000 0.000000001704892081000000 0.000000000000027572246100 0.000000000000000000000000 0.000000000000000000000000 0.000000000000000000000000 0.000000000000000000000000 0.000000000000000000000000 0.000000000000000000000000 0.000000000000000000000000 0.000000000000000000000000 0.000000000000000000000000
0.001385452637000000000000 0.000000001652064411000000 0.000000000000018041381460 0.000000000000000000000000 0.000000000000000000000000 0.000000000000000000000000 0.000000000000000000000000 0.000000000000000000000000 0.000000000000000000000000 0.000000000000000000000000 0.000000000000000000000000 0.000000000000000000000000
0.001340343877000000000000 0.000000001578326432000000 0.000000000000018370345730 0.000000000000000000000000 0.000000000000000000000000 0.000000000000000000000000 0.000000000000000000000000 0.000000000000000000000000 0.000000000000000000000000 0.000000000000000000000000 0.000000000000000000000000 0.000000000000000000000000
0.001286458192000000000000 0.000000001493216138000000 0.000000000000042171728350 0.000000000000000000000000 0.000000000000000000000000 0.000000000000000000000000 0.000000000000000000000000 0.000000000000000000000000 0.000000000000000000000000 0.000000000000000000000000 0.000000000000000000000000 0.000000000000000000000000
0.001224328874000000000000 0.000000001438593067000000 0.000000000000047438144960 0.000000000000000000000000 0.000000000000000000000000 0.000000000000000000000000 0.000000000000000000000000 0.000000000000000000000000 0.000000000000000000000000 0.000000000000000000000000 0.000000000000000000000000 0.000000000000000000000000
0.001154701333000000000000 0.000000001381782299000000 0.000000000000037797990940 0.000000000000000000000000 0.000000000000000000000000 0.000000000000000000000000 0.000000000000000000000000 0.000000000000000000000000 0.000000000000000000000000 0.000000000000000000000000 0.000000000000000000000000 0.000000000000000000000000
0.001078768856000000000000 0.000000001325485917000000 0.000000000000020326191510 0.000000000000000000000000 0.000000000000000000000000 0.000000000000000000000000 0.000000000000000000000000 0.000000000000000000000000 0.000000000000000000000000 0.000000000000000000000000 0.000000000000000000000000 0.000000000000000000000000
0.000998004802500000000000 0.000000001271432786000000 0.000000000000039836293250 0.000000000000000000000000 0.000000000000000000000000 0.000000000000000000000000 0.000000000000000000000000 0.000000000000000000000000 0.000000000000000000000000 0.000000000000000000000000 0.000000000000000000000000 0.000000000000000000000000
0.000914211498100000000000 0.000000001232344576000000 0.000000000000028456157780 0.000000000000000000000000 0.000000000000000000000000 0.000000000000000000000000 0.000000000000000000000000 0.000000000000000000000000 0.000000000000000000000000 0.000000000000000000000000 0.000000000000000000000000 0.000000000000000000000000
0.000829399134400000000000 0.000000001200358498000000 0.000000000000043966943290 0.000000000000000000000000 0.000000000000000000000000 0.000000000000000000000000 0.000000000000000000000000 0.000000000000000000000000 0.000000000000000000000000 0.000000000000000000000000 0.000000000000000000000000 0.000000000000000000000000
0.000745695401600000000000 0.000000001179393165000000 0.000000000000073071710280 0.000000000000000000000000 0.000000000000000000000000 0.000000000000000000000000 0.000000000000000000000000 0.000000000000000000000000 0.000000000000000000000000 0.000000000000000000000000 0.000000000000000000000000 0.000000000000000000000000
0.000665156850400000000000 0.000000001168162344000000 0.000000000000054907352450 0.000000000000000000000000 0.000000000000000000000000 0.000000000000000000000000 0.000000000000000000000000 0.000000000000000000000000 0.000000000000000000000000 0.000000000000000000000000 0.000000000000000000000000 0.000000000000000000000000
0.000589600148700000000000 0.000000001164150422000000 0.000000000000014517038990 0.000000000000000000000000 0.000000000000000000000000 0.000000000000000000000000 0.000000000000000000000000 0.000000000000000000000000 0.000000000000000000000000 0.000000000000000000000000 0.000000000000000000000000 0.000000000000000000000000
0.000520532452700000000000 0.000000001169487394000000 0.000000000000041912467820 0.000000000000000000000000 0.000000000000000000000000 0.000000000000000000000000 0.000000000000000000000000 0.000000000000000000000000 0.000000000000000000000000 0.000000000000000000000000 0.000000000000000000000000 0.000000000000000000000000
0.000459190165700000000000 0.000000001184031825000000 0.000000000000031019484320 0.000000000000000000000000 0.000000000000000000000000 0.000000000000000000000000 0.000000000000000000000000 0.000000000000000000000000 0.000000000000000000000000 0.000000000000000000000000 0.000000000000000000000000 0.000000000000000000000000
0.000407011034700000000000 0.000000001206600104000000 0.000000000000008887177414 0.000000000000000000000000 0.000000000000000000000000 0.000000000000000000000000 0.000000000000000000000000 0.000000000000000000000000 0.000000000000000000000000 0.000000000000000000000000 0.000000000000000000000000 0.000000000000000000000000
0.000366302823800000000000 0.000000001237794486000000 0.000000000000047756678570 0.000000000000000000000000 0.000000000000000000000000 0.000000000000000000000000 0.000000000000000000000000 0.000000000000000000000000 0.000000000000000000000000 0.000000000000000000000000 0.000000000000000000000000 0.000000000000000000000000
0.000340959969800000000000 0.000000001279704379000000 0.000000000000027502175090 0.000000000000000000000000 0.000000000000000000000000 0.000000000000000000000000 0.000000000000000000000000 0.000000000000000000000000 0.000000000000000000000000 0.000000000000000000000000 0.000000000000000000000000 0.000000000000000000000000
0.000336094803000000000000 0.000000001333083216000000 0.000000000000024484504710 0.000000000000000000000000 0.000000000000000000000000 0.000000000000000000000000 0.000000000000000000000000 0.000000000000000000000000 0.000000000000000000000000 0.000000000000000000000000 0.000000000000000000000000 0.000000000000000000000000
0.000355628198700000000000 0.000000001398815574000000 0.000000000000048932581270 0.000000000000000000000000 0.000000000000000000000000 0.000000000000000000000000 0.000000000000000000000000 0.000000000000000000000000 0.000000000000000000000000 0.000000000000000000000000 0.000000000000000000000000 0.000000000000000000000000
0.000399502296900000000000 0.000000001479726773000000 0.000000000000010901945600 0.000000000000000000000000 0.000000000000000000000000 0.000000000000000000000000 0.000000000000000000000000 0.000000000000000000000000 0.000000000000000000000000 0.000000000000000000000000 0.000000000000000000000000 0.000000000000000000000000
0.000463892298000000000000 0.000000001575765626000000 0.000000000000023418166620 0.000000000000000000000000 0.000000000000000000000000 0.000000000000000000000000 0.000000000000000000000000 0.000000000000000000000000 0.000000000000000000000000 0.000000000000000000000000 0.000000000000000000000000 0.000000000000000000000000
0.000543501168700000000000 0.000000001690150911000000 0.000000000000030698196790 0.000000000000000000000000 0.000000000000000000000000 0.000000000000000000000000 0.000000000000000000000000 0.000000000000000000000000 0.000000000000000000000000 0.000000000000000000000000 0.000000000000000000000000 0.000000000000000000000000
0.000633347250600000000000 0.000000001820151183000000 0.000000000000045532876840 0.000000000000000000000000 0.000000000000000000000000 0.000000000000000000000000 0.000000000000000000000000 0.000000000000000000000000 0.000000000000000000000000 0.000000000000000000000000 0.000000000000000000000000 0.000000000000000000000000
0.000729221396000000000000 0.000000001970103457000000 0.000000000000034714944290 0.000000000000000000000000 0.000000000000000000000000 0.000000000000000000000000 0.000000000000000000000000 0.000000000000000000000000 0.000000000000000000000000 0.000000000000000000000000 0.000000000000000000000000 0.000000000000000000000000
0.000827585716900000000000 0.000000002145430531000000 0.000000000000011860349080 0.000000000000000000000000 0.000000000000000000000000 0.000000000000000000000000 0.000000000000000000000000 0.000000000000000000000000 0.000000000000000000000000 0.000000000000000000000000 0.000000000000000000000000 0.000000000000000000000000
0.000925612513200000000000 0.000000002317034989000000 0.000000000000056832975410 0.000000000000000000000000 0.000000000000000000000000 0.000000000000000000000000 0.000000000000000000000000 0.000000000000000000000000 0.000000000000000000000000 0.000000000000000000000000 0.000000000000000000000000 0.000000000000000000000000
0.001020898927000000000000 0.000000002509177490000000 0.000000000000017439594930 0.000000000000000000000000 0.000000000000000000000000 0.000000000000000000000000 0.000000000000000000000000 0.000000000000000000000000 0.000000000000000000000000 0.000000000000000000000000 0.000000000000000000000000 0.000000000000000000000000
0.001111568183000000000000 0.000000002716733544000000 0.000000000251967427200000 0.000000000000000000000000 0.000000000000000000000000 0.000000000000000000000000 0.000000000000000000000000 0.000000000000000000000000 0.000000000000000000000000 0.000000000000000000000000 0.000000000000000000000000 0.000000000000000000000000
