1.233926538e-08	6.741871753e-13	0	0	0	0	0	0	0	0	0	0
1.192160765e-08	3.658881326e-13	0	0	0	0	0	0	0	0	0	0
2.94178167e-08	1.058498393e-13	0	0	0	0	0	0	0	0	0	0
9.074753928e-08	5.967262821e-14	0	0	0	0	0	0	0	0	0	0
3.938355535e-07	1.332396971e-13	0	0	0	0	0	0	0	0	0	0
1.741930765e-06	5.308315734e-13	0	0	0	0	0	0	0	0	0	0
7.387613228e-06	2.222733697e-12	0	0	0	0	0	0	0	0	0	0
2.06810417e-05	6.560394468e-12	0	0	0	0	0	0	0	0	0	0
1.654859892e-05	4.417613756e-12	0	0	0	0	0	0	0	0	0	0
1.603944044e-05	4.29818019e-12	0	0	0	0	0	0	0	0	0	0
1.535720629e-05	4.130118145e-12	0	0	0	0	0	0	0	0	0	0
1.455353855e-05	3.935203422e-12	0	0	0	0	0	0	0	0	0	0
1.367840595e-05	3.719869814e-12	0	0	0	0	0	0	0	0	0	0
1.277868604e-05	3.49782719e-12	0	0	0	0	0	0	0	0	0	0
1.189600991e-05	3.275670734e-12	0	0	0	0	0	0	0	0	0	0
1.106271985e-05	3.058016409e-12	0	0	0	0	0	0	0	0	0	0
1.030115805e-05	2.848937823e-12	0	0	0	0	0	0	0	0	0	0
9.622112226e-06	2.645972353e-12	0	0	0	0	0	0	0	0	0	0
9.026415129e-06	2.451361398e-12	0	0	0	0	0	0	0	0	0	0
8.507947576e-06	2.266367638e-12	0	0	0	0	0	0	0	0	0	0
8.056809759e-06	2.091612462e-12	0	0	0	0	0	0	0	0	0	0
7.663172574e-06	1.931435176e-12	0	0	0	0	0	0	0	0	0	0
7.319539712e-06	1.789071513e-12	0	0	0	0	0	0	0	0	0	0
7.021683357e-06	1.671636388e-12	0	0	0	0	0	0	0	0	0	0
6.768221252e-06	1.580349174e-12	0	0	0	0	0	0	0	0	0	0
6.560021656e-06	1.519474918e-12	0	0	0	0	0	0	0	0	0	0
6.398033181e-06	1.491476397e-12	0	0	0	0	0	0	0	0	0	0
6.283007666e-06	1.494897409e-12	0	0	0	0	0	0	0	0	0	0
6.213519932e-06	1.534154106e-12	0	0	0	0	0	0	0	0	0	0
6.187033584e-06	1.610091812e-12	0	0	0	0	0	0	0	0	0	0
6.198971067e-06	1.718723454e-12	0	0	0	0	0	0	0	0	0	0
6.244125934e-06	1.860386371e-12	0	0	0	0	0	0	0	0	0	0
6.31646886e-06	2.026604274e-12	0	0	0	0	0	0	0	0	0	0
6.409755838e-06	2.207746725e-12	0	0	0	0	0	0	0	0	0	0
6.517972867e-06	2.386635402e-12	0	0	0	0	0	0	0	0	0	0
6.635147298e-06	2.54574741e-12	0	0	0	0	0	0	0	0	0	0
6.756424305e-06	2.66823374e-12	0	0	0	0	0	0	0	0	0	0
6.878569085e-06	2.739339164e-12	0	0	0	0	0	0	0	0	0	0
6.999733405e-06	2.744472128e-12	0	0	0	0	0	0	0	0	0	0
7.120912262e-06	2.680051554e-12	0	0	0	0	0	0	0	0	0	0
7.246418144e-06	2.547560649e-12	0	0	0	0	0	0	0	0	0	0
7.382439418e-06	2.359057225e-12	0	0	0	0	0	0	0	0	0	0
7.536636175e-06	2.145975498e-12	0	0	0	0	0	0	0	0	0	0
7.716677716e-06	1.93860416e-12	0	0	0	0	0	0	0	0	0	0
7.928867267e-06	1.787640939e-12	0	0	0	0	0	0	0	0	0	0
8.174976323e-06	1.738098829e-12	0	0	0	0	0	0	0	0	0	0
8.451852794e-06	1.796882753e-12	0	0	0	0	0	0	0	0	0	0
8.750749557e-06	1.936646771e-12	0	0	0	0	0	0	0	0	0	0
9.05839191e-06	2.106000704e-12	0	0	0	0	0	0	0	0	0	0
9.357800746e-06	2.254562015e-12	0	0	0	0	0	0	0	0	0	0
9.631787984e-06	2.337526696e-12	0	0	0	0	0	0	0	0	0	0
9.867033342e-06	2.326885355e-12	0	0	0	0	0	0	0	0	0	0
1.005524143e-05	2.212907327e-12	0	0	0	0	0	0	0	0	0	0
1.019883634e-05	2.040038563e-12	0	0	0	0	0	0	0	0	0	0
1.03131129e-05	2.012058945e-12	0	0	0	0	0	0	0	0	0	0
1.043145231e-05	2.509946694e-12	0	0	0	0	0	0	0	0	0	0
1.060536861e-05	3.75871048e-12	0	0	0	0	0	0	0	0	0	0
1.090131543e-05	5.716074636e-12	0	0	0	0	0	0	0	0	0	0
1.139055937e-05	8.351130817e-12	0	0	0	0	0	0	0	0	0	0
1.213197437e-05	1.166077746e-11	0	0	0	0	0	0	0	0	0	0
1.315743296e-05	1.564994662e-11	0	0	0	0	0	0	0	0	0	0
1.445885858e-05	2.029433467e-11	0	0	0	0	0	0	0	0	0	0
1.599564432e-05	2.553131459e-11	0	0	0	0	0	0	0	0	0	0
1.770105024e-05	3.124796992e-11	0	0	0	0	0	0	0	0	0	0
1.949592084e-05	3.727945339e-11	0	0	0	0	0	0	0	0	0	0
2.12974363e-05	4.34006497e-11	0	0	0	0	0	0	0	0	0	0
2.302439883e-05	4.938465443e-11	0	0	0	0	0	0	0	0	0	0
2.460599975e-05	5.492449755e-11	0	0	0	0	0	0	0	0	0	0
2.597980586e-05	5.976489746e-11	0	0	0	0	0	0	0	0	0	0
2.709818675e-05	6.366954734e-11	0	0	0	0	0	0	0	0	0	0
2.792655876e-05	6.649637334e-11	0	0	0	0	0	0	0	0	0	0
2.844508128e-05	6.805971826e-11	0	0	0	0	0	0	0	0	0	0
2.864724565e-05	6.836075735e-11	0	0	0	0	0	0	0	0	0	0
2.853826584e-05	6.745101381e-11	0	0	0	0	0	0	0	0	0	0
2.813381516e-05	6.542458692e-11	0	0	0	0	0	0	0	0	0	0
2.745664326e-05	6.240044628e-11	0	0	0	0	0	0	0	0	0	0
2.653587991e-05	5.856332892e-11	0	0	0	0	0	0	0	0	0	0
2.540438294e-05	5.409688395e-11	0	0	0	0	0	0	0	0	0	0
2.409737542e-05	4.920411404e-11	0	0	0	0	0	0	0	0	0	0
2.265188432e-05	4.40690364e-11	0	0	0	0	0	0	0	0	0	0
2.110504757e-05	3.88606889e-11	0	0	0	0	0	0	0	0	0	0
1.949422405e-05	3.366024502e-11	0	0	0	0	0	0	0	0	0	0
1.78574566e-05	2.863968176e-11	0	0	0	0	0	0	0	0	0	0
1.623194397e-05	2.386738022e-11	0	0	0	0	0	0	0	0	0	0
1.465528746e-05	1.942091517e-11	0	0	0	0	0	0	0	0	0	0
1.316315934e-05	1.536018055e-11	0	0	0	0	0	0	0	0	0	0
1.179105874e-05	1.172780261e-11	0	0	0	0	0	0	0	0	0	0
1.056949487e-05	8.572316434e-12	0	0	0	0	0	0	0	0	0	0
9.523079729e-06	5.930458121e-12	0	0	0	0	0	0	0	0	0	0
8.666811378e-06	3.869920498e-12	0	0	0	0	0	0	0	0	0	0
8.003354767e-06	2.526296199e-12	0	0	0	0	0	0	0	0	0	0
7.52044183e-06	2.032836726e-12	0	0	0	0	0	0	0	0	0	0
7.196199926e-06	2.121052026e-12	0	0	0	0	0	0	0	0	0	0
7.00490322e-06	2.268660414e-12	0	0	0	0	0	0	0	0	0	0
6.922538912e-06	2.24087036e-12	0	0	0	0	0	0	0	0	0	0
6.92986426e-06	2.050186041e-12	0	0	0	0	0	0	0	0	0	0
7.014175567e-06	1.870941e-12	0	0	0	0	0	0	0	0	0	0
7.164969259e-06	2.04644318e-12	0	0	0	0	0	0	0	0	0	0
7.371471004e-06	2.758123122e-12	0	0	0	0	0	0	0	0	0	0
7.623912749e-06	3.856796981e-12	0	0	0	0	0	0	0	0	0	0
7.911253175e-06	5.151573776e-12	0	0	0	0	0	0	0	0	0	0
8.229524499e-06	6.525455067e-12	0	0	0	0	0	0	0	0	0	0
8.579806853e-06	7.901748299e-12	0	0	0	0	0	0	0	0	0	0
8.971405612e-06	9.217901163e-12	0	0	0	0	0	0	0	0	0	0
9.41949358e-06	1.043073621e-11	0	0	0	0	0	0	0	0	0	0
9.939705115e-06	1.151602391e-11	0	0	0	0	0	0	0	0	0	0
1.054310252e-05	1.247022766e-11	0	0	0	0	0	0	0	0	0	0
1.123024992e-05	1.331902236e-11	0	0	0	0	0	0	0	0	0	0
1.19892375e-05	1.404765098e-11	0	0	0	0	0	0	0	0	0	0
1.279751196e-05	1.469711328e-11	0	0	0	0	0	0	0	0	0	0
1.362457857e-05	1.526880823e-11	0	0	0	0	0	0	0	0	0	0
1.443818582e-05	1.583645265e-11	0	0	0	0	0	0	0	0	0	0
1.520645085e-05	1.637061164e-11	0	0	0	0	0	0	0	0	0	0
1.590542018e-05	1.688518685e-11	0	0	0	0	0	0	0	0	0	0
1.65192643e-05	1.740008784e-11	0	0	0	0	0	0	0	0	0	0
1.704435401e-05	1.789498032e-11	0	0	0	0	0	0	0	0	0	0
1.749152121e-05	1.8400124e-11	0	0	0	0	0	0	0	0	0	0
1.788400587e-05	1.887264078e-11	0	0	0	0	0	0	0	0	0	0
1.825328567e-05	1.934967971e-11	0	0	0	0	0	0	0	0	0	0
1.863445159e-05	1.986342811e-11	0	0	0	0	0	0	0	0	0	0
1.905635703e-05	2.042321026e-11	0	0	0	0	0	0	0	0	0	0
1.95319272e-05	2.102466401e-11	0	0	0	0	0	0	0	0	0	0
2.005806871e-05	2.172008728e-11	0	0	0	0	0	0	0	0	0	0
2.060787981e-05	2.253083411e-11	0	0	0	0	0	0	0	0	0	0
2.1144526e-05	2.337734081e-11	0	0	0	0	0	0	0	0	0	0
2.162084468e-05	2.432141655e-11	0	0	0	0	0	0	0	0	0	0
2.19959206e-05	2.527230078e-11	0	0	0	0	0	0	0	0	0	0
2.223649416e-05	2.624988489e-11	0	0	0	0	0	0	0	0	0	0
2.232632676e-05	2.713594858e-11	0	0	0	0	0	0	0	0	0	0
2.226570855e-05	2.786171021e-11	0	0	0	0	0	0	0	0	0	0
2.207091695e-05	2.837182516e-11	0	0	0	0	0	0	0	0	0	0
2.176754642e-05	2.863378021e-11	0	0	0	0	0	0	0	0	0	0
2.138704051e-05	2.849276142e-11	0	0	0	0	0	0	0	0	0	0
2.095751312e-05	2.799267286e-11	0	0	0	0	0	0	0	0	0	0
2.050230884e-05	2.704667022e-11	0	0	0	0	0	0	0	0	0	0
2.003552354e-05	2.56028934e-11	0	0	0	0	0	0	0	0	0	0
1.956834664e-05	2.371429646e-11	0	0	0	0	0	0	0	0	0	0
1.911842661e-05	2.147055012e-11	0	0	0	0	0	0	0	0	0	0
1.87149738e-05	1.897595482e-11	0	0	0	0	0	0	0	0	0	0
1.840112882e-05	1.628127889e-11	0	0	0	0	0	0	0	0	0	0
1.822644712e-05	1.368239593e-11	0	0	0	0	0	0	0	0	0	0
1.823684882e-05	1.134055881e-11	0	0	0	0	0	0	0	0	0	0
1.845431922e-05	9.427546162e-12	0	0	0	0	0	0	0	0	0	0
1.886572937e-05	8.097203816e-12	0	0	0	0	0	0	0	0	0	0
1.942676764e-05	7.334470579e-12	0	0	0	0	0	0	0	0	0	0
2.007096441e-05	7.059713083e-12	0	0	0	0	0	0	0	0	0	0
2.072929678e-05	7.053350785e-12	0	0	0	0	0	0	0	0	0	0
2.134185487e-05	7.12159957e-12	0	0	0	0	0	0	0	0	0	0
2.187140071e-05	7.268243096e-12	0	0	0	0	0	0	0	0	0	0
2.230812227e-05	7.525639731e-12	0	0	0	0	0	0	0	0	0	0
2.267225572e-05	8.221116407e-12	0	0	0	0	0	0	0	0	0	0
2.301101176e-05	9.481716569e-12	0	0	0	0	0	0	0	0	0	0
2.338699901e-05	1.143822769e-11	0	0	0	0	0	0	0	0	0	0
2.386424475e-05	1.4122381e-11	0	0	0	0	0	0	0	0	0	0
2.448728618e-05	1.739335611e-11	0	0	0	0	0	0	0	0	0	0
2.526412573e-05	2.100345418e-11	0	0	0	0	0	0	0	0	0	0
2.615454443e-05	2.452454389e-11	0	0	0	0	0	0	0	0	0	0
2.707724207e-05	2.76406002e-11	0	0	0	0	0	0	0	0	0	0
2.792847533e-05	2.990341039e-11	0	0	0	0	0	0	0	0	0	0
2.860840967e-05	3.116082067e-11	0	0	0	0	0	0	0	0	0	0
2.904333173e-05	3.068921624e-11	0	0	0	0	0	0	0	0	0	0
2.920784603e-05	2.91340186e-11	0	0	0	0	0	0	0	0	0	0
2.912238974e-05	2.610729603e-11	0	0	0	0	0	0	0	0	0	0
2.884744531e-05	2.193967939e-11	0	0	0	0	0	0	0	0	0	0
2.845909094e-05	1.734168075e-11	0	0	0	0	0	0	0	0	0	0
2.80266663e-05	1.250415686e-11	0	0	0	0	0	0	0	0	0	0
2.759318869e-05	8.227765783e-12	0	0	0	0	0	0	0	0	0	0
2.717182058e-05	5.34507652e-12	0	0	0	0	0	0	0	0	0	0
2.675632885e-05	4.892766522e-12	0	0	0	0	0	0	0	0	0	0
2.633990113e-05	6.137702023e-12	0	0	0	0	0	0	0	0	0	0
2.593424614e-05	7.454964158e-12	0	0	0	0	0	0	0	0	0	0
2.557991965e-05	8.310952675e-12	0	0	0	0	0	0	0	0	0	0
2.534187855e-05	8.464755688e-12	0	0	0	0	0	0	0	0	0	0
2.529302849e-05	8.010461588e-12	0	0	0	0	0	0	0	0	0	0
2.548907109e-05	7.246728027e-12	0	0	0	0	0	0	0	0	0	0
2.594202576e-05	6.381383717e-12	0	0	0	0	0	0	0	0	0	0
2.660977903e-05	5.969728006e-12	0	0	0	0	0	0	0	0	0	0
2.740226334e-05	6.612409165e-12	0	0	0	0	0	0	0	0	0	0
2.820260012e-05	8.310219092e-12	0	0	0	0	0	0	0	0	0	0
2.889085763e-05	1.053674795e-11	0	0	0	0	0	0	0	0	0	0
2.936255684e-05	1.290115674e-11	0	0	0	0	0	0	0	0	0	0
2.954081732e-05	1.510683216e-11	0	0	0	0	0	0	0	0	0	0
2.938161557e-05	1.67983403e-11	0	0	0	0	0	0	0	0	0	0
2.88715923e-05	1.780792814e-11	0	0	0	0	0	0	0	0	0	0
2.802279441e-05	1.804614135e-11	0	0	0	0	0	0	0	0	0	0
2.686792007e-05	1.751585279e-11	0	0	0	0	0	0	0	0	0	0
2.545169019e-05	1.636969865e-11	0	0	0	0	0	0	0	0	0	0
2.382612281e-05	1.477347362e-11	0	0	0	0	0	0	0	0	0	0
2.205115355e-05	1.291761465e-11	0	0	0	0	0	0	0	0	0	0
2.02025652e-05	1.113528331e-11	0	0	0	0	0	0	0	0	0	0
1.839520133e-05	9.702640082e-12	0	0	0	0	0	0	0	0	0	0
1.681023382e-05	8.855994231e-12	0	0	0	0	0	0	0	0	0	0
1.572986992e-05	8.963307999e-12	0	0	0	0	0	0	0	0	0	0
1.549914307e-05	1.027927925e-11	0	0	0	0	0	0	0	0	0	0
1.638681823e-05	1.30268142e-11	0	0	0	0	0	0	0	0	0	0
1.840671432e-05	1.72164239e-11	0	0	0	0	0	0	0	0	0	0
2.13440444e-05	2.286067006e-11	0	0	0	0	0	0	0	0	0	0
2.490060674e-05	2.983026707e-11	0	0	0	0	0	0	0	0	0	0
2.880396558e-05	3.814781797e-11	0	0	0	0	0	0	0	0	0	0
3.283049572e-05	4.743974769e-11	0	0	0	0	0	0	0	0	0	0
3.679815755e-05	5.757263154e-11	0	0	0	0	0	0	0	0	0	0
4.056113151e-05	6.797995608e-11	0	0	0	0	0	0	0	0	0	0
4.399086568e-05	7.84302608e-11	0	0	0	0	0	0	0	0	0	0
4.698117854e-05	8.826300135e-11	0	0	0	0	0	0	0	0	0	0
4.944435693e-05	9.71401311e-11	0	0	0	0	0	0	0	0	0	0
5.13064551e-05	1.043930115e-10	0	0	0	0	0	0	0	0	0	0
5.251402294e-05	1.097852474e-10	0	0	0	0	0	0	0	0	0	0
5.303071406e-05	1.126704598e-10	0	0	0	0	0	0	0	0	0	0
5.284041119e-05	1.130880217e-10	0	0	0	0	0	0	0	0	0	0
5.19464511e-05	1.109449631e-10	0	0	0	0	0	0	0	0	0	0
5.037255758e-05	1.061472837e-10	0	0	0	0	0	0	0	0	0	0
4.816288198e-05	9.903934703e-11	0	0	0	0	0	0	0	0	0	0
4.538739986e-05	9.024432175e-11	0	0	0	0	0	0	0	0	0	0
4.213715733e-05	8.011236968e-11	0	0	0	0	0	0	0	0	0	0
3.852804438e-05	6.929824909e-11	0	0	0	0	0	0	0	0	0	0
3.469333133e-05	5.837694939e-11	0	0	0	0	0	0	0	0	0	0
3.077848926e-05	4.7862873e-11	0	0	0	0	0	0	0	0	0	0
2.692618502e-05	3.814604156e-11	0	0	0	0	0	0	0	0	0	0
2.326650113e-05	2.954841353e-11	0	0	0	0	0	0	0	0	0	0
1.989959699e-05	2.220448814e-11	0	0	0	0	0	0	0	0	0	0
1.688686715e-05	1.614351516e-11	0	0	0	0	0	0	0	0	0	0
1.424761271e-05	1.135782594e-11	0	0	0	0	0	0	0	0	0	0
1.196418141e-05	7.735256249e-12	0	0	0	0	0	0	0	0	0	0
9.999268083e-06	5.145279563e-12	0	0	0	0	0	0	0	0	0	0
8.31558987e-06	3.394597016e-12	0	0	0	0	0	0	0	0	0	0
6.894752396e-06	2.321238249e-12	0	0	0	0	0	0	0	0	0	0
5.752490649e-06	1.74679986e-12	0	0	0	0	0	0	0	0	0	0
4.935078883e-06	1.500166216e-12	0	0	0	0	0	0	0	0	0	0
4.489123482e-06	1.470357138e-12	0	0	0	0	0	0	0	0	0	0
4.403904437e-06	1.538370705e-12	0	0	0	0	0	0	0	0	0	0
4.582946468e-06	1.637081329e-12	0	0	0	0	0	0	0	0	0	0
4.896821283e-06	1.713448998e-12	0	0	0	0	0	0	0	0	0	0
5.240077822e-06	1.744399492e-12	0	0	0	0	0	0	0	0	0	0
5.548150222e-06	1.727195823e-12	0	0	0	0	0	0	0	0	0	0
5.790279663e-06	1.675900659e-12	0	0	0	0	0	0	0	0	0	0
5.955579882e-06	1.610465645e-12	0	0	0	0	0	0	0	0	0	0
6.043960985e-06	1.56701791e-12	0	0	0	0	0	0	0	0	0	0
6.064380031e-06	1.599895921e-12	0	0	0	0	0	0	0	0	0	0
6.029529592e-06	1.745117338e-12	0	0	0	0	0	0	0	0	0	0
5.961496246e-06	2.081771253e-12	0	0	0	0	0	0	0	0	0	0
5.891482768e-06	2.647029777e-12	0	0	0	0	0	0	0	0	0	0
5.861529072e-06	3.48326493e-12	0	0	0	0	0	0	0	0	0	0
5.917548926e-06	4.602257498e-12	0	0	0	0	0	0	0	0	0	0
6.099044685e-06	5.985328493e-12	0	0	0	0	0	0	0	0	0	0
6.423593612e-06	7.58990253e-12	0	0	0	0	0	0	0	0	0	0
6.87751406e-06	9.356834262e-12	0	0	0	0	0	0	0	0	0	0
7.421461279e-06	1.119525375e-11	0	0	0	0	0	0	0	0	0	0
8.000570804e-06	1.300234748e-11	0	0	0	0	0	0	0	0	0	0
8.558295046e-06	1.46827746e-11	0	0	0	0	0	0	0	0	0	0
9.044417397e-06	1.612155103e-11	0	0	0	0	0	0	0	0	0	0
9.420660237e-06	1.721553881e-11	0	0	0	0	0	0	0	0	0	0
9.664982047e-06	1.791853468e-11	0	0	0	0	0	0	0	0	0	0
9.769227489e-06	1.818415711e-11	0	0	0	0	0	0	0	0	0	0
9.740491839e-06	1.801002806e-11	0	0	0	0	0	0	0	0	0	0
9.602813534e-06	1.741829469e-11	0	0	0	0	0	0	0	0	0	0
9.391422917e-06	1.646782708e-11	0	0	0	0	0	0	0	0	0	0
9.151098335e-06	1.522554181e-11	0	0	0	0	0	0	0	0	0	0
8.932521843e-06	1.377075938e-11	0	0	0	0	0	0	0	0	0	0
8.783842792e-06	1.219307312e-11	0	0	0	0	0	0	0	0	0	0
8.744392579e-06	1.056820414e-11	0	0	0	0	0	0	0	0	0	0
8.837902113e-06	8.957761838e-12	0	0	0	0	0	0	0	0	0	0
9.067331364e-06	7.434023445e-12	0	0	0	0	0	0	0	0	0	0
9.418243524e-06	6.0325876e-12	0	0	0	0	0	0	0	0	0	0
9.862221822e-06	4.809358343e-12	0	0	0	0	0	0	0	0	0	0
1.036614448e-05	3.800219658e-12	0	0	0	0	0	0	0	0	0	0
1.089529978e-05	3.059651414e-12	0	0	0	0	0	0	0	0	0	0
1.141825625e-05	2.62273032e-12	0	0	0	0	0	0	0	0	0	0
1.190688934e-05	2.47735657e-12	0	0	0	0	0	0	0	0	0	0
1.233810256e-05	2.539895511e-12	0	0	0	0	0	0	0	0	0	0
1.269319037e-05	2.687902527e-12	0	0	0	0	0	0	0	0	0	0
1.295813286e-05	2.832977919e-12	0	0	0	0	0	0	0	0	0	0
1.312445043e-05	2.92808255e-12	0	0	0	0	0	0	0	0	0	0
1.318915846e-05	2.948144332e-12	0	0	0	0	0	0	0	0	0	0
1.31547067e-05	2.893024489e-12	0	0	0	0	0	0	0	0	0	0
1.302973356e-05	2.798213835e-12	0	0	0	0	0	0	0	0	0	0
1.282955859e-05	2.735253694e-12	0	0	0	0	0	0	0	0	0	0
1.257661209e-05	2.846823887e-12	0	0	0	0	0	0	0	0	0	0
1.229982308e-05	3.279171645e-12	0	0	0	0	0	0	0	0	0	0
1.203500241e-05	4.11805352e-12	0	0	0	0	0	0	0	0	0	0
1.18217554e-05	5.343289362e-12	0	0	0	0	0	0	0	0	0	0
1.16999849e-05	6.908736021e-12	0	0	0	0	0	0	0	0	0	0
1.170464281e-05	8.768799302e-12	0	0	0	0	0	0	0	0	0	0
1.185764621e-05	1.087239893e-11	0	0	0	0	0	0	0	0	0	0
1.216511523e-05	1.31829215e-11	0	0	0	0	0	0	0	0	0	0
1.261222954e-05	1.564569597e-11	0	0	0	0	0	0	0	0	0	0
1.317066172e-05	1.820220796e-11	0	0	0	0	0	0	0	0	0	0
1.379997014e-05	2.077587224e-11	0	0	0	0	0	0	0	0	0	0
1.44551675e-05	2.330070504e-11	0	0	0	0	0	0	0	0	0	0
1.509544514e-05	2.568725083e-11	0	0	0	0	0	0	0	0	0	0
1.568130539e-05	2.786070056e-11	0	0	0	0	0	0	0	0	0	0
1.618000686e-05	2.974181511e-11	0	0	0	0	0	0	0	0	0	0
1.656784922e-05	3.126203807e-11	0	0	0	0	0	0	0	0	0	0
1.682678996e-05	3.237163527e-11	0	0	0	0	0	0	0	0	0	0
1.694660174e-05	3.303189055e-11	0	0	0	0	0	0	0	0	0	0
1.692431952e-05	3.322477846e-11	0	0	0	0	0	0	0	0	0	0
1.676067032e-05	3.295589445e-11	0	0	0	0	0	0	0	0	0	0
1.64627375e-05	3.224707563e-11	0	0	0	0	0	0	0	0	0	0
1.604130046e-05	3.113901449e-11	0	0	0	0	0	0	0	0	0	0
1.551015407e-05	2.967506961e-11	0	0	0	0	0	0	0	0	0	0
1.48860865e-05	2.79205257e-11	0	0	0	0	0	0	0	0	0	0
1.4188043e-05	2.59357378e-11	0	0	0	0	0	0	0	0	0	0
1.343667044e-05	2.378493861e-11	0	0	0	0	0	0	0	0	0	0
1.265546907e-05	2.152884378e-11	0	0	0	0	0	0	0	0	0	0
1.186962593e-05	1.922909382e-11	0	0	0	0	0	0	0	0	0	0
1.110684403e-05	1.693478465e-11	0	0	0	0	0	0	0	0	0	0
1.039714199e-05	1.469067112e-11	0	0	0	0	0	0	0	0	0	0
9.77019478e-06	1.253828324e-11	0	0	0	0	0	0	0	0	0	0
9.255995039e-06	1.050833892e-11	0	0	0	0	0	0	0	0	0	0
8.87667904e-06	8.633071306e-12	0	0	0	0	0	0	0	0	0	0
8.646422265e-06	6.943978409e-12	0	0	0	0	0	0	0	0	0	0
8.565464942e-06	5.469152051e-12	0	0	0	0	0	0	0	0	0	0
8.619490305e-06	4.245713257e-12	0	0	0	0	0	0	0	0	0	0
8.783114591e-06	3.323442694e-12	0	0	0	0	0	0	0	0	0	0
9.024935981e-06	2.746893812e-12	0	0	0	0	0	0	0	0	0	0
9.312930788e-06	2.514724597e-12	0	0	0	0	0	0	0	0	0	0
9.617115268e-06	2.52691064e-12	0	0	0	0	0	0	0	0	0	0
9.914111649e-06	2.647078645e-12	0	0	0	0	0	0	0	0	0	0
1.01852329e-05	2.778861475e-12	0	0	0	0	0	0	0	0	0	0
1.041855317e-05	2.878195769e-12	0	0	0	0	0	0	0	0	0	0
1.060709631e-05	2.945557091e-12	0	0	0	0	0	0	0	0	0	0
1.074916649e-05	2.998929332e-12	0	0	0	0	0	0	0	0	0	0
1.084684894e-05	3.060273575e-12	0	0	0	0	0	0	0	0	0	0
1.090516246e-05	3.149171192e-12	0	0	0	0	0	0	0	0	0	0
1.093087309e-05	3.26759417e-12	0	0	0	0	0	0	0	0	0	0
1.093284327e-05	3.394244938e-12	0	0	0	0	0	0	0	0	0	0
1.091941856e-05	3.512263379e-12	0	0	0	0	0	0	0	0	0	0
1.089936997e-05	3.585595285e-12	0	0	0	0	0	0	0	0	0	0
1.088062222e-05	3.591875285e-12	0	0	0	0	0	0	0	0	0	0
1.086981686e-05	3.521514519e-12	0	0	0	0	0	0	0	0	0	0
1.087187897e-05	3.375162076e-12	0	0	0	0	0	0	0	0	0	0
1.088894538e-05	3.165394007e-12	0	0	0	0	0	0	0	0	0	0
1.092033026e-05	2.920550923e-12	0	0	0	0	0	0	0	0	0	0
1.096109169e-05	2.673893722e-12	0	0	0	0	0	0	0	0	0	0
1.10034614e-05	2.456018564e-12	0	0	0	0	0	0	0	0	0	0
1.103666711e-05	2.295218102e-12	0	0	0	0	0	0	0	0	0	0
1.104856017e-05	2.196996281e-12	0	0	0	0	0	0	0	0	0	0
1.102724931e-05	2.150608645e-12	0	0	0	0	0	0	0	0	0	0
1.096184584e-05	2.130088625e-12	0	0	0	0	0	0	0	0	0	0
1.084473579e-05	2.112643747e-12	0	0	0	0	0	0	0	0	0	0
1.067171608e-05	2.085443915e-12	0	0	0	0	0	0	0	0	0	0
1.044318886e-05	2.044713372e-12	0	0	0	0	0	0	0	0	0	0
1.016391782e-05	2.005941362e-12	0	0	0	0	0	0	0	0	0	0
9.843469746e-06	1.981810693e-12	0	0	0	0	0	0	0	0	0	0
9.495567553e-06	1.998757543e-12	0	0	0	0	0	0	0	0	0	0
9.138158137e-06	2.069263032e-12	0	0	0	0	0	0	0	0	0	0
8.792574589e-06	2.195335827e-12	0	0	0	0	0	0	0	0	0	0
8.481648036e-06	2.363266028e-12	0	0	0	0	0	0	0	0	0	0
8.228407721e-06	2.557800251e-12	0	0	0	0	0	0	0	0	0	0
8.052591671e-06	2.764337249e-12	0	0	0	0	0	0	0	0	0	0
7.967946864e-06	2.961722262e-12	0	0	0	0	0	0	0	0	0	0
7.97907375e-06	3.149208884e-12	0	0	0	0	0	0	0	0	0	0
8.081243431e-06	3.314255309e-12	0	0	0	0	0	0	0	0	0	0
8.260876441e-06	3.45537671e-12	0	0	0	0	0	0	0	0	0	0
8.499156939e-06	3.578740242e-12	0	0	0	0	0	0	0	0	0	0
8.774614615e-06	3.682092011e-12	0	0	0	0	0	0	0	0	0	0
9.066865055e-06	3.775289739e-12	0	0	0	0	0	0	0	0	0	0
9.357726846e-06	3.866872943e-12	0	0	0	0	0	0	0	0	0	0
9.632073898e-06	3.965934559e-12	0	0	0	0	0	0	0	0	0	0
9.879152358e-06	4.083873536e-12	0	0	0	0	0	0	0	0	0	0
1.009095841e-05	4.237048195e-12	0	0	0	0	0	0	0	0	0	0
1.026446167e-05	4.441341205e-12	0	0	0	0	0	0	0	0	0	0
1.039904144e-05	4.713058418e-12	0	0	0	0	0	0	0	0	0	0
1.049860914e-05	5.072961909e-12	0	0	0	0	0	0	0	0	0	0
1.057120343e-05	5.540633352e-12	0	0	0	0	0	0	0	0	0	0
1.062726404e-05	6.132779511e-12	0	0	0	0	0	0	0	0	0	0
1.068241009e-05	6.864275787e-12	0	0	0	0	0	0	0	0	0	0
1.075291007e-05	7.753188062e-12	0	0	0	0	0	0	0	0	0	0
1.085819516e-05	8.803751867e-12	0	0	0	0	0	0	0	0	0	0
1.101588058e-05	1.002680146e-11	0	0	0	0	0	0	0	0	0	0
1.123980636e-05	1.142233663e-11	0	0	0	0	0	0	0	0	0	0
1.153852108e-05	1.298089525e-11	0	0	0	0	0	0	0	0	0	0
1.191402862e-05	1.469791386e-11	0	0	0	0	0	0	0	0	0	0
1.235912282e-05	1.654981881e-11	0	0	0	0	0	0	0	0	0	0
1.286087729e-05	1.850145537e-11	0	0	0	0	0	0	0	0	0	0
1.339897992e-05	2.051253721e-11	0	0	0	0	0	0	0	0	0	0
1.395114737e-05	2.253567638e-11	0	0	0	0	0	0	0	0	0	0
1.44907848e-05	2.45044681e-11	0	0	0	0	0	0	0	0	0	0
1.499264942e-05	2.6349736e-11	0	0	0	0	0	0	0	0	0	0
1.543128555e-05	2.798533647e-11	0	0	0	0	0	0	0	0	0	0
1.578477537e-05	2.93435293e-11	0	0	0	0	0	0	0	0	0	0
1.603221784e-05	3.034153787e-11	0	0	0	0	0	0	0	0	0	0
1.615874786e-05	3.092145141e-11	0	0	0	0	0	0	0	0	0	0
1.615382262e-05	3.103192099e-11	0	0	0	0	0	0	0	0	0	0
1.601301987e-05	3.065248054e-11	0	0	0	0	0	0	0	0	0	0
1.573759165e-05	2.977332551e-11	0	0	0	0	0	0	0	0	0	0
1.533875416e-05	2.842464647e-11	0	0	0	0	0	0	0	0	0	0
1.483394557e-05	2.665592549e-11	0	0	0	0	0	0	0	0	0	0
1.424997307e-05	2.453605204e-11	0	0	0	0	0	0	0	0	0	0
1.362097429e-05	2.215230018e-11	0	0	0	0	0	0	0	0	0	0
1.298759315e-05	1.959619058e-11	0	0	0	0	0	0	0	0	0	0
1.239442339e-05	1.696982757e-11	0	0	0	0	0	0	0	0	0	0
1.188475345e-05	1.436089778e-11	0	0	0	0	0	0	0	0	0	0
1.149517996e-05	1.185156053e-11	0	0	0	0	0	0	0	0	0	0
1.124856753e-05	9.515746826e-12	0	0	0	0	0	0	0	0	0	0
1.11500391e-05	7.411004597e-12	0	0	0	0	0	0	0	0	0	0
1.118555109e-05	5.597359552e-12	0	0	0	0	0	0	0	0	0	0
1.132514808e-05	4.140725605e-12	0	0	0	0	0	0	0	0	0	0
1.153107857e-05	3.132620732e-12	0	0	0	0	0	0	0	0	0	0
1.176165649e-05	2.667335977e-12	0	0	0	0	0	0	0	0	0	0
1.197818492e-05	2.686601577e-12	0	0	0	0	0	0	0	0	0	0
1.214584461e-05	2.955821616e-12	0	0	0	0	0	0	0	0	0	0
1.223671811e-05	3.273097405e-12	0	0	0	0	0	0	0	0	0	0
1.222797558e-05	3.535023952e-12	0	0	0	0	0	0	0	0	0	0
1.210387207e-05	3.699440401e-12	0	0	0	0	0	0	0	0	0	0
1.185361172e-05	3.758586408e-12	0	0	0	0	0	0	0	0	0	0
1.147467323e-05	3.713076521e-12	0	0	0	0	0	0	0	0	0	0
1.097103137e-05	3.558731687e-12	0	0	0	0	0	0	0	0	0	0
1.035451239e-05	3.312009212e-12	0	0	0	0	0	0	0	0	0	0
9.644478162e-06	2.983991539e-12	0	0	0	0	0	0	0	0	0	0
8.868906923e-06	2.594499272e-12	0	0	0	0	0	0	0	0	0	0
8.062975782e-06	2.190142706e-12	0	0	0	0	0	0	0	0	0	0
7.270766407e-06	1.877121033e-12	0	0	0	0	0	0	0	0	0	0
6.544150275e-06	1.860895835e-12	0	0	0	0	0	0	0	0	0	0
5.942639388e-06	2.286662142e-12	0	0	0	0	0	0	0	0	0	0
5.527537849e-06	3.096956488e-12	0	0	0	0	0	0	0	0	0	0
5.348695861e-06	4.175381902e-12	0	0	0	0	0	0	0	0	0	0
5.424543022e-06	5.448097219e-12	0	0	0	0	0	0	0	0	0	0
5.731294724e-06	6.865916969e-12	0	0	0	0	0	0	0	0	0	0
6.215538757e-06	8.394835799e-12	0	0	0	0	0	0	0	0	0	0
6.814398189e-06	9.987035461e-12	0	0	0	0	0	0	0	0	0	0
7.466392877e-06	1.157760095e-11	0	0	0	0	0	0	0	0	0	0
8.116750499e-06	1.310328145e-11	0	0	0	0	0	0	0	0	0	0
8.713968851e-06	1.445558222e-11	0	0	0	0	0	0	0	0	0	0
9.209039858e-06	1.553451753e-11	0	0	0	0	0	0	0	0	0	0
9.55605673e-06	1.622860878e-11	0	0	0	0	0	0	0	0	0	0
9.715113893e-06	1.644246239e-11	0	0	0	0	0	0	0	0	0	0
9.656479294e-06	1.608641572e-11	0	0	0	0	0	0	0	0	0	0
9.368909104e-06	1.512829168e-11	0	0	0	0	0	0	0	0	0	0
8.866492894e-06	1.360835712e-11	0	0	0	0	0	0	0	0	0	0
8.19714778e-06	1.160431949e-11	0	0	0	0	0	0	0	0	0	0
7.448397202e-06	9.280780233e-12	0	0	0	0	0	0	0	0	0	0
6.740298169e-06	6.853996952e-12	0	0	0	0	0	0	0	0	0	0
6.194253123e-06	4.581478389e-12	0	0	0	0	0	0	0	0	0	0
5.8720465e-06	2.760605132e-12	0	0	0	0	0	0	0	0	0	0
5.724813083e-06	1.679607884e-12	0	0	0	0	0	0	0	0	0	0
5.629460737e-06	1.433122659e-12	0	0	0	0	0	0	0	0	0	0
5.520826148e-06	2.114584904e-12	0	0	0	0	0	0	0	0	0	0
5.551213366e-06	4.211184129e-12	0	0	0	0	0	0	0	0	0	0
6.18189302e-06	7.916035772e-12	0	0	0	0	0	0	0	0	0	0
7.906073774e-06	1.341681318e-11	0	0	0	0	0	0	0	0	0	0
1.080578856e-05	2.07465716e-11	0	0	0	0	0	0	0	0	0	0
1.465886264e-05	3.004200163e-11	0	0	0	0	0	0	0	0	0	0
1.918403232e-05	4.115647855e-11	0	0	0	0	0	0	0	0	0	0
2.410822118e-05	5.393505518e-11	0	0	0	0	0	0	0	0	0	0
2.917159724e-05	6.782020523e-11	0	0	0	0	0	0	0	0	0	0
3.412204028e-05	8.229077849e-11	0	0	0	0	0	0	0	0	0	0
3.873450001e-05	9.629509015e-11	0	0	0	0	0	0	0	0	0	0
4.281556481e-05	1.090845932e-10	0	0	0	0	0	0	0	0	0	0
4.621750234e-05	1.194245742e-10	0	0	0	0	0	0	0	0	0	0
4.883568762e-05	1.265870263e-10	0	0	0	0	0	0	0	0	0	0
5.061986404e-05	1.299055202e-10	0	0	0	0	0	0	0	0	0	0
5.156632357e-05	1.292861006e-10	0	0	0	0	0	0	0	0	0	0
5.171802587e-05	1.246239009e-10	0	0	0	0	0	0	0	0	0	0
5.115712606e-05	1.164287705e-10	0	0	0	0	0	0	0	0	0	0
4.999556244e-05	1.054115267e-10	0	0	0	0	0	0	0	0	0	0
4.836759731e-05	9.271085064e-11	0	0	0	0	0	0	0	0	0	0
4.641236006e-05	7.931890889e-11	0	0	0	0	0	0	0	0	0	0
4.426520977e-05	6.608366073e-11	0	0	0	0	0	0	0	0	0	0
4.204101914e-05	5.402212086e-11	0	0	0	0	0	0	0	0	0	0
3.982635065e-05	4.347888667e-11	0	0	0	0	0	0	0	0	0	0
3.767018366e-05	3.480214164e-11	0	0	0	0	0	0	0	0	0	0
3.558628129e-05	2.810569494e-11	0	0	0	0	0	0	0	0	0	0
3.355873082e-05	2.309208717e-11	0	0	0	0	0	0	0	0	0	0
3.155681429e-05	1.943677599e-11	0	0	0	0	0	0	0	0	0	0
2.954918554e-05	1.667312133e-11	0	0	0	0	0	0	0	0	0	0
2.751766274e-05	1.447899216e-11	0	0	0	0	0	0	0	0	0	0
2.546455079e-05	1.264130067e-11	0	0	0	0	0	0	0	0	0	0
2.342688503e-05	1.115162895e-11	0	0	0	0	0	0	0	0	0	0
2.147219194e-05	1.005367075e-11	0	0	0	0	0	0	0	0	0	0
1.970427313e-05	9.452850767e-12	0	0	0	0	0	0	0	0	0	0
1.825009058e-05	9.359262373e-12	0	0	0	0	0	0	0	0	0	0
1.724041343e-05	9.571938203e-12	0	0	0	0	0	0	0	0	0	0
1.676972148e-05	9.787992144e-12	0	0	0	0	0	0	0	0	0	0
1.686051334e-05	9.82347544e-12	0	0	0	0	0	0	0	0	0	0
1.744339484e-05	9.455258206e-12	0	0	0	0	0	0	0	0	0	0
1.838924195e-05	8.648867282e-12	0	0	0	0	0	0	0	0	0	0
1.955015331e-05	7.474114218e-12	0	0	0	0	0	0	0	0	0	0
2.079219196e-05	6.223889553e-12	0	0	0	0	0	0	0	0	0	0
2.200799087e-05	5.246397603e-12	0	0	0	0	0	0	0	0	0	0
2.311724724e-05	4.999589929e-12	0	0	0	0	0	0	0	0	0	0
2.406546891e-05	5.539772257e-12	0	0	0	0	0	0	0	0	0	0
2.482276569e-05	6.342098729e-12	0	0	0	0	0	0	0	0	0	0
2.538320215e-05	7.056014386e-12	0	0	0	0	0	0	0	0	0	0
2.576668343e-05	7.412736521e-12	0	0	0	0	0	0	0	0	0	0
2.60169245e-05	7.343945931e-12	0	0	0	0	0	0	0	0	0	0
2.619522138e-05	6.892172781e-12	0	0	0	0	0	0	0	0	0	0
2.637142032e-05	6.259562914e-12	0	0	0	0	0	0	0	0	0	0
2.660925733e-05	5.906972801e-12	0	0	0	0	0	0	0	0	0	0
2.695364255e-05	6.482164596e-12	0	0	0	0	0	0	0	0	0	0
2.742238827e-05	8.240198191e-12	0	0	0	0	0	0	0	0	0	0
2.800349424e-05	1.076804573e-11	0	0	0	0	0	0	0	0	0	0
2.866152419e-05	1.394522674e-11	0	0	0	0	0	0	0	0	0	0
2.934485279e-05	1.717469221e-11	0	0	0	0	0	0	0	0	0	0
2.999837633e-05	2.040323869e-11	0	0	0	0	0	0	0	0	0	0
3.057066831e-05	2.33478251e-11	0	0	0	0	0	0	0	0	0	0
3.101803445e-05	2.586362905e-11	0	0	0	0	0	0	0	0	0	0
3.13093716e-05	2.78079915e-11	0	0	0	0	0	0	0	0	0	0
3.142518406e-05	2.899524538e-11	0	0	0	0	0	0	0	0	0	0
3.135684446e-05	2.953727272e-11	0	0	0	0	0	0	0	0	0	0
3.110556988e-05	2.931633131e-11	0	0	0	0	0	0	0	0	0	0
3.068174958e-05	2.845274491e-11	0	0	0	0	0	0	0	0	0	0
3.010733008e-05	2.711329894e-11	0	0	0	0	0	0	0	0	0	0
2.941698515e-05	2.574810164e-11	0	0	0	0	0	0	0	0	0	0
2.866294255e-05	2.417512935e-11	0	0	0	0	0	0	0	0	0	0
2.791543094e-05	2.302818113e-11	0	0	0	0	0	0	0	0	0	0
2.726127158e-05	2.200002283e-11	0	0	0	0	0	0	0	0	0	0
2.679535146e-05	2.189151824e-11	0	0	0	0	0	0	0	0	0	0
2.659756224e-05	2.23596392e-11	0	0	0	0	0	0	0	0	0	0
2.67070327e-05	2.349799512e-11	0	0	0	0	0	0	0	0	0	0
2.71009425e-05	2.542326597e-11	0	0	0	0	0	0	0	0	0	0
2.768259649e-05	2.78870862e-11	0	0	0	0	0	0	0	0	0	0
2.830267526e-05	3.054526981e-11	0	0	0	0	0	0	0	0	0	0
2.878298256e-05	3.2969839e-11	0	0	0	0	0	0	0	0	0	0
2.895601803e-05	3.51377092e-11	0	0	0	0	0	0	0	0	0	0
2.8691449e-05	3.638520702e-11	0	0	0	0	0	0	0	0	0	0
2.792318035e-05	3.667060574e-11	0	0	0	0	0	0	0	0	0	0
2.665638077e-05	3.578261614e-11	0	0	0	0	0	0	0	0	0	0
2.497560098e-05	3.382758355e-11	0	0	0	0	0	0	0	0	0	0
2.303673463e-05	3.085885133e-11	0	0	0	0	0	0	0	0	0	0
2.10545924e-05	2.709811512e-11	0	0	0	0	0	0	0	0	0	0
1.927927956e-05	2.2838363e-11	0	0	0	0	0	0	0	0	0	0
1.795730889e-05	1.853056291e-11	0	0	0	0	0	0	0	0	0	0
1.727216644e-05	1.426609885e-11	0	0	0	0	0	0	0	0	0	0
1.728359331e-05	1.050886302e-11	0	0	0	0	0	0	0	0	0	0
1.790614786e-05	7.613560906e-12	0	0	0	0	0	0	0	0	0	0
1.896120424e-05	6.174660454e-12	0	0	0	0	0	0	0	0	0	0
2.024799384e-05	6.544869122e-12	0	0	0	0	0	0	0	0	0	0
2.15850203e-05	7.99745249e-12	0	0	0	0	0	0	0	0	0	0
2.282325352e-05	9.726196575e-12	0	0	0	0	0	0	0	0	0	0
2.384673546e-05	1.134606145e-11	0	0	0	0	0	0	0	0	0	0
2.456990188e-05	1.268571758e-11	0	0	0	0	0	0	0	0	0	0
2.493691502e-05	1.3643155e-11	0	0	0	0	0	0	0	0	0	0
2.492562811e-05	1.413965681e-11	0	0	0	0	0	0	0	0	0	0
2.454978737e-05	1.410721085e-11	0	0	0	0	0	0	0	0	0	0
2.385818431e-05	1.349219564e-11	0	0	0	0	0	0	0	0	0	0
2.294013054e-05	1.221145202e-11	0	0	0	0	0	0	0	0	0	0
2.19192505e-05	1.025326223e-11	0	0	0	0	0	0	0	0	0	0
2.094866544e-05	7.718683487e-12	0	0	0	0	0	0	0	0	0	0
2.019875363e-05	5.458674424e-12	0	0	0	0	0	0	0	0	0	0
1.982619058e-05	6.401388923e-12	0	0	0	0	0	0	0	0	0	0
1.994044296e-05	1.119084589e-11	0	0	0	0	0	0	0	0	0	0
2.05718399e-05	1.780434103e-11	0	0	0	0	0	0	0	0	0	0
2.165910327e-05	2.540733216e-11	0	0	0	0	0	0	0	0	0	0
2.307533104e-05	3.347803289e-11	0	0	0	0	0	0	0	0	0	0
2.465599708e-05	4.157715166e-11	0	0	0	0	0	0	0	0	0	0
2.622297111e-05	4.912146545e-11	0	0	0	0	0	0	0	0	0	0
2.760341405e-05	5.565940569e-11	0	0	0	0	0	0	0	0	0	0
2.863466882e-05	6.06707967e-11	0	0	0	0	0	0	0	0	0	0
2.917931764e-05	6.375575189e-11	0	0	0	0	0	0	0	0	0	0
2.913179417e-05	6.474587383e-11	0	0	0	0	0	0	0	0	0	0
2.843040581e-05	6.344882447e-11	0	0	0	0	0	0	0	0	0	0
2.706668885e-05	6.003765807e-11	0	0	0	0	0	0	0	0	0	0
2.509134089e-05	5.489826301e-11	0	0	0	0	0	0	0	0	0	0
2.261294816e-05	4.838651972e-11	0	0	0	0	0	0	0	0	0	0
1.97911445e-05	4.10984134e-11	0	0	0	0	0	0	0	0	0	0
1.682861451e-05	3.357500664e-11	0	0	0	0	0	0	0	0	0	0
1.395192199e-05	2.631204378e-11	0	0	0	0	0	0	0	0	0	0
1.139670685e-05	1.969679279e-11	0	0	0	0	0	0	0	0	0	0
9.376331584e-06	1.401909299e-11	0	0	0	0	0	0	0	0	0	0
8.023626051e-06	9.409632961e-12	0	0	0	0	0	0	0	0	0	0
7.307968076e-06	5.936832217e-12	0	0	0	0	0	0	0	0	0	0
7.028436922e-06	3.579658005e-12	0	0	0	0	0	0	0	0	0	0
6.939641414e-06	2.255302994e-12	0	0	0	0	0	0	0	0	0	0
6.867877275e-06	1.74438727e-12	0	0	0	0	0	0	0	0	0	0
6.738286698e-06	1.680313298e-12	0	0	0	0	0	0	0	0	0	0
6.541840992e-06	1.901164976e-12	0	0	0	0	0	0	0	0	0	0
6.299238519e-06	2.440477272e-12	0	0	0	0	0	0	0	0	0	0
6.042668987e-06	3.223745103e-12	0	0	0	0	0	0	0	0	0	0
5.805288321e-06	4.097570136e-12	0	0	0	0	0	0	0	0	0	0
5.622178221e-06	4.968719363e-12	0	0	0	0	0	0	0	0	0	0
5.533703584e-06	5.751750974e-12	0	0	0	0	0	0	0	0	0	0
5.582109899e-06	6.422817176e-12	0	0	0	0	0	0	0	0	0	0
5.801771386e-06	6.984929531e-12	0	0	0	0	0	0	0	0	0	0
6.207504978e-06	7.428164328e-12	0	0	0	0	0	0	0	0	0	0
6.785197832e-06	7.80726109e-12	0	0	0	0	0	0	0	0	0	0
7.500846446e-06	8.144922156e-12	0	0	0	0	0	0	0	0	0	0
8.312534929e-06	8.484146741e-12	0	0	0	0	0	0	0	0	0	0
9.178269019e-06	8.861421857e-12	0	0	0	0	0	0	0	0	0	0
1.006053547e-05	9.29429293e-12	0	0	0	0	0	0	0	0	0	0
1.093563581e-05	9.818115844e-12	0	0	0	0	0	0	0	0	0	0
1.178454624e-05	1.045267655e-11	0	0	0	0	0	0	0	0	0	0
1.259840893e-05	1.119756072e-11	0	0	0	0	0	0	0	0	0	0
1.337408565e-05	1.207139868e-11	0	0	0	0	0	0	0	0	0	0
1.411036138e-05	1.307184474e-11	0	0	0	0	0	0	0	0	0	0
1.480925942e-05	1.419682488e-11	0	0	0	0	0	0	0	0	0	0
1.547356395e-05	1.543720356e-11	0	0	0	0	0	0	0	0	0	0
1.610264666e-05	1.67825363e-11	0	0	0	0	0	0	0	0	0	0
1.669913435e-05	1.822804914e-11	0	0	0	0	0	0	0	0	0	0
1.726146994e-05	1.975379176e-11	0	0	0	0	0	0	0	0	0	0
1.779176009e-05	2.135461453e-11	0	0	0	0	0	0	0	0	0	0
1.828911693e-05	2.300717874e-11	0	0	0	0	0	0	0	0	0	0
1.875417303e-05	2.468925761e-11	0	0	0	0	0	0	0	0	0	0
1.91865009e-05	2.639909906e-11	0	0	0	0	0	0	0	0	0	0
1.958426223e-05	2.811091115e-11	0	0	0	0	0	0	0	0	0	0
1.994403223e-05	2.981369552e-11	0	0	0	0	0	0	0	0	0	0
2.026011979e-05	3.147889545e-11	0	0	0	0	0	0	0	0	0	0
2.052566032e-05	3.309085745e-11	0	0	0	0	0	0	0	0	0	0
2.073227006e-05	3.461246746e-11	0	0	0	0	0	0	0	0	0	0
2.086970924e-05	3.599378071e-11	0	0	0	0	0	0	0	0	0	0
2.092727707e-05	3.719915599e-11	0	0	0	0	0	0	0	0	0	0
2.089453365e-05	3.820388393e-11	0	0	0	0	0	0	0	0	0	0
2.076096616e-05	3.890536022e-11	0	0	0	0	0	0	0	0	0	0
2.051521571e-05	3.929970375e-11	0	0	0	0	0	0	0	0	0	0
2.014828665e-05	3.928776441e-11	0	0	0	0	0	0	0	0	0	0
1.965156257e-05	3.885243757e-11	0	0	0	0	0	0	0	0	0	0
1.902096953e-05	3.794706181e-11	0	0	0	0	0	0	0	0	0	0
1.825394406e-05	3.656739668e-11	0	0	0	0	0	0	0	0	0	0
1.735438603e-05	3.471510246e-11	0	0	0	0	0	0	0	0	0	0
1.633194568e-05	3.242467314e-11	0	0	0	0	0	0	0	0	0	0
1.520397441e-05	2.974963317e-11	0	0	0	0	0	0	0	0	0	0
1.399558585e-05	2.677534526e-11	0	0	0	0	0	0	0	0	0	0
1.27424956e-05	2.359727113e-11	0	0	0	0	0	0	0	0	0	0
1.148893343e-05	2.032041017e-11	0	0	0	0	0	0	0	0	0	0
1.029031518e-05	1.705347447e-11	0	0	0	0	0	0	0	0	0	0
9.210001649e-06	1.390073041e-11	0	0	0	0	0	0	0	0	0	0
8.315732077e-06	1.095392192e-11	0	0	0	0	0	0	0	0	0	0
7.668667313e-06	8.284760933e-12	0	0	0	0	0	0	0	0	0	0
7.304456621e-06	5.956289722e-12	0	0	0	0	0	0	0	0	0	0
7.216924978e-06	4.019498123e-12	0	0	0	0	0	0	0	0	0	0
7.357413571e-06	2.542600583e-12	0	0	0	0	0	0	0	0	0	0
7.654189244e-06	1.694107709e-12	0	0	0	0	0	0	0	0	0	0
8.03664918e-06	1.606694332e-12	0	0	0	0	0	0	0	0	0	0
8.4473496e-06	1.926157096e-12	0	0	0	0	0	0	0	0	0	0
8.84446361e-06	2.270948859e-12	0	0	0	0	0	0	0	0	0	0
9.200706059e-06	2.528375249e-12	0	0	0	0	0	0	0	0	0	0
9.495362906e-06	2.69007865e-12	0	0	0	0	0	0	0	0	0	0
9.715348254e-06	2.782527398e-12	0	0	0	0	0	0	0	0	0	0
9.851859452e-06	2.828469502e-12	0	0	0	0	0	0	0	0	0	0
9.899496089e-06	2.844355664e-12	0	0	0	0	0	0	0	0	0	0
9.856509631e-06	2.834925681e-12	0	0	0	0	0	0	0	0	0	0
9.725915602e-06	2.807204492e-12	0	0	0	0	0	0	0	0	0	0
9.514085128e-06	2.75841815e-12	0	0	0	0	0	0	0	0	0	0
9.232237213e-06	2.692331648e-12	0	0	0	0	0	0	0	0	0	0
8.8950433e-06	2.60880475e-12	0	0	0	0	0	0	0	0	0	0
8.521328042e-06	2.506238088e-12	0	0	0	0	0	0	0	0	0	0
8.133228639e-06	2.38544906e-12	0	0	0	0	0	0	0	0	0	0
7.756026666e-06	2.238118311e-12	0	0	0	0	0	0	0	0	0	0
7.416713728e-06	2.066355404e-12	0	0	0	0	0	0	0	0	0	0
7.145226672e-06	1.879459341e-12	0	0	0	0	0	0	0	0	0	0
6.968976246e-06	1.710184512e-12	0	0	0	0	0	0	0	0	0	0
6.910864451e-06	1.64313592e-12	0	0	0	0	0	0	0	0	0	0
6.984523652e-06	1.790428479e-12	0	0	0	0	0	0	0	0	0	0
7.190688968e-06	2.211567625e-12	0	0	0	0	0	0	0	0	0	0
7.51666152e-06	2.865315938e-12	0	0	0	0	0	0	0	0	0	0
7.940069007e-06	3.689826898e-12	0	0	0	0	0	0	0	0	0	0
8.43202899e-06	4.626705363e-12	0	0	0	0	0	0	0	0	0	0
8.962191653e-06	5.623582957e-12	0	0	0	0	0	0	0	0	0	0
9.501932412e-06	6.63746806e-12	0	0	0	0	0	0	0	0	0	0
1.002448461e-05	7.616909582e-12	0	0	0	0	0	0	0	0	0	0
1.050845664e-05	8.515553436e-12	0	0	0	0	0	0	0	0	0	0
1.093671341e-05	9.28153225e-12	0	0	0	0	0	0	0	0	0	0
1.129742285e-05	9.874782156e-12	0	0	0	0	0	0	0	0	0	0
1.158493546e-05	1.02542396e-11	0	0	0	0	0	0	0	0	0	0
1.179967903e-05	1.039426752e-11	0	0	0	0	0	0	0	0	0	0
1.194799428e-05	1.028177521e-11	0	0	0	0	0	0	0	0	0	0
1.204239345e-05	9.925423784e-12	0	0	0	0	0	0	0	0	0	0
1.210051003e-05	9.338544351e-12	0	0	0	0	0	0	0	0	0	0
1.214369842e-05	8.565643419e-12	0	0	0	0	0	0	0	0	0	0
1.21945791e-05	7.654324239e-12	0	0	0	0	0	0	0	0	0	0
1.227402886e-05	6.668931175e-12	0	0	0	0	0	0	0	0	0	0
1.239769298e-05	5.679060713e-12	0	0	0	0	0	0	0	0	0	0
1.257288297e-05	4.774778865e-12	0	0	0	0	0	0	0	0	0	0
1.279672285e-05	4.026393688e-12	0	0	0	0	0	0	0	0	0	0
1.305577535e-05	3.517210771e-12	0	0	0	0	0	0	0	0	0	0
1.332806236e-05	3.274435632e-12	0	0	0	0	0	0	0	0	0	0
1.35855812e-05	3.256951903e-12	0	0	0	0	0	0	0	0	0	0
1.379759041e-05	3.370307062e-12	0	0	0	0	0	0	0	0	0	0
1.393465285e-05	3.526779738e-12	0	0	0	0	0	0	0	0	0	0
1.397117916e-05	3.666815025e-12	0	0	0	0	0	0	0	0	0	0
1.38881882e-05	3.757630298e-12	0	0	0	0	0	0	0	0	0	0
1.367514222e-05	3.791684792e-12	0	0	0	0	0	0	0	0	0	0
1.333107984e-05	3.763804893e-12	0	0	0	0	0	0	0	0	0	0
1.286430156e-05	3.680856925e-12	0	0	0	0	0	0	0	0	0	0
1.229172313e-05	3.553615111e-12	0	0	0	0	0	0	0	0	0	0
1.163801778e-05	3.387431366e-12	0	0	0	0	0	0	0	0	0	0
1.093312474e-05	3.192660153e-12	0	0	0	0	0	0	0	0	0	0
1.020767667e-05	2.980766384e-12	0	0	0	0	0	0	0	0	0	0
9.493260107e-06	2.757553386e-12	0	0	0	0	0	0	0	0	0	0
8.817175217e-06	2.52602413e-12	0	0	0	0	0	0	0	0	0	0
8.201473043e-06	2.295629032e-12	0	0	0	0	0	0	0	0	0	0
7.661706123e-06	2.071733886e-12	0	0	0	0	0	0	0	0	0	0
7.20766286e-06	1.860642454e-12	0	0	0	0	0	0	0	0	0	0
6.843553876e-06	1.673218705e-12	0	0	0	0	0	0	0	0	0	0
6.570988325e-06	1.525549567e-12	0	0	0	0	0	0	0	0	0	0
6.38914242e-06	1.440505159e-12	0	0	0	0	0	0	0	0	0	0
6.296865353e-06	1.44143414e-12	0	0	0	0	0	0	0	0	0	0
6.289010845e-06	1.539755565e-12	0	0	0	0	0	0	0	0	0	0
6.357032202e-06	1.737540208e-12	0	0	0	0	0	0	0	0	0	0
6.486208924e-06	2.022453018e-12	0	0	0	0	0	0	0	0	0	0
6.657198665e-06	2.377936208e-12	0	0	0	0	0	0	0	0	0	0
6.847373431e-06	2.794358065e-12	0	0	0	0	0	0	0	0	0	0
7.033777326e-06	3.264417726e-12	0	0	0	0	0	0	0	0	0	0
7.196880434e-06	3.791539305e-12	0	0	0	0	0	0	0	0	0	0
7.322562507e-06	4.364053466e-12	0	0	0	0	0	0	0	0	0	0
7.404492124e-06	4.984995285e-12	0	0	0	0	0	0	0	0	0	0
7.444455283e-06	5.635343647e-12	0	0	0	0	0	0	0	0	0	0
7.451911198e-06	6.312462169e-12	0	0	0	0	0	0	0	0	0	0
7.44088551e-06	6.996062726e-12	0	0	0	0	0	0	0	0	0	0
7.429250711e-06	7.665274167e-12	0	0	0	0	0	0	0	0	0	0
7.433750716e-06	8.287612582e-12	0	0	0	0	0	0	0	0	0	0
7.467924765e-06	8.841798156e-12	0	0	0	0	0	0	0	0	0	0
7.54131694e-06	9.300394158e-12	0	0	0	0	0	0	0	0	0	0
7.65881283e-06	9.635568734e-12	0	0	0	0	0	0	0	0	0	0
7.821372815e-06	9.832072963e-12	0	0	0	0	0	0	0	0	0	0
8.030309163e-06	9.873409649e-12	0	0	0	0	0	0	0	0	0	0
8.285494177e-06	9.768498258e-12	0	0	0	0	0	0	0	0	0	0
8.589091249e-06	9.524798469e-12	0	0	0	0	0	0	0	0	0	0
8.942816972e-06	9.164987852e-12	0	0	0	0	0	0	0	0	0	0
9.347184612e-06	8.722486606e-12	0	0	0	0	0	0	0	0	0	0
9.800586299e-06	8.235181288e-12	0	0	0	0	0	0	0	0	0	0
1.029655129e-05	7.753560262e-12	0	0	0	0	0	0	0	0	0	0
1.082467865e-05	7.313453165e-12	0	0	0	0	0	0	0	0	0	0
1.137190795e-05	6.960892535e-12	0	0	0	0	0	0	0	0	0	0
1.192192895e-05	6.735596031e-12	0	0	0	0	0	0	0	0	0	0
1.245965569e-05	6.665330581e-12	0	0	0	0	0	0	0	0	0	0
1.29714484e-05	6.77907222e-12	0	0	0	0	0	0	0	0	0	0
1.34488025e-05	7.101839793e-12	0	0	0	0	0	0	0	0	0	0
1.388887258e-05	7.671851005e-12	0	0	0	0	0	0	0	0	0	0
1.429771214e-05	8.526967393e-12	0	0	0	0	0	0	0	0	0	0
1.469016209e-05	9.718121536e-12	0	0	0	0	0	0	0	0	0	0
1.508954015e-05	1.129101804e-11	0	0	0	0	0	0	0	0	0	0
1.552796398e-05	1.330097826e-11	0	0	0	0	0	0	0	0	0	0
1.604130459e-05	1.579652251e-11	0	0	0	0	0	0	0	0	0	0
1.666307616e-05	1.880136278e-11	0	0	0	0	0	0	0	0	0	0
1.741966015e-05	2.232477941e-11	0	0	0	0	0	0	0	0	0	0
1.832144668e-05	2.635198395e-11	0	0	0	0	0	0	0	0	0	0
1.935972725e-05	3.082175078e-11	0	0	0	0	0	0	0	0	0	0
2.050404901e-05	3.56332197e-11	0	0	0	0	0	0	0	0	0	0
2.170721149e-05	4.064996353e-11	0	0	0	0	0	0	0	0	0	0
2.290686193e-05	4.566583758e-11	0	0	0	0	0	0	0	0	0	0
2.403185547e-05	5.045208847e-11	0	0	0	0	0	0	0	0	0	0
2.500820641e-05	5.47663951e-11	0	0	0	0	0	0	0	0	0	0
2.576333128e-05	5.83325906e-11	0	0	0	0	0	0	0	0	0	0
2.622996563e-05	6.087844611e-11	0	0	0	0	0	0	0	0	0	0
2.634959316e-05	6.218712671e-11	0	0	0	0	0	0	0	0	0	0
2.607686748e-05	6.20935541e-11	0	0	0	0	0	0	0	0	0	0
2.53806487e-05	6.05136346e-11	0	0	0	0	0	0	0	0	0	0
2.424802312e-05	5.746740468e-11	0	0	0	0	0	0	0	0	0	0
2.268732607e-05	5.305974354e-11	0	0	0	0	0	0	0	0	0	0
2.072879382e-05	4.749531602e-11	0	0	0	0	0	0	0	0	0	0
1.842828961e-05	4.107390582e-11	0	0	0	0	0	0	0	0	0	0
1.586876777e-05	3.41512352e-11	0	0	0	0	0	0	0	0	0	0
1.316315553e-05	2.707857108e-11	0	0	0	0	0	0	0	0	0	0
1.046308594e-05	2.023731724e-11	0	0	0	0	0	0	0	0	0	0
7.973333499e-06	1.395575995e-11	0	0	0	0	0	0	0	0	0	0
5.988394323e-06	8.541336577e-12	0	0	0	0	0	0	0	0	0	0
4.890977603e-06	4.254530284e-12	0	0	0	0	0	0	0	0	0	0
4.833725235e-06	1.580747513e-12	0	0	0	0	0	0	0	0	0	0
5.407030094e-06	1.649538937e-12	0	0	0	0	0	0	0	0	0	0
6.133573613e-06	2.026084772e-12	0	0	0	0	0	0	0	0	0	0
6.862155904e-06	1.845049061e-12	0	0	0	0	0	0	0	0	0	0
7.709307651e-06	3.140717412e-12	0	0	0	0	0	0	0	0	0	0
8.893816305e-06	6.67029958e-12	0	0	0	0	0	0	0	0	0	0
1.056180431e-05	1.169971222e-11	0	0	0	0	0	0	0	0	0	0
1.267621584e-05	1.784298828e-11	0	0	0	0	0	0	0	0	0	0
1.505199535e-05	2.472817113e-11	0	0	0	0	0	0	0	0	0	0
1.743398519e-05	3.186101428e-11	0	0	0	0	0	0	0	0	0	0
1.956975335e-05	3.866254864e-11	0	0	0	0	0	0	0	0	0	0
2.124485671e-05	4.447286821e-11	0	0	0	0	0	0	0	0	0	0
2.231464285e-05	4.870722552e-11	0	0	0	0	0	0	0	0	0	0
2.271860845e-05	5.087000567e-11	0	0	0	0	0	0	0	0	0	0
2.248800701e-05	5.074855864e-11	0	0	0	0	0	0	0	0	0	0
2.174669564e-05	4.83194681e-11	0	0	0	0	0	0	0	0	0	0
2.0695983e-05	4.38252836e-11	0	0	0	0	0	0	0	0	0	0
1.958849112e-05	3.77680141e-11	0	0	0	0	0	0	0	0	0	0
1.868571152e-05	3.067647933e-11	0	0	0	0	0	0	0	0	0	0
1.819465286e-05	2.319484439e-11	0	0	0	0	0	0	0	0	0	0
1.820390222e-05	1.593274009e-11	0	0	0	0	0	0	0	0	0	0
1.866267269e-05	9.521449684e-12	0	0	0	0	0	0	0	0	0	0
1.9427688e-05	5.22937934e-12	0	0	0	0	0	0	0	0	0	0
2.032867198e-05	5.683112893e-12	0	0	0	0	0	0	0	0	0	0
2.121991688e-05	8.514266547e-12	0	0	0	0	0	0	0	0	0	0
2.199976257e-05	1.105915664e-11	0	0	0	0	0	0	0	0	0	0
2.260612349e-05	1.277032211e-11	0	0	0	0	0	0	0	0	0	0
2.301289765e-05	1.363151388e-11	0	0	0	0	0	0	0	0	0	0
2.321795433e-05	1.360172496e-11	0	0	0	0	0	0	0	0	0	0
2.323679349e-05	1.273403796e-11	0	0	0	0	0	0	0	0	0	0
2.310333761e-05	1.107784647e-11	0	0	0	0	0	0	0	0	0	0
2.286319277e-05	8.787758499e-12	0	0	0	0	0	0	0	0	0	0
2.25759745e-05	6.532530145e-12	0	0	0	0	0	0	0	0	0	0
2.230589991e-05	6.517560079e-12	0	0	0	0	0	0	0	0	0	0
2.212054109e-05	1.011520071e-11	0	0	0	0	0	0	0	0	0	0
2.20751551e-05	1.561114912e-11	0	0	0	0	0	0	0	0	0	0
2.220423965e-05	2.178295259e-11	0	0	0	0	0	0	0	0	0	0
2.251300344e-05	2.78720796e-11	0	0	0	0	0	0	0	0	0	0
2.29759626e-05	3.339712585e-11	0	0	0	0	0	0	0	0	0	0
2.354008125e-05	3.784426506e-11	0	0	0	0	0	0	0	0	0	0
2.413642304e-05	4.100708627e-11	0	0	0	0	0	0	0	0	0	0
2.469080328e-05	4.259900705e-11	0	0	0	0	0	0	0	0	0	0
2.513350766e-05	4.276661482e-11	0	0	0	0	0	0	0	0	0	0
2.540469372e-05	4.167115968e-11	0	0	0	0	0	0	0	0	0	0
2.546494149e-05	3.974521341e-11	0	0	0	0	0	0	0	0	0	0
2.529651851e-05	3.72243186e-11	0	0	0	0	0	0	0	0	0	0
2.490520109e-05	3.4546095e-11	0	0	0	0	0	0	0	0	0	0
2.432177617e-05	3.19029096e-11	0	0	0	0	0	0	0	0	0	0
2.360068316e-05	2.947522104e-11	0	0	0	0	0	0	0	0	0	0
2.281865419e-05	2.760860411e-11	0	0	0	0	0	0	0	0	0	0
2.207975408e-05	2.611924704e-11	0	0	0	0	0	0	0	0	0	0
2.150547833e-05	2.53224019e-11	0	0	0	0	0	0	0	0	0	0
2.122921587e-05	2.523640462e-11	0	0	0	0	0	0	0	0	0	0
2.136667075e-05	2.592721666e-11	0	0	0	0	0	0	0	0	0	0
2.198153901e-05	2.744845587e-11	0	0	0	0	0	0	0	0	0	0
2.30574819e-05	2.977230176e-11	0	0	0	0	0	0	0	0	0	0
2.449343546e-05	3.273377771e-11	0	0	0	0	0	0	0	0	0	0
2.613580097e-05	3.609623437e-11	0	0	0	0	0	0	0	0	0	0
2.781202545e-05	3.9517711e-11	0	0	0	0	0	0	0	0	0	0
2.936244062e-05	4.275036833e-11	0	0	0	0	0	0	0	0	0	0
3.065844326e-05	4.510702349e-11	0	0	0	0	0	0	0	0	0	0
3.160908752e-05	4.624117888e-11	0	0	0	0	0	0	0	0	0	0
3.216335558e-05	4.575126437e-11	0	0	0	0	0	0	0	0	0	0
3.230750111e-05	4.361211842e-11	0	0	0	0	0	0	0	0	0	0
3.206085969e-05	3.960511708e-11	0	0	0	0	0	0	0	0	0	0
3.147359675e-05	3.42196993e-11	0	0	0	0	0	0	0	0	0	0
3.061908045e-05	2.769075796e-11	0	0	0	0	0	0	0	0	0	0
2.959275918e-05	2.075563547e-11	0	0	0	0	0	0	0	0	0	0
2.85008916e-05	1.398622109e-11	0	0	0	0	0	0	0	0	0	0
2.745681258e-05	8.169962245e-12	0	0	0	0	0	0	0	0	0	0
2.656771691e-05	5.062532526e-12	0	0	0	0	0	0	0	0	0	0
2.592457773e-05	6.197231469e-12	0	0	0	0	0	0	0	0	0	0
2.558872215e-05	8.681230002e-12	0	0	0	0	0	0	0	0	0	0
2.558175808e-05	1.080088985e-11	0	0	0	0	0	0	0	0	0	0
2.588070225e-05	1.214523763e-11	0	0	0	0	0	0	0	0	0	0
2.642286439e-05	1.301085275e-11	0	0	0	0	0	0	0	0	0	0
2.711683834e-05	1.337945325e-11	0	0	0	0	0	0	0	0	0	0
2.785752724e-05	1.341659855e-11	0	0	0	0	0	0	0	0	0	0
2.853743922e-05	1.316687009e-11	0	0	0	0	0	0	0	0	0	0
2.905774972e-05	1.265084897e-11	0	0	0	0	0	0	0	0	0	0
2.93357148e-05	1.187582683e-11	0	0	0	0	0	0	0	0	0	0
2.931408945e-05	1.072106514e-11	0	0	0	0	0	0	0	0	0	0
2.897070625e-05	9.284576289e-12	0	0	0	0	0	0	0	0	0	0
2.832679086e-05	7.749712354e-12	0	0	0	0	0	0	0	0	0	0
2.745286336e-05	6.48956951e-12	0	0	0	0	0	0	0	0	0	0
2.647143123e-05	6.100008008e-12	0	0	0	0	0	0	0	0	0	0
2.554708108e-05	6.74870073e-12	0	0	0	0	0	0	0	0	0	0
2.486267927e-05	7.937502714e-12	0	0	0	0	0	0	0	0	0	0
2.457094784e-05	9.095843356e-12	0	0	0	0	0	0	0	0	0	0
2.474318895e-05	9.834269612e-12	0	0	0	0	0	0	0	0	0	0
2.533383807e-05	1.004345081e-11	0	0	0	0	0	0	0	0	0	0
2.619139207e-05	9.726727503e-12	0	0	0	0	0	0	0	0	0	0
2.710673346e-05	9.139216447e-12	0	0	0	0	0	0	0	0	0	0
2.787052577e-05	8.583321375e-12	0	0	0	0	0	0	0	0	0	0
2.83108528e-05	8.442822977e-12	0	0	0	0	0	0	0	0	0	0
2.831975124e-05	8.96953933e-12	0	0	0	0	0	0	0	0	0	0
2.785664442e-05	1.011322333e-11	0	0	0	0	0	0	0	0	0	0
2.694598466e-05	1.144967927e-11	0	0	0	0	0	0	0	0	0	0
2.566777957e-05	1.270121932e-11	0	0	0	0	0	0	0	0	0	0
2.414317018e-05	1.343197304e-11	0	0	0	0	0	0	0	0	0	0
2.253761405e-05	1.331421594e-11	0	0	0	0	0	0	0	0	0	0
2.109764812e-05	1.205415238e-11	0	0	0	0	0	0	0	0	0	0
2.022147176e-05	9.709324202e-12	0	0	0	0	0	0	0	0	0	0
2.050552956e-05	8.557862695e-12	0	0	0	0	0	0	0	0	0	0
2.257709348e-05	1.484284248e-11	0	0	0	0	0	0	0	0	0	0
2.67210305e-05	2.866745985e-11	0	0	0	0	0	0	0	0	0	0
3.272338363e-05	4.877757389e-11	0	0	0	0	0	0	0	0	0	0
4.006536323e-05	7.474485218e-11	0	0	0	0	0	0	0	0	0	0
4.810968546e-05	1.05579837e-10	0	0	0	0	0	0	0	0	0	0
5.617987268e-05	1.39499491e-10	0	0	0	0	0	0	0	0	0	0
6.360640283e-05	1.734667411e-10	0	0	0	0	0	0	0	0	0	0
6.977161762e-05	2.039965117e-10	0	0	0	0	0	0	0	0	0	0
7.417341046e-05	2.278673463e-10	0	0	0	0	0	0	0	0	0	0
7.646744006e-05	2.418171715e-10	0	0	0	0	0	0	0	0	0	0
7.650907878e-05	2.444564617e-10	0	0	0	0	0	0	0	0	0	0
7.435689747e-05	2.357748449e-10	0	0	0	0	0	0	0	0	0	0
7.02568802e-05	2.177414069e-10	0	0	0	0	0	0	0	0	0	0
6.459848007e-05	1.92340694e-10	0	0	0	0	0	0	0	0	0	0
5.786021313e-05	1.629755625e-10	0	0	0	0	0	0	0	0	0	0
5.054505293e-05	1.328527646e-10	0	0	0	0	0	0	0	0	0	0
4.312853835e-05	1.042064655e-10	0	0	0	0	0	0	0	0	0	0
3.601662955e-05	7.869383018e-11	0	0	0	0	0	0	0	0	0	0
2.952386856e-05	5.712703212e-11	0	0	0	0	0	0	0	0	0	0
2.387196039e-05	3.967790926e-11	0	0	0	0	0	0	0	0	0	0
1.919603421e-05	2.60900897e-11	0	0	0	0	0	0	0	0	0	0
1.556232847e-05	1.582091764e-11	0	0	0	0	0	0	0	0	0	0
1.297152996e-05	8.294288751e-12	0	0	0	0	0	0	0	0	0	0
1.13379273e-05	3.116267878e-12	0	0	0	0	0	0	0	0	0	0
1.047292752e-05	1.770808446e-12	0	0	0	0	0	0	0	0	0	0
1.011692071e-05	3.710960483e-12	0	0	0	0	0	0	0	0	0	0
1.00152429e-05	5.039280523e-12	0	0	0	0	0	0	0	0	0	0
9.975499636e-06	5.639457455e-12	0	0	0	0	0	0	0	0	0	0
9.876748603e-06	5.678960991e-12	0	0	0	0	0	0	0	0	0	0
9.652579012e-06	5.275998244e-12	0	0	0	0	0	0	0	0	0	0
9.275967703e-06	4.568350649e-12	0	0	0	0	0	0	0	0	0	0
8.748775161e-06	3.653386764e-12	0	0	0	0	0	0	0	0	0	0
8.091801309e-06	2.674047369e-12	0	0	0	0	0	0	0	0	0	0
7.343655253e-06	1.754965651e-12	0	0	0	0	0	0	0	0	0	0
6.550927606e-06	1.197215978e-12	0	0	0	0	0	0	0	0	0	0
5.767855559e-06	1.353039948e-12	0	0	0	0	0	0	0	0	0	0
5.051836692e-06	1.873753792e-12	0	0	0	0	0	0	0	0	0	0
4.465953243e-06	2.353145318e-12	0	0	0	0	0	0	0	0	0	0
4.067903445e-06	2.683466665e-12	0	0	0	0	0	0	0	0	0	0
3.900789992e-06	2.821264223e-12	0	0	0	0	0	0	0	0	0	0
3.968856431e-06	2.784582467e-12	0	0	0	0	0	0	0	0	0	0
4.233148263e-06	2.59681051e-12	0	0	0	0	0	0	0	0	0	0
4.630451496e-06	2.29682438e-12	0	0	0	0	0	0	0	0	0	0
5.098528026e-06	1.959667467e-12	0	0	0	0	0	0	0	0	0	0
5.586864945e-06	1.635793318e-12	0	0	0	0	0	0	0	0	0	0
6.058258897e-06	1.422354325e-12	0	0	0	0	0	0	0	0	0	0
6.489306577e-06	1.382228984e-12	0	0	0	0	0	0	0	0	0	0
6.866066085e-06	1.492938987e-12	0	0	0	0	0	0	0	0	0	0
7.185795446e-06	1.669702692e-12	0	0	0	0	0	0	0	0	0	0
7.450877397e-06	1.828086261e-12	0	0	0	0	0	0	0	0	0	0
7.66938967e-06	1.927623605e-12	0	0	0	0	0	0	0	0	0	0
7.849456998e-06	1.955728398e-12	0	0	0	0	0	0	0	0	0	0
7.99847975e-06	1.965261986e-12	0	0	0	0	0	0	0	0	0	0
8.124713332e-06	2.070670887e-12	0	0	0	0	0	0	0	0	0	0
8.237349939e-06	2.45333793e-12	0	0	0	0	0	0	0	0	0	0
8.350505665e-06	3.218539613e-12	0	0	0	0	0	0	0	0	0	0
8.486761244e-06	4.362364103e-12	0	0	0	0	0	0	0	0	0	0
8.676147535e-06	5.822078121e-12	0	0	0	0	0	0	0	0	0	0
8.950649723e-06	7.526523204e-12	0	0	0	0	0	0	0	0	0	0
9.334631377e-06	9.414003339e-12	0	0	0	0	0	0	0	0	0	0
9.836599654e-06	1.140892915e-11	0	0	0	0	0	0	0	0	0	0
1.044286297e-05	1.34187959e-11	0	0	0	0	0	0	0	0	0	0
1.112033763e-05	1.536850473e-11	0	0	0	0	0	0	0	0	0	0
1.182095941e-05	1.716655126e-11	0	0	0	0	0	0	0	0	0	0
1.249537941e-05	1.873096331e-11	0	0	0	0	0	0	0	0	0	0
1.309454804e-05	1.999557139e-11	0	0	0	0	0	0	0	0	0	0
1.357860368e-05	2.090971626e-11	0	0	0	0	0	0	0	0	0	0
1.391872116e-05	2.143166207e-11	0	0	0	0	0	0	0	0	0	0
1.409621111e-05	2.1568605e-11	0	0	0	0	0	0	0	0	0	0
1.410796597e-05	2.130762261e-11	0	0	0	0	0	0	0	0	0	0
1.396063e-05	2.069521307e-11	0	0	0	0	0	0	0	0	0	0
1.367514736e-05	1.976143634e-11	0	0	0	0	0	0	0	0	0	0
1.328340403e-05	1.856451615e-11	0	0	0	0	0	0	0	0	0	0
1.282720055e-05	1.715150776e-11	0	0	0	0	0	0	0	0	0	0
1.235760738e-05	1.559354046e-11	0	0	0	0	0	0	0	0	0	0
1.192730623e-05	1.393834704e-11	0	0	0	0	0	0	0	0	0	0
1.158710327e-05	1.225801035e-11	0	0	0	0	0	0	0	0	0	0
1.137474333e-05	1.059685356e-11	0	0	0	0	0	0	0	0	0	0
1.130876224e-05	9.01142588e-12	0	0	0	0	0	0	0	0	0	0
1.138339485e-05	7.54461701e-12	0	0	0	0	0	0	0	0	0	0
1.157233375e-05	6.239217027e-12	0	0	0	0	0	0	0	0	0	0
1.183453927e-05	5.14076624e-12	0	0	0	0	0	0	0	0	0	0
1.212513011e-05	4.279788703e-12	0	0	0	0	0	0	0	0	0	0
1.240171405e-05	3.670728903e-12	0	0	0	0	0	0	0	0	0	0
1.262916466e-05	3.292885542e-12	0	0	0	0	0	0	0	0	0	0
1.278220816e-05	3.099052196e-12	0	0	0	0	0	0	0	0	0	0
1.284588868e-05	3.013966819e-12	0	0	0	0	0	0	0	0	0	0
1.28171286e-05	2.997307574e-12	0	0	0	0	0	0	0	0	0	0
1.270131014e-05	3.032455964e-12	0	0	0	0	0	0	0	0	0	0
1.251660311e-05	3.177291612e-12	0	0	0	0	0	0	0	0	0	0
1.228842308e-05	3.513814981e-12	0	0	0	0	0	0	0	0	0	0
1.205266174e-05	4.136982312e-12	0	0	0	0	0	0	0	0	0	0
1.185015032e-05	5.112967259e-12	0	0	0	0	0	0	0	0	0	0
1.172519013e-05	6.462919228e-12	0	0	0	0	0	0	0	0	0	0
1.171816202e-05	8.18187358e-12	0	0	0	0	0	0	0	0	0	0
1.185882367e-05	1.027016988e-11	0	0	0	0	0	0	0	0	0	0
1.215951217e-05	1.269496304e-11	0	0	0	0	0	0	0	0	0	0
1.261142339e-05	1.542407993e-11	0	0	0	0	0	0	0	0	0	0
1.318694384e-05	1.839653747e-11	0	0	0	0	0	0	0	0	0	0
1.384274753e-05	2.151643311e-11	0	0	0	0	0	0	0	0	0	0
1.45267837e-05	2.467221099e-11	0	0	0	0	0	0	0	0	0	0
1.518174397e-05	2.769847725e-11	0	0	0	0	0	0	0	0	0	0
1.575211171e-05	3.042849471e-11	0	0	0	0	0	0	0	0	0	0
1.61869115e-05	3.268396182e-11	0	0	0	0	0	0	0	0	0	0
1.644086311e-05	3.429907591e-11	0	0	0	0	0	0	0	0	0	0
1.648118192e-05	3.512078265e-11	0	0	0	0	0	0	0	0	0	0
1.628589973e-05	3.505829458e-11	0	0	0	0	0	0	0	0	0	0
1.584846253e-05	3.407447577e-11	0	0	0	0	0	0	0	0	0	0
1.51786768e-05	3.221611364e-11	0	0	0	0	0	0	0	0	0	0
1.430296276e-05	2.958313359e-11	0	0	0	0	0	0	0	0	0	0
1.326445822e-05	2.633906518e-11	0	0	0	0	0	0	0	0	0	0
1.212200265e-05	2.268652503e-11	0	0	0	0	0	0	0	0	0	0
1.094783803e-05	1.884001133e-11	0	0	0	0	0	0	0	0	0	0
9.823992485e-06	1.501389166e-11	0	0	0	0	0	0	0	0	0	0
8.835751765e-06	1.139331624e-11	0	0	0	0	0	0	0	0	0	0
8.061054528e-06	8.130823268e-12	0	0	0	0	0	0	0	0	0	0
7.552673782e-06	5.353602404e-12	0	0	0	0	0	0	0	0	0	0
7.323531697e-06	3.160229971e-12	0	0	0	0	0	0	0	0	0	0
7.344649062e-06	1.755651614e-12	0	0	0	0	0	0	0	0	0	0
7.563976456e-06	1.449476829e-12	0	0	0	0	0	0	0	0	0	0
7.92972109e-06	1.764714536e-12	0	0	0	0	0	0	0	0	0	0
8.403656987e-06	2.024323428e-12	0	0	0	0	0	0	0	0	0	0
8.961887642e-06	2.146736583e-12	0	0	0	0	0	0	0	0	0	0
9.586413571e-06	2.310280121e-12	0	0	0	0	0	0	0	0	0	0
1.02598583e-05	2.73762079e-12	0	0	0	0	0	0	0	0	0	0
1.096012692e-05	3.499359011e-12	0	0	0	0	0	0	0	0	0	0
1.166066e-05	4.490443699e-12	0	0	0	0	0	0	0	0	0	0
1.233222945e-05	5.568591325e-12	0	0	0	0	0	0	0	0	0	0
1.294524296e-05	6.593179641e-12	0	0	0	0	0	0	0	0	0	0
1.347232501e-05	7.464060675e-12	0	0	0	0	0	0	0	0	0	0
1.389064204e-05	8.11386432e-12	0	0	0	0	0	0	0	0	0	0
1.418246308e-05	8.491084844e-12	0	0	0	0	0	0	0	0	0	0
1.433626005e-05	8.573678724e-12	0	0	0	0	0	0	0	0	0	0
1.43468874e-05	8.375825632e-12	0	0	0	0	0	0	0	0	0	0
1.421561567e-05	7.916641355e-12	0	0	0	0	0	0	0	0	0	0
1.394993468e-05	7.264926442e-12	0	0	0	0	0	0	0	0	0	0
1.35631871e-05	6.464137266e-12	0	0	0	0	0	0	0	0	0	0
1.307431591e-05	5.58797477e-12	0	0	0	0	0	0	0	0	0	0
1.250671425e-05	4.705402397e-12	0	0	0	0	0	0	0	0	0	0
1.188800077e-05	3.892125557e-12	0	0	0	0	0	0	0	0	0	0
1.124903391e-05	3.210267546e-12	0	0	0	0	0	0	0	0	0	0
1.062242871e-05	2.704317713e-12	0	0	0	0	0	0	0	0	0	0
1.004120145e-05	2.369812162e-12	0	0	0	0	0	0	0	0	0	0
9.536013488e-06	2.165769535e-12	0	0	0	0	0	0	0	0	0	0
9.131619627e-06	2.017955568e-12	0	0	0	0	0	0	0	0	0	0
8.843238036e-06	1.869297408e-12	0	0	0	0	0	0	0	0	0	0
8.673776528e-06	1.726832005e-12	0	0	0	0	0	0	0	0	0	0
8.612925096e-06	1.699254629e-12	0	0	0	0	0	0	0	0	0	0
8.640191316e-06	1.955544174e-12	0	0	0	0	0	0	0	0	0	0
