8.420467601e-09	4.445915674e-13	0	0	0	0	0	0	0	0	0	0
9.445911688e-09	2.350613649e-13	0	0	0	0	0	0	0	0	0	0
2.136849771e-08	6.76726355e-14	0	0	0	0	0	0	0	0	0	0
4.879551939e-08	6.325222877e-14	0	0	0	0	0	0	0	0	0	0
1.857015429e-07	6.823200881e-14	0	0	0	0	0	0	0	0	0	0
7.92195166e-07	2.620364766e-13	0	0	0	0	0	0	0	0	0	0
3.334185319e-06	1.085216465e-12	0	0	0	0	0	0	0	0	0	0
9.394516995e-06	3.011478676e-12	0	0	0	0	0	0	0	0	0	0
7.661489242e-06	2.182982554e-12	0	0	0	0	0	0	0	0	0	0
7.547671502e-06	2.164637864e-12	0	0	0	0	0	0	0	0	0	0
7.385005389e-06	2.136875829e-12	0	0	0	0	0	0	0	0	0	0
7.185570232e-06	2.102369917e-12	0	0	0	0	0	0	0	0	0	0
6.959657546e-06	2.061922343e-12	0	0	0	0	0	0	0	0	0	0
6.716725238e-06	2.015865633e-12	0	0	0	0	0	0	0	0	0	0
6.465401969e-06	1.967493751e-12	0	0	0	0	0	0	0	0	0	0
6.213292519e-06	1.917281299e-12	0	0	0	0	0	0	0	0	0	0
5.966713012e-06	1.866988029e-12	0	0	0	0	0	0	0	0	0	0
5.730626341e-06	1.815680673e-12	0	0	0	0	0	0	0	0	0	0
5.508538015e-06	1.765057836e-12	0	0	0	0	0	0	0	0	0	0
5.302621291e-06	1.718187256e-12	0	0	0	0	0	0	0	0	0	0
5.114341779e-06	1.674304847e-12	0	0	0	0	0	0	0	0	0	0
4.944205281e-06	1.635257051e-12	0	0	0	0	0	0	0	0	0	0
4.792392332e-06	1.602056782e-12	0	0	0	0	0	0	0	0	0	0
4.658812554e-06	1.576962754e-12	0	0	0	0	0	0	0	0	0	0
4.543198904e-06	1.560184124e-12	0	0	0	0	0	0	0	0	0	0
4.445459552e-06	1.551646784e-12	0	0	0	0	0	0	0	0	0	0
4.365050839e-06	1.552352364e-12	0	0	0	0	0	0	0	0	0	0
4.301709285e-06	1.563255282e-12	0	0	0	0	0	0	0	0	0	0
4.254447147e-06	1.581711666e-12	0	0	0	0	0	0	0	0	0	0
4.222806529e-06	1.606354032e-12	0	0	0	0	0	0	0	0	0	0
4.20519605e-06	1.636785416e-12	0	0	0	0	0	0	0	0	0	0
4.200474383e-06	1.669189603e-12	0	0	0	0	0	0	0	0	0	0
4.207267724e-06	1.700143184e-12	0	0	0	0	0	0	0	0	0	0
4.223904834e-06	1.728973487e-12	0	0	0	0	0	0	0	0	0	0
4.249196703e-06	1.749618908e-12	0	0	0	0	0	0	0	0	0	0
4.282096559e-06	1.762888211e-12	0	0	0	0	0	0	0	0	0	0
4.321936175e-06	1.764669124e-12	0	0	0	0	0	0	0	0	0	0
4.368350296e-06	1.754443599e-12	0	0	0	0	0	0	0	0	0	0
4.421087762e-06	1.732366859e-12	0	0	0	0	0	0	0	0	0	0
4.480784863e-06	1.701302669e-12	0	0	0	0	0	0	0	0	0	0
4.547984732e-06	1.663995485e-12	0	0	0	0	0	0	0	0	0	0
4.622661083e-06	1.624433822e-12	0	0	0	0	0	0	0	0	0	0
4.705302617e-06	1.586754081e-12	0	0	0	0	0	0	0	0	0	0
4.795863596e-06	1.558126428e-12	0	0	0	0	0	0	0	0	0	0
4.893802516e-06	1.548371987e-12	0	0	0	0	0	0	0	0	0	0
4.997804155e-06	1.560176584e-12	0	0	0	0	0	0	0	0	0	0
5.106996846e-06	1.603409081e-12	0	0	0	0	0	0	0	0	0	0
5.220204156e-06	1.690491828e-12	0	0	0	0	0	0	0	0	0	0
5.337169674e-06	1.832895973e-12	0	0	0	0	0	0	0	0	0	0
5.458309419e-06	2.047223324e-12	0	0	0	0	0	0	0	0	0	0
5.585693303e-06	2.349485629e-12	0	0	0	0	0	0	0	0	0	0
5.723524526e-06	2.75493278e-12	0	0	0	0	0	0	0	0	0	0
5.877533884e-06	3.277785678e-12	0	0	0	0	0	0	0	0	0	0
6.054810936e-06	3.925642456e-12	0	0	0	0	0	0	0	0	0	0
6.263655248e-06	4.706405585e-12	0	0	0	0	0	0	0	0	0	0
6.511443653e-06	5.620271784e-12	0	0	0	0	0	0	0	0	0	0
6.80338525e-06	6.664756258e-12	0	0	0	0	0	0	0	0	0	0
7.141546481e-06	7.824790069e-12	0	0	0	0	0	0	0	0	0	0
7.522983297e-06	9.086274473e-12	0	0	0	0	0	0	0	0	0	0
7.941100101e-06	1.041977911e-11	0	0	0	0	0	0	0	0	0	0
8.382731851e-06	1.179277746e-11	0	0	0	0	0	0	0	0	0	0
8.8332825e-06	1.31657869e-11	0	0	0	0	0	0	0	0	0	0
9.274148239e-06	1.449157025e-11	0	0	0	0	0	0	0	0	0	0
9.686823951e-06	1.572343905e-11	0	0	0	0	0	0	0	0	0	0
1.005276556e-05	1.681395138e-11	0	0	0	0	0	0	0	0	0	0
1.035500158e-05	1.771835879e-11	0	0	0	0	0	0	0	0	0	0
1.057914622e-05	1.840129683e-11	0	0	0	0	0	0	0	0	0	0
1.071435286e-05	1.883066899e-11	0	0	0	0	0	0	0	0	0	0
1.075322798e-05	1.898978976e-11	0	0	0	0	0	0	0	0	0	0
1.069212297e-05	1.887301947e-11	0	0	0	0	0	0	0	0	0	0
1.053143589e-05	1.848610016e-11	0	0	0	0	0	0	0	0	0	0
1.027494181e-05	1.784830179e-11	0	0	0	0	0	0	0	0	0	0
9.929385951e-06	1.698468263e-11	0	0	0	0	0	0	0	0	0	0
9.503993391e-06	1.593043924e-11	0	0	0	0	0	0	0	0	0	0
9.010048155e-06	1.472566588e-11	0	0	0	0	0	0	0	0	0	0
8.459967784e-06	1.340896545e-11	0	0	0	0	0	0	0	0	0	0
7.867028192e-06	1.202028912e-11	0	0	0	0	0	0	0	0	0	0
7.244904097e-06	1.060169571e-11	0	0	0	0	0	0	0	0	0	0
6.607264071e-06	9.184356492e-12	0	0	0	0	0	0	0	0	0	0
5.967379241e-06	7.806354875e-12	0	0	0	0	0	0	0	0	0	0
5.338004843e-06	6.488496816e-12	0	0	0	0	0	0	0	0	0	0
4.731768965e-06	5.259101179e-12	0	0	0	0	0	0	0	0	0	0
4.160475475e-06	4.13465467e-12	0	0	0	0	0	0	0	0	0	0
3.634835264e-06	3.133040496e-12	0	0	0	0	0	0	0	0	0	0
3.165041014e-06	2.263406856e-12	0	0	0	0	0	0	0	0	0	0
2.75916823e-06	1.539431437e-12	0	0	0	0	0	0	0	0	0	0
2.423305283e-06	9.819250458e-13	0	0	0	0	0	0	0	0	0	0
2.159605343e-06	6.246500871e-13	0	0	0	0	0	0	0	0	0	0
1.965060198e-06	4.964901394e-13	0	0	0	0	0	0	0	0	0	0
1.831666729e-06	5.132165097e-13	0	0	0	0	0	0	0	0	0	0
1.747652847e-06	5.314812858e-13	0	0	0	0	0	0	0	0	0	0
1.700504919e-06	5.011674095e-13	0	0	0	0	0	0	0	0	0	0
1.682165267e-06	4.508122783e-13	0	0	0	0	0	0	0	0	0	0
1.687670824e-06	4.769035203e-13	0	0	0	0	0	0	0	0	0	0
1.716277636e-06	6.681601642e-13	0	0	0	0	0	0	0	0	0	0
1.771702486e-06	9.920134518e-13	0	0	0	0	0	0	0	0	0	0
1.857401619e-06	1.393858517e-12	0	0	0	0	0	0	0	0	0	0
1.977585036e-06	1.835034716e-12	0	0	0	0	0	0	0	0	0	0
2.134602471e-06	2.30441338e-12	0	0	0	0	0	0	0	0	0	0
2.329323943e-06	2.778427378e-12	0	0	0	0	0	0	0	0	0	0
2.560663894e-06	3.24213992e-12	0	0	0	0	0	0	0	0	0	0
2.825955164e-06	3.691607509e-12	0	0	0	0	0	0	0	0	0	0
3.121721453e-06	4.121128085e-12	0	0	0	0	0	0	0	0	0	0
3.442920255e-06	4.525538859e-12	0	0	0	0	0	0	0	0	0	0
3.784308718e-06	4.905872138e-12	0	0	0	0	0	0	0	0	0	0
4.140214985e-06	5.256733455e-12	0	0	0	0	0	0	0	0	0	0
4.503562379e-06	5.584711925e-12	0	0	0	0	0	0	0	0	0	0
4.869389137e-06	5.89077429e-12	0	0	0	0	0	0	0	0	0	0
5.231039229e-06	6.183628148e-12	0	0	0	0	0	0	0	0	0	0
5.584842557e-06	6.454248295e-12	0	0	0	0	0	0	0	0	0	0
5.926577427e-06	6.71449873e-12	0	0	0	0	0	0	0	0	0	0
6.25623877e-06	6.962967337e-12	0	0	0	0	0	0	0	0	0	0
6.571538891e-06	7.194745221e-12	0	0	0	0	0	0	0	0	0	0
6.874791781e-06	7.411393789e-12	0	0	0	0	0	0	0	0	0	0
7.166594661e-06	7.616434316e-12	0	0	0	0	0	0	0	0	0	0
7.449153543e-06	7.804464719e-12	0	0	0	0	0	0	0	0	0	0
7.722960739e-06	7.977495106e-12	0	0	0	0	0	0	0	0	0	0
7.989514839e-06	8.130127423e-12	0	0	0	0	0	0	0	0	0	0
8.246322006e-06	8.268658068e-12	0	0	0	0	0	0	0	0	0	0
8.491705553e-06	8.382445753e-12	0	0	0	0	0	0	0	0	0	0
8.721578957e-06	8.487894225e-12	0	0	0	0	0	0	0	0	0	0
8.930900292e-06	8.584146354e-12	0	0	0	0	0	0	0	0	0	0
9.115034022e-06	8.658753496e-12	0	0	0	0	0	0	0	0	0	0
9.269647939e-06	8.710745474e-12	0	0	0	0	0	0	0	0	0	0
9.391288327e-06	8.742171487e-12	0	0	0	0	0	0	0	0	0	0
9.478974059e-06	8.7584822e-12	0	0	0	0	0	0	0	0	0	0
9.533226546e-06	8.733368162e-12	0	0	0	0	0	0	0	0	0	0
9.556192467e-06	8.671871481e-12	0	0	0	0	0	0	0	0	0	0
9.552706013e-06	8.581356116e-12	0	0	0	0	0	0	0	0	0	0
9.527882783e-06	8.429095479e-12	0	0	0	0	0	0	0	0	0	0
9.488564588e-06	8.220808106e-12	0	0	0	0	0	0	0	0	0	0
9.441732936e-06	7.970446821e-12	0	0	0	0	0	0	0	0	0	0
9.39393123e-06	7.664850885e-12	0	0	0	0	0	0	0	0	0	0
9.352670063e-06	7.303568785e-12	0	0	0	0	0	0	0	0	0	0
9.324160347e-06	6.905377605e-12	0	0	0	0	0	0	0	0	0	0
9.314800267e-06	6.477293168e-12	0	0	0	0	0	0	0	0	0	0
9.329738675e-06	6.040525526e-12	0	0	0	0	0	0	0	0	0	0
9.372716816e-06	5.618634273e-12	0	0	0	0	0	0	0	0	0	0
9.446474655e-06	5.225907309e-12	0	0	0	0	0	0	0	0	0	0
9.551121576e-06	4.882744783e-12	0	0	0	0	0	0	0	0	0	0
9.683891695e-06	4.60594741e-12	0	0	0	0	0	0	0	0	0	0
9.840528036e-06	4.400482032e-12	0	0	0	0	0	0	0	0	0	0
1.001442612e-05	4.269262808e-12	0	0	0	0	0	0	0	0	0	0
1.020012837e-05	4.216067357e-12	0	0	0	0	0	0	0	0	0	0
1.039147429e-05	4.228139548e-12	0	0	0	0	0	0	0	0	0	0
1.058475525e-05	4.314823824e-12	0	0	0	0	0	0	0	0	0	0
1.077921349e-05	4.484300355e-12	0	0	0	0	0	0	0	0	0	0
1.097486748e-05	4.748827299e-12	0	0	0	0	0	0	0	0	0	0
1.117402787e-05	5.075818699e-12	0	0	0	0	0	0	0	0	0	0
1.13794171e-05	5.479732731e-12	0	0	0	0	0	0	0	0	0	0
1.159085823e-05	5.934122216e-12	0	0	0	0	0	0	0	0	0	0
1.18079159e-05	6.402617252e-12	0	0	0	0	0	0	0	0	0	0
1.202534866e-05	6.853080071e-12	0	0	0	0	0	0	0	0	0	0
1.223542984e-05	7.243634757e-12	0	0	0	0	0	0	0	0	0	0
1.242903616e-05	7.515783219e-12	0	0	0	0	0	0	0	0	0	0
1.259612562e-05	7.632431427e-12	0	0	0	0	0	0	0	0	0	0
1.2728463e-05	7.557382728e-12	0	0	0	0	0	0	0	0	0	0
1.282171705e-05	7.271441055e-12	0	0	0	0	0	0	0	0	0	0
1.287532457e-05	6.820814073e-12	0	0	0	0	0	0	0	0	0	0
1.289343424e-05	6.164109275e-12	0	0	0	0	0	0	0	0	0	0
1.288242456e-05	5.381939047e-12	0	0	0	0	0	0	0	0	0	0
1.285075874e-05	4.523998804e-12	0	0	0	0	0	0	0	0	0	0
1.280630947e-05	3.660053519e-12	0	0	0	0	0	0	0	0	0	0
1.275570734e-05	2.873317872e-12	0	0	0	0	0	0	0	0	0	0
1.270369683e-05	2.283082949e-12	0	0	0	0	0	0	0	0	0	0
1.265422147e-05	1.980098477e-12	0	0	0	0	0	0	0	0	0	0
1.261103824e-05	1.999018495e-12	0	0	0	0	0	0	0	0	0	0
1.257749625e-05	2.202398793e-12	0	0	0	0	0	0	0	0	0	0
1.255778215e-05	2.449679559e-12	0	0	0	0	0	0	0	0	0	0
1.255549295e-05	2.657696849e-12	0	0	0	0	0	0	0	0	0	0
1.257236639e-05	2.799662073e-12	0	0	0	0	0	0	0	0	0	0
1.260648111e-05	2.889943168e-12	0	0	0	0	0	0	0	0	0	0
1.26518363e-05	2.92061288e-12	0	0	0	0	0	0	0	0	0	0
1.269852263e-05	2.921316601e-12	0	0	0	0	0	0	0	0	0	0
1.273252401e-05	2.906039079e-12	0	0	0	0	0	0	0	0	0	0
1.273817565e-05	2.885664192e-12	0	0	0	0	0	0	0	0	0	0
1.269993304e-05	2.866829462e-12	0	0	0	0	0	0	0	0	0	0
1.260424215e-05	2.849953045e-12	0	0	0	0	0	0	0	0	0	0
1.244076033e-05	2.825765136e-12	0	0	0	0	0	0	0	0	0	0
1.220391803e-05	2.795573177e-12	0	0	0	0	0	0	0	0	0	0
1.189317218e-05	2.748853475e-12	0	0	0	0	0	0	0	0	0	0
1.15133916e-05	2.689989607e-12	0	0	0	0	0	0	0	0	0	0
1.10749414e-05	2.616004962e-12	0	0	0	0	0	0	0	0	0	0
1.059423957e-05	2.537132934e-12	0	0	0	0	0	0	0	0	0	0
1.00940625e-05	2.472116503e-12	0	0	0	0	0	0	0	0	0	0
9.604869947e-06	2.460772813e-12	0	0	0	0	0	0	0	0	0	0
9.165579621e-06	2.560857532e-12	0	0	0	0	0	0	0	0	0	0
8.823375762e-06	2.857868303e-12	0	0	0	0	0	0	0	0	0	0
8.629295538e-06	3.420105773e-12	0	0	0	0	0	0	0	0	0	0
8.630909518e-06	4.270044639e-12	0	0	0	0	0	0	0	0	0	0
8.857383744e-06	5.400648256e-12	0	0	0	0	0	0	0	0	0	0
9.313270133e-06	6.792171586e-12	0	0	0	0	0	0	0	0	0	0
9.973482936e-06	8.410418818e-12	0	0	0	0	0	0	0	0	0	0
1.079485e-05	1.021969276e-11	0	0	0	0	0	0	0	0	0	0
1.1724305e-05	1.215931224e-11	0	0	0	0	0	0	0	0	0	0
1.270777741e-05	1.417766243e-11	0	0	0	0	0	0	0	0	0	0
1.369504039e-05	1.62069296e-11	0	0	0	0	0	0	0	0	0	0
1.464263652e-05	1.819904605e-11	0	0	0	0	0	0	0	0	0	0
1.551254987e-05	2.006659947e-11	0	0	0	0	0	0	0	0	0	0
1.62730053e-05	2.175538331e-11	0	0	0	0	0	0	0	0	0	0
1.689942315e-05	2.319638761e-11	0	0	0	0	0	0	0	0	0	0
1.737250573e-05	2.435764426e-11	0	0	0	0	0	0	0	0	0	0
1.76785829e-05	2.519731786e-11	0	0	0	0	0	0	0	0	0	0
1.781072425e-05	2.566793813e-11	0	0	0	0	0	0	0	0	0	0
1.776525356e-05	2.579129874e-11	0	0	0	0	0	0	0	0	0	0
1.75445314e-05	2.554543852e-11	0	0	0	0	0	0	0	0	0	0
1.715583014e-05	2.496088277e-11	0	0	0	0	0	0	0	0	0	0
1.66095588e-05	2.403990794e-11	0	0	0	0	0	0	0	0	0	0
1.592103384e-05	2.284068622e-11	0	0	0	0	0	0	0	0	0	0
1.510842722e-05	2.13979232e-11	0	0	0	0	0	0	0	0	0	0
1.419231485e-05	1.975542398e-11	0	0	0	0	0	0	0	0	0	0
1.319591092e-05	1.798342669e-11	0	0	0	0	0	0	0	0	0	0
1.214321161e-05	1.613002887e-11	0	0	0	0	0	0	0	0	0	0
1.105882211e-05	1.42511945e-11	0	0	0	0	0	0	0	0	0	0
9.967021384e-06	1.240431012e-11	0	0	0	0	0	0	0	0	0	0
8.89015313e-06	1.06251217e-11	0	0	0	0	0	0	0	0	0	0
7.848342198e-06	8.965279148e-12	0	0	0	0	0	0	0	0	0	0
6.858048279e-06	7.449883237e-12	0	0	0	0	0	0	0	0	0	0
5.932653101e-06	6.097861155e-12	0	0	0	0	0	0	0	0	0	0
5.082574133e-06	4.916614516e-12	0	0	0	0	0	0	0	0	0	0
4.314841379e-06	3.913384662e-12	0	0	0	0	0	0	0	0	0	0
3.635422592e-06	3.078796429e-12	0	0	0	0	0	0	0	0	0	0
3.049460298e-06	2.402406596e-12	0	0	0	0	0	0	0	0	0	0
2.563621842e-06	1.864694537e-12	0	0	0	0	0	0	0	0	0	0
2.183289473e-06	1.449130544e-12	0	0	0	0	0	0	0	0	0	0
1.911618657e-06	1.131353873e-12	0	0	0	0	0	0	0	0	0	0
1.741774095e-06	8.947832123e-13	0	0	0	0	0	0	0	0	0	0
1.654478255e-06	7.221606344e-13	0	0	0	0	0	0	0	0	0	0
1.620555132e-06	5.979069755e-13	0	0	0	0	0	0	0	0	0	0
1.610475577e-06	5.047408118e-13	0	0	0	0	0	0	0	0	0	0
1.60128665e-06	4.413619038e-13	0	0	0	0	0	0	0	0	0	0
1.579622042e-06	3.937980621e-13	0	0	0	0	0	0	0	0	0	0
1.539555335e-06	3.675696606e-13	0	0	0	0	0	0	0	0	0	0
1.482906141e-06	3.603249848e-13	0	0	0	0	0	0	0	0	0	0
1.41640702e-06	3.926018293e-13	0	0	0	0	0	0	0	0	0	0
1.352524497e-06	4.704774152e-13	0	0	0	0	0	0	0	0	0	0
1.307800056e-06	6.074345724e-13	0	0	0	0	0	0	0	0	0	0
1.300891904e-06	8.018868228e-13	0	0	0	0	0	0	0	0	0	0
1.347078586e-06	1.069484913e-12	0	0	0	0	0	0	0	0	0	0
1.452671636e-06	1.391798409e-12	0	0	0	0	0	0	0	0	0	0
1.612705625e-06	1.767622294e-12	0	0	0	0	0	0	0	0	0	0
1.814815872e-06	2.186208802e-12	0	0	0	0	0	0	0	0	0	0
2.044467636e-06	2.637136574e-12	0	0	0	0	0	0	0	0	0	0
2.287885842e-06	3.101215818e-12	0	0	0	0	0	0	0	0	0	0
2.53194194e-06	3.56009461e-12	0	0	0	0	0	0	0	0	0	0
2.766527752e-06	3.992668154e-12	0	0	0	0	0	0	0	0	0	0
2.983709272e-06	4.378274801e-12	0	0	0	0	0	0	0	0	0	0
3.178394777e-06	4.702041833e-12	0	0	0	0	0	0	0	0	0	0
3.347109496e-06	4.950958966e-12	0	0	0	0	0	0	0	0	0	0
3.490227385e-06	5.115213195e-12	0	0	0	0	0	0	0	0	0	0
3.611257062e-06	5.188725425e-12	0	0	0	0	0	0	0	0	0	0
3.715219066e-06	5.174341124e-12	0	0	0	0	0	0	0	0	0	0
3.808972109e-06	5.078517014e-12	0	0	0	0	0	0	0	0	0	0
3.90107732e-06	4.908765061e-12	0	0	0	0	0	0	0	0	0	0
3.998920843e-06	4.677330731e-12	0	0	0	0	0	0	0	0	0	0
4.109287896e-06	4.403626553e-12	0	0	0	0	0	0	0	0	0	0
4.236452597e-06	4.101306352e-12	0	0	0	0	0	0	0	0	0	0
4.382401536e-06	3.781559468e-12	0	0	0	0	0	0	0	0	0	0
4.546040292e-06	3.46237716e-12	0	0	0	0	0	0	0	0	0	0
4.724644683e-06	3.159046876e-12	0	0	0	0	0	0	0	0	0	0
4.912594297e-06	2.87931804e-12	0	0	0	0	0	0	0	0	0	0
5.104919578e-06	2.636246009e-12	0	0	0	0	0	0	0	0	0	0
5.295004182e-06	2.43145701e-12	0	0	0	0	0	0	0	0	0	0
5.476890127e-06	2.279338306e-12	0	0	0	0	0	0	0	0	0	0
5.645940779e-06	2.170020053e-12	0	0	0	0	0	0	0	0	0	0
5.797620535e-06	2.113293468e-12	0	0	0	0	0	0	0	0	0	0
5.929173396e-06	2.109334529e-12	0	0	0	0	0	0	0	0	0	0
6.039255078e-06	2.151283136e-12	0	0	0	0	0	0	0	0	0	0
6.127630209e-06	2.24689335e-12	0	0	0	0	0	0	0	0	0	0
6.196551167e-06	2.401410334e-12	0	0	0	0	0	0	0	0	0	0
6.248886306e-06	2.620095068e-12	0	0	0	0	0	0	0	0	0	0
6.289425836e-06	2.903977767e-12	0	0	0	0	0	0	0	0	0	0
6.32428521e-06	3.258331019e-12	0	0	0	0	0	0	0	0	0	0
6.358974209e-06	3.687697016e-12	0	0	0	0	0	0	0	0	0	0
6.400923519e-06	4.18260845e-12	0	0	0	0	0	0	0	0	0	0
6.455895435e-06	4.743728894e-12	0	0	0	0	0	0	0	0	0	0
6.528932093e-06	5.360576192e-12	0	0	0	0	0	0	0	0	0	0
6.622177147e-06	6.025691303e-12	0	0	0	0	0	0	0	0	0	0
6.736857175e-06	6.726290065e-12	0	0	0	0	0	0	0	0	0	0
6.870300162e-06	7.446276224e-12	0	0	0	0	0	0	0	0	0	0
7.018506845e-06	8.173714464e-12	0	0	0	0	0	0	0	0	0	0
7.17444985e-06	8.881643768e-12	0	0	0	0	0	0	0	0	0	0
7.330720538e-06	9.562063675e-12	0	0	0	0	0	0	0	0	0	0
7.478804473e-06	1.018723948e-11	0	0	0	0	0	0	0	0	0	0
7.609770512e-06	1.074392543e-11	0	0	0	0	0	0	0	0	0	0
7.715939117e-06	1.12127964e-11	0	0	0	0	0	0	0	0	0	0
7.79041181e-06	1.157516879e-11	0	0	0	0	0	0	0	0	0	0
7.827182614e-06	1.182074805e-11	0	0	0	0	0	0	0	0	0	0
7.823201235e-06	1.194545773e-11	0	0	0	0	0	0	0	0	0	0
7.7766246e-06	1.193850593e-11	0	0	0	0	0	0	0	0	0	0
7.6871709e-06	1.180470363e-11	0	0	0	0	0	0	0	0	0	0
7.557050512e-06	1.15392631e-11	0	0	0	0	0	0	0	0	0	0
7.389701441e-06	1.116050602e-11	0	0	0	0	0	0	0	0	0	0
7.190378059e-06	1.067556943e-11	0	0	0	0	0	0	0	0	0	0
6.966151199e-06	1.009671005e-11	0	0	0	0	0	0	0	0	0	0
6.724650991e-06	9.444785285e-12	0	0	0	0	0	0	0	0	0	0
6.474958892e-06	8.73356389e-12	0	0	0	0	0	0	0	0	0	0
6.226326569e-06	7.983864882e-12	0	0	0	0	0	0	0	0	0	0
5.988532084e-06	7.215780708e-12	0	0	0	0	0	0	0	0	0	0
5.771303225e-06	6.442826425e-12	0	0	0	0	0	0	0	0	0	0
5.582633012e-06	5.683045134e-12	0	0	0	0	0	0	0	0	0	0
5.429663483e-06	4.949682647e-12	0	0	0	0	0	0	0	0	0	0
5.317458627e-06	4.258189989e-12	0	0	0	0	0	0	0	0	0	0
5.247929696e-06	3.619619122e-12	0	0	0	0	0	0	0	0	0	0
5.220452412e-06	3.04525035e-12	0	0	0	0	0	0	0	0	0	0
5.231462516e-06	2.546763183e-12	0	0	0	0	0	0	0	0	0	0
5.275476752e-06	2.133779449e-12	0	0	0	0	0	0	0	0	0	0
5.345734072e-06	1.814455677e-12	0	0	0	0	0	0	0	0	0	0
5.434895118e-06	1.596603245e-12	0	0	0	0	0	0	0	0	0	0
5.53587255e-06	1.472920472e-12	0	0	0	0	0	0	0	0	0	0
5.641960496e-06	1.425952746e-12	0	0	0	0	0	0	0	0	0	0
5.747733599e-06	1.430884458e-12	0	0	0	0	0	0	0	0	0	0
5.848478272e-06	1.46098145e-12	0	0	0	0	0	0	0	0	0	0
5.941145597e-06	1.498006816e-12	0	0	0	0	0	0	0	0	0	0
6.02310445e-06	1.532388472e-12	0	0	0	0	0	0	0	0	0	0
6.092857468e-06	1.557867379e-12	0	0	0	0	0	0	0	0	0	0
6.150308135e-06	1.571689371e-12	0	0	0	0	0	0	0	0	0	0
6.195374567e-06	1.576032617e-12	0	0	0	0	0	0	0	0	0	0
6.228798554e-06	1.570199645e-12	0	0	0	0	0	0	0	0	0	0
6.251619817e-06	1.558837101e-12	0	0	0	0	0	0	0	0	0	0
6.26505469e-06	1.541133032e-12	0	0	0	0	0	0	0	0	0	0
6.270199015e-06	1.520360181e-12	0	0	0	0	0	0	0	0	0	0
6.26800695e-06	1.496839693e-12	0	0	0	0	0	0	0	0	0	0
6.259044858e-06	1.472502091e-12	0	0	0	0	0	0	0	0	0	0
6.2434462e-06	1.447296091e-12	0	0	0	0	0	0	0	0	0	0
6.220964473e-06	1.421384222e-12	0	0	0	0	0	0	0	0	0	0
6.190885197e-06	1.39451429e-12	0	0	0	0	0	0	0	0	0	0
6.152256152e-06	1.365360596e-12	0	0	0	0	0	0	0	0	0	0
6.104016191e-06	1.332637089e-12	0	0	0	0	0	0	0	0	0	0
6.045207355e-06	1.29681187e-12	0	0	0	0	0	0	0	0	0	0
5.975217292e-06	1.25971385e-12	0	0	0	0	0	0	0	0	0	0
5.893988661e-06	1.221581136e-12	0	0	0	0	0	0	0	0	0	0
5.802125033e-06	1.187521323e-12	0	0	0	0	0	0	0	0	0	0
5.701249477e-06	1.165801101e-12	0	0	0	0	0	0	0	0	0	0
5.593698742e-06	1.162844959e-12	0	0	0	0	0	0	0	0	0	0
5.482877446e-06	1.185232302e-12	0	0	0	0	0	0	0	0	0	0
5.372881615e-06	1.23751824e-12	0	0	0	0	0	0	0	0	0	0
5.268349614e-06	1.319871493e-12	0	0	0	0	0	0	0	0	0	0
5.174141803e-06	1.427021266e-12	0	0	0	0	0	0	0	0	0	0
5.094871551e-06	1.554336151e-12	0	0	0	0	0	0	0	0	0	0
5.034525544e-06	1.693230022e-12	0	0	0	0	0	0	0	0	0	0
4.996105168e-06	1.838931167e-12	0	0	0	0	0	0	0	0	0	0
4.98097938e-06	1.987086324e-12	0	0	0	0	0	0	0	0	0	0
4.989133842e-06	2.133972192e-12	0	0	0	0	0	0	0	0	0	0
5.018916004e-06	2.280496255e-12	0	0	0	0	0	0	0	0	0	0
5.067441644e-06	2.42638933e-12	0	0	0	0	0	0	0	0	0	0
5.131232052e-06	2.572596225e-12	0	0	0	0	0	0	0	0	0	0
5.20607199e-06	2.723979106e-12	0	0	0	0	0	0	0	0	0	0
5.28848978e-06	2.882230267e-12	0	0	0	0	0	0	0	0	0	0
5.374860276e-06	3.053247369e-12	0	0	0	0	0	0	0	0	0	0
5.462970285e-06	3.241384567e-12	0	0	0	0	0	0	0	0	0	0
5.550847237e-06	3.450217893e-12	0	0	0	0	0	0	0	0	0	0
5.63904279e-06	3.68805348e-12	0	0	0	0	0	0	0	0	0	0
5.727076279e-06	3.956901271e-12	0	0	0	0	0	0	0	0	0	0
5.81696549e-06	4.261499395e-12	0	0	0	0	0	0	0	0	0	0
5.910362137e-06	4.603861478e-12	0	0	0	0	0	0	0	0	0	0
6.009631326e-06	4.986122005e-12	0	0	0	0	0	0	0	0	0	0
6.117067259e-06	5.407242014e-12	0	0	0	0	0	0	0	0	0	0
6.234020095e-06	5.868704603e-12	0	0	0	0	0	0	0	0	0	0
6.362019723e-06	6.363286307e-12	0	0	0	0	0	0	0	0	0	0
6.501260755e-06	6.888290905e-12	0	0	0	0	0	0	0	0	0	0
6.650696362e-06	7.437906518e-12	0	0	0	0	0	0	0	0	0	0
6.808057951e-06	7.998056219e-12	0	0	0	0	0	0	0	0	0	0
6.969481768e-06	8.563688198e-12	0	0	0	0	0	0	0	0	0	0
7.131530616e-06	9.117203203e-12	0	0	0	0	0	0	0	0	0	0
7.288256403e-06	9.64978559e-12	0	0	0	0	0	0	0	0	0	0
7.433701456e-06	1.014524798e-11	0	0	0	0	0	0	0	0	0	0
7.562483845e-06	1.058737977e-11	0	0	0	0	0	0	0	0	0	0
7.668609929e-06	1.096262023e-11	0	0	0	0	0	0	0	0	0	0
7.747038021e-06	1.125557533e-11	0	0	0	0	0	0	0	0	0	0
7.793063206e-06	1.145705866e-11	0	0	0	0	0	0	0	0	0	0
7.803395255e-06	1.155432113e-11	0	0	0	0	0	0	0	0	0	0
7.775799489e-06	1.153603991e-11	0	0	0	0	0	0	0	0	0	0
7.709432249e-06	1.140342921e-11	0	0	0	0	0	0	0	0	0	0
7.605261122e-06	1.115251182e-11	0	0	0	0	0	0	0	0	0	0
7.466335566e-06	1.078793379e-11	0	0	0	0	0	0	0	0	0	0
7.296703807e-06	1.031576919e-11	0	0	0	0	0	0	0	0	0	0
7.102847206e-06	9.746489783e-12	0	0	0	0	0	0	0	0	0	0
6.89180981e-06	9.096160505e-12	0	0	0	0	0	0	0	0	0	0
6.672066199e-06	8.380109258e-12	0	0	0	0	0	0	0	0	0	0
6.452491918e-06	7.620231391e-12	0	0	0	0	0	0	0	0	0	0
6.241262029e-06	6.832622909e-12	0	0	0	0	0	0	0	0	0	0
6.045581582e-06	6.041323607e-12	0	0	0	0	0	0	0	0	0	0
5.870250942e-06	5.263030269e-12	0	0	0	0	0	0	0	0	0	0
5.717732254e-06	4.517375436e-12	0	0	0	0	0	0	0	0	0	0
5.58720617e-06	3.823332026e-12	0	0	0	0	0	0	0	0	0	0
5.474793279e-06	3.191782132e-12	0	0	0	0	0	0	0	0	0	0
5.374693005e-06	2.634712413e-12	0	0	0	0	0	0	0	0	0	0
5.279335606e-06	2.163289606e-12	0	0	0	0	0	0	0	0	0	0
5.180851769e-06	1.77908943e-12	0	0	0	0	0	0	0	0	0	0
5.07129546e-06	1.485758956e-12	0	0	0	0	0	0	0	0	0	0
4.944524581e-06	1.281561999e-12	0	0	0	0	0	0	0	0	0	0
4.795725336e-06	1.143661232e-12	0	0	0	0	0	0	0	0	0	0
4.621740537e-06	1.055908507e-12	0	0	0	0	0	0	0	0	0	0
4.421971845e-06	9.967360979e-13	0	0	0	0	0	0	0	0	0	0
4.197264288e-06	9.536483342e-13	0	0	0	0	0	0	0	0	0	0
3.950733372e-06	9.173753005e-13	0	0	0	0	0	0	0	0	0	0
3.686889693e-06	8.94076593e-13	0	0	0	0	0	0	0	0	0	0
3.412093319e-06	8.958418434e-13	0	0	0	0	0	0	0	0	0	0
3.133729418e-06	9.311526684e-13	0	0	0	0	0	0	0	0	0	0
2.860515816e-06	1.011124633e-12	0	0	0	0	0	0	0	0	0	0
2.601015072e-06	1.131182648e-12	0	0	0	0	0	0	0	0	0	0
2.364375961e-06	1.287753208e-12	0	0	0	0	0	0	0	0	0	0
2.158301097e-06	1.462387777e-12	0	0	0	0	0	0	0	0	0	0
1.988581771e-06	1.64803103e-12	0	0	0	0	0	0	0	0	0	0
1.857409497e-06	1.829259841e-12	0	0	0	0	0	0	0	0	0	0
1.763103195e-06	1.993185899e-12	0	0	0	0	0	0	0	0	0	0
1.700325385e-06	2.128124523e-12	0	0	0	0	0	0	0	0	0	0
1.661155803e-06	2.224782266e-12	0	0	0	0	0	0	0	0	0	0
1.636888314e-06	2.274091159e-12	0	0	0	0	0	0	0	0	0	0
1.621207317e-06	2.272634212e-12	0	0	0	0	0	0	0	0	0	0
1.609255217e-06	2.213345499e-12	0	0	0	0	0	0	0	0	0	0
1.599400992e-06	2.095819363e-12	0	0	0	0	0	0	0	0	0	0
1.592735104e-06	1.922928993e-12	0	0	0	0	0	0	0	0	0	0
1.592076955e-06	1.698923635e-12	0	0	0	0	0	0	0	0	0	0
1.601584586e-06	1.427518211e-12	0	0	0	0	0	0	0	0	0	0
1.624981924e-06	1.133985701e-12	0	0	0	0	0	0	0	0	0	0
1.664168372e-06	8.302583123e-13	0	0	0	0	0	0	0	0	0	0
1.717605031e-06	5.574074999e-13	0	0	0	0	0	0	0	0	0	0
1.780140015e-06	3.729866843e-13	0	0	0	0	0	0	0	0	0	0
1.843951537e-06	3.426976344e-13	0	0	0	0	0	0	0	0	0	0
1.901058887e-06	3.854196624e-13	0	0	0	0	0	0	0	0	0	0
1.94717032e-06	3.829388501e-13	0	0	0	0	0	0	0	0	0	0
1.988341265e-06	3.339020111e-13	0	0	0	0	0	0	0	0	0	0
2.047990579e-06	4.87477661e-13	0	0	0	0	0	0	0	0	0	0
2.173051302e-06	1.020001389e-12	0	0	0	0	0	0	0	0	0	0
2.427882268e-06	1.863145665e-12	0	0	0	0	0	0	0	0	0	0
2.869083871e-06	2.99934022e-12	0	0	0	0	0	0	0	0	0	0
3.521790166e-06	4.430900476e-12	0	0	0	0	0	0	0	0	0	0
4.378676085e-06	6.145999675e-12	0	0	0	0	0	0	0	0	0	0
5.411845653e-06	8.13215998e-12	0	0	0	0	0	0	0	0	0	0
6.585106096e-06	1.033446789e-11	0	0	0	0	0	0	0	0	0	0
7.856473547e-06	1.269914925e-11	0	0	0	0	0	0	0	0	0	0
9.181607926e-06	1.516483011e-11	0	0	0	0	0	0	0	0	0	0
1.051473436e-05	1.762763918e-11	0	0	0	0	0	0	0	0	0	0
1.180943756e-05	1.999131489e-11	0	0	0	0	0	0	0	0	0	0
1.302381746e-05	2.216013823e-11	0	0	0	0	0	0	0	0	0	0
1.41212767e-05	2.402199743e-11	0	0	0	0	0	0	0	0	0	0
1.50735395e-05	2.550871867e-11	0	0	0	0	0	0	0	0	0	0
1.58583395e-05	2.654731897e-11	0	0	0	0	0	0	0	0	0	0
1.646572544e-05	2.709614814e-11	0	0	0	0	0	0	0	0	0	0
1.689271993e-05	2.715063396e-11	0	0	0	0	0	0	0	0	0	0
1.714494867e-05	2.672750652e-11	0	0	0	0	0	0	0	0	0	0
1.72345676e-05	2.587159515e-11	0	0	0	0	0	0	0	0	0	0
1.71781214e-05	2.464815594e-11	0	0	0	0	0	0	0	0	0	0
1.699457629e-05	2.313468526e-11	0	0	0	0	0	0	0	0	0	0
1.670438561e-05	2.14321535e-11	0	0	0	0	0	0	0	0	0	0
1.632735539e-05	1.959980893e-11	0	0	0	0	0	0	0	0	0	0
1.5881121e-05	1.774899344e-11	0	0	0	0	0	0	0	0	0	0
1.538186206e-05	1.593191927e-11	0	0	0	0	0	0	0	0	0	0
1.484164867e-05	1.420933087e-11	0	0	0	0	0	0	0	0	0	0
1.427277172e-05	1.261843651e-11	0	0	0	0	0	0	0	0	0	0
1.368339751e-05	1.119509013e-11	0	0	0	0	0	0	0	0	0	0
1.308147653e-05	9.93273438e-12	0	0	0	0	0	0	0	0	0	0
1.247527596e-05	8.839552799e-12	0	0	0	0	0	0	0	0	0	0
1.187311442e-05	7.907021451e-12	0	0	0	0	0	0	0	0	0	0
1.128557735e-05	7.117597776e-12	0	0	0	0	0	0	0	0	0	0
1.072511186e-05	6.446429466e-12	0	0	0	0	0	0	0	0	0	0
1.020803534e-05	5.873614441e-12	0	0	0	0	0	0	0	0	0	0
9.752086591e-06	5.385115273e-12	0	0	0	0	0	0	0	0	0	0
9.377325878e-06	4.949518961e-12	0	0	0	0	0	0	0	0	0	0
9.103108141e-06	4.553354513e-12	0	0	0	0	0	0	0	0	0	0
8.943123332e-06	4.182972949e-12	0	0	0	0	0	0	0	0	0	0
8.9043887e-06	3.823008186e-12	0	0	0	0	0	0	0	0	0	0
8.983164326e-06	3.465739438e-12	0	0	0	0	0	0	0	0	0	0
9.166531613e-06	3.11437424e-12	0	0	0	0	0	0	0	0	0	0
9.433433821e-06	2.781366917e-12	0	0	0	0	0	0	0	0	0	0
9.759455418e-06	2.487544288e-12	0	0	0	0	0	0	0	0	0	0
1.011988705e-05	2.260084149e-12	0	0	0	0	0	0	0	0	0	0
1.049265941e-05	2.130822551e-12	0	0	0	0	0	0	0	0	0	0
1.086013509e-05	2.113203046e-12	0	0	0	0	0	0	0	0	0	0
1.120959213e-05	2.189136901e-12	0	0	0	0	0	0	0	0	0	0
1.153325428e-05	2.319994672e-12	0	0	0	0	0	0	0	0	0	0
1.182786956e-05	2.46022693e-12	0	0	0	0	0	0	0	0	0	0
1.209378492e-05	2.585063174e-12	0	0	0	0	0	0	0	0	0	0
1.233395638e-05	2.668462346e-12	0	0	0	0	0	0	0	0	0	0
1.255260739e-05	2.705926965e-12	0	0	0	0	0	0	0	0	0	0
1.275401425e-05	2.699378062e-12	0	0	0	0	0	0	0	0	0	0
1.294154231e-05	2.661188114e-12	0	0	0	0	0	0	0	0	0	0
1.311683636e-05	2.606128738e-12	0	0	0	0	0	0	0	0	0	0
1.327918912e-05	2.544774293e-12	0	0	0	0	0	0	0	0	0	0
1.342604923e-05	2.495363025e-12	0	0	0	0	0	0	0	0	0	0
1.355288971e-05	2.473778592e-12	0	0	0	0	0	0	0	0	0	0
1.365389067e-05	2.4838187e-12	0	0	0	0	0	0	0	0	0	0
1.372315792e-05	2.528546173e-12	0	0	0	0	0	0	0	0	0	0
1.37543076e-05	2.610747275e-12	0	0	0	0	0	0	0	0	0	0
1.374308675e-05	2.723583719e-12	0	0	0	0	0	0	0	0	0	0
1.368649802e-05	2.86861065e-12	0	0	0	0	0	0	0	0	0	0
1.358402408e-05	3.067013584e-12	0	0	0	0	0	0	0	0	0	0
1.343822557e-05	3.328354239e-12	0	0	0	0	0	0	0	0	0	0
1.325545046e-05	3.64173677e-12	0	0	0	0	0	0	0	0	0	0
1.304496368e-05	4.017285315e-12	0	0	0	0	0	0	0	0	0	0
1.281938867e-05	4.470214593e-12	0	0	0	0	0	0	0	0	0	0
1.259330324e-05	5.043381738e-12	0	0	0	0	0	0	0	0	0	0
1.238084159e-05	5.655803407e-12	0	0	0	0	0	0	0	0	0	0
1.219515064e-05	6.323634738e-12	0	0	0	0	0	0	0	0	0	0
1.204470025e-05	7.046148867e-12	0	0	0	0	0	0	0	0	0	0
1.193212679e-05	7.79719627e-12	0	0	0	0	0	0	0	0	0	0
1.185356743e-05	8.538959895e-12	0	0	0	0	0	0	0	0	0	0
1.179930789e-05	9.28472294e-12	0	0	0	0	0	0	0	0	0	0
1.175483819e-05	9.922089051e-12	0	0	0	0	0	0	0	0	0	0
1.170433885e-05	1.049218295e-11	0	0	0	0	0	0	0	0	0	0
1.163177853e-05	1.092738455e-11	0	0	0	0	0	0	0	0	0	0
1.152412913e-05	1.120952938e-11	0	0	0	0	0	0	0	0	0	0
1.137317328e-05	1.134688328e-11	0	0	0	0	0	0	0	0	0	0
1.117722684e-05	1.130004354e-11	0	0	0	0	0	0	0	0	0	0
1.093957018e-05	1.109083991e-11	0	0	0	0	0	0	0	0	0	0
1.066989892e-05	1.070905001e-11	0	0	0	0	0	0	0	0	0	0
1.038288108e-05	1.015734428e-11	0	0	0	0	0	0	0	0	0	0
1.009598888e-05	9.487123508e-12	0	0	0	0	0	0	0	0	0	0
9.828827067e-06	8.702585268e-12	0	0	0	0	0	0	0	0	0	0
9.598915635e-06	7.849093704e-12	0	0	0	0	0	0	0	0	0	0
9.419814293e-06	6.958739643e-12	0	0	0	0	0	0	0	0	0	0
9.298434787e-06	6.072896298e-12	0	0	0	0	0	0	0	0	0	0
9.234864651e-06	5.221131591e-12	0	0	0	0	0	0	0	0	0	0
9.220912957e-06	4.452151949e-12	0	0	0	0	0	0	0	0	0	0
9.243288722e-06	3.797563809e-12	0	0	0	0	0	0	0	0	0	0
9.284489306e-06	3.280697903e-12	0	0	0	0	0	0	0	0	0	0
9.326209247e-06	2.914170451e-12	0	0	0	0	0	0	0	0	0	0
9.352309035e-06	2.677564281e-12	0	0	0	0	0	0	0	0	0	0
9.349108565e-06	2.53637106e-12	0	0	0	0	0	0	0	0	0	0
9.307016113e-06	2.441337003e-12	0	0	0	0	0	0	0	0	0	0
9.222146491e-06	2.356211933e-12	0	0	0	0	0	0	0	0	0	0
9.095740346e-06	2.27040627e-12	0	0	0	0	0	0	0	0	0	0
8.933473264e-06	2.21691273e-12	0	0	0	0	0	0	0	0	0	0
8.746006066e-06	2.267236412e-12	0	0	0	0	0	0	0	0	0	0
8.548055095e-06	2.508017949e-12	0	0	0	0	0	0	0	0	0	0
8.356028065e-06	2.992831324e-12	0	0	0	0	0	0	0	0	0	0
8.186040095e-06	3.71974183e-12	0	0	0	0	0	0	0	0	0	0
8.052565656e-06	4.630496071e-12	0	0	0	0	0	0	0	0	0	0
7.964366905e-06	5.67463277e-12	0	0	0	0	0	0	0	0	0	0
7.922701806e-06	6.792314386e-12	0	0	0	0	0	0	0	0	0	0
7.920536288e-06	7.928025084e-12	0	0	0	0	0	0	0	0	0	0
7.943874977e-06	9.03149665e-12	0	0	0	0	0	0	0	0	0	0
7.972173878e-06	1.0036749e-11	0	0	0	0	0	0	0	0	0	0
7.981994374e-06	1.089542873e-11	0	0	0	0	0	0	0	0	0	0
7.950475063e-06	1.156031261e-11	0	0	0	0	0	0	0	0	0	0
7.857192872e-06	1.200312383e-11	0	0	0	0	0	0	0	0	0	0
7.686179163e-06	1.218950257e-11	0	0	0	0	0	0	0	0	0	0
7.427487503e-06	1.211268806e-11	0	0	0	0	0	0	0	0	0	0
7.077751322e-06	1.177581372e-11	0	0	0	0	0	0	0	0	0	0
6.641290052e-06	1.119422981e-11	0	0	0	0	0	0	0	0	0	0
6.128292749e-06	1.040144418e-11	0	0	0	0	0	0	0	0	0	0
5.556259145e-06	9.438551851e-12	0	0	0	0	0	0	0	0	0	0
4.946907536e-06	8.353340935e-12	0	0	0	0	0	0	0	0	0	0
4.326449697e-06	7.196924977e-12	0	0	0	0	0	0	0	0	0	0
3.724548433e-06	6.020724655e-12	0	0	0	0	0	0	0	0	0	0
3.171421027e-06	4.876890356e-12	0	0	0	0	0	0	0	0	0	0
2.695975254e-06	3.808054719e-12	0	0	0	0	0	0	0	0	0	0
2.322446475e-06	2.847782799e-12	0	0	0	0	0	0	0	0	0	0
2.061139234e-06	2.024091093e-12	0	0	0	0	0	0	0	0	0	0
1.901177778e-06	1.359214099e-12	0	0	0	0	0	0	0	0	0	0
1.814271802e-06	8.635718075e-13	0	0	0	0	0	0	0	0	0	0
1.763385099e-06	5.485590656e-13	0	0	0	0	0	0	0	0	0	0
1.719342567e-06	4.076711634e-13	0	0	0	0	0	0	0	0	0	0
1.665991518e-06	3.699519789e-13	0	0	0	0	0	0	0	0	0	0
1.600212078e-06	3.714567698e-13	0	0	0	0	0	0	0	0	0	0
1.531292584e-06	4.289591749e-13	0	0	0	0	0	0	0	0	0	0
1.477086488e-06	5.746198216e-13	0	0	0	0	0	0	0	0	0	0
1.463054935e-06	8.046453296e-13	0	0	0	0	0	0	0	0	0	0
1.513690476e-06	1.087526139e-12	0	0	0	0	0	0	0	0	0	0
1.643400049e-06	1.403948352e-12	0	0	0	0	0	0	0	0	0	0
1.850926389e-06	1.74317135e-12	0	0	0	0	0	0	0	0	0	0
2.12617535e-06	2.087906386e-12	0	0	0	0	0	0	0	0	0	0
2.454004077e-06	2.435542471e-12	0	0	0	0	0	0	0	0	0	0
2.820137023e-06	2.786833723e-12	0	0	0	0	0	0	0	0	0	0
3.214003029e-06	3.138645446e-12	0	0	0	0	0	0	0	0	0	0
3.626799407e-06	3.496594302e-12	0	0	0	0	0	0	0	0	0	0
4.050870282e-06	3.869335738e-12	0	0	0	0	0	0	0	0	0	0
4.479056972e-06	4.258090338e-12	0	0	0	0	0	0	0	0	0	0
4.907932489e-06	4.667339692e-12	0	0	0	0	0	0	0	0	0	0
5.332075838e-06	5.108799862e-12	0	0	0	0	0	0	0	0	0	0
5.748530683e-06	5.584502204e-12	0	0	0	0	0	0	0	0	0	0
6.153597714e-06	6.100862396e-12	0	0	0	0	0	0	0	0	0	0
6.545781579e-06	6.65455168e-12	0	0	0	0	0	0	0	0	0	0
6.923429782e-06	7.245324828e-12	0	0	0	0	0	0	0	0	0	0
7.285022647e-06	7.880527644e-12	0	0	0	0	0	0	0	0	0	0
7.629135045e-06	8.54539765e-12	0	0	0	0	0	0	0	0	0	0
7.955040285e-06	9.235596369e-12	0	0	0	0	0	0	0	0	0	0
8.260509325e-06	9.942313474e-12	0	0	0	0	0	0	0	0	0	0
8.543708226e-06	1.065438905e-11	0	0	0	0	0	0	0	0	0	0
8.802109946e-06	1.135902417e-11	0	0	0	0	0	0	0	0	0	0
9.032838303e-06	1.203558034e-11	0	0	0	0	0	0	0	0	0	0
9.232449046e-06	1.267136868e-11	0	0	0	0	0	0	0	0	0	0
9.39728257e-06	1.325660836e-11	0	0	0	0	0	0	0	0	0	0
9.523360439e-06	1.376502464e-11	0	0	0	0	0	0	0	0	0	0
9.606958931e-06	1.418647183e-11	0	0	0	0	0	0	0	0	0	0
9.645172962e-06	1.450814622e-11	0	0	0	0	0	0	0	0	0	0
9.634706303e-06	1.471010422e-11	0	0	0	0	0	0	0	0	0	0
9.573955935e-06	1.479496016e-11	0	0	0	0	0	0	0	0	0	0
9.462045512e-06	1.47486879e-11	0	0	0	0	0	0	0	0	0	0
9.299380005e-06	1.457096937e-11	0	0	0	0	0	0	0	0	0	0
9.087377299e-06	1.426261563e-11	0	0	0	0	0	0	0	0	0	0
8.828610173e-06	1.382786634e-11	0	0	0	0	0	0	0	0	0	0
8.527946753e-06	1.327067524e-11	0	0	0	0	0	0	0	0	0	0
8.190688393e-06	1.261322152e-11	0	0	0	0	0	0	0	0	0	0
7.823999378e-06	1.185990416e-11	0	0	0	0	0	0	0	0	0	0
7.436079542e-06	1.102976667e-11	0	0	0	0	0	0	0	0	0	0
7.036944876e-06	1.013941309e-11	0	0	0	0	0	0	0	0	0	0
6.636937831e-06	9.211185817e-12	0	0	0	0	0	0	0	0	0	0
6.247544976e-06	8.261705954e-12	0	0	0	0	0	0	0	0	0	0
5.880459809e-06	7.314025109e-12	0	0	0	0	0	0	0	0	0	0
5.547541149e-06	6.381479292e-12	0	0	0	0	0	0	0	0	0	0
5.259286126e-06	5.48447563e-12	0	0	0	0	0	0	0	0	0	0
5.023816794e-06	4.639403549e-12	0	0	0	0	0	0	0	0	0	0
4.846255588e-06	3.855684754e-12	0	0	0	0	0	0	0	0	0	0
4.727344453e-06	3.148144664e-12	0	0	0	0	0	0	0	0	0	0
4.663163562e-06	2.526450435e-12	0	0	0	0	0	0	0	0	0	0
4.646467738e-06	2.002078272e-12	0	0	0	0	0	0	0	0	0	0
4.666860524e-06	1.585545391e-12	0	0	0	0	0	0	0	0	0	0
4.713502503e-06	1.289916499e-12	0	0	0	0	0	0	0	0	0	0
4.775535539e-06	1.118859654e-12	0	0	0	0	0	0	0	0	0	0
4.84302573e-06	1.0595533e-12	0	0	0	0	0	0	0	0	0	0
4.90840222e-06	1.074506169e-12	0	0	0	0	0	0	0	0	0	0
4.96538421e-06	1.123909761e-12	0	0	0	0	0	0	0	0	0	0
5.009539304e-06	1.180701789e-12	0	0	0	0	0	0	0	0	0	0
5.03839578e-06	1.230101126e-12	0	0	0	0	0	0	0	0	0	0
5.050833447e-06	1.266117588e-12	0	0	0	0	0	0	0	0	0	0
5.047255303e-06	1.285082016e-12	0	0	0	0	0	0	0	0	0	0
5.02920018e-06	1.288648333e-12	0	0	0	0	0	0	0	0	0	0
4.999697154e-06	1.278450824e-12	0	0	0	0	0	0	0	0	0	0
4.962410714e-06	1.257022624e-12	0	0	0	0	0	0	0	0	0	0
4.922045246e-06	1.227348861e-12	0	0	0	0	0	0	0	0	0	0
4.883798878e-06	1.193606542e-12	0	0	0	0	0	0	0	0	0	0
4.853099631e-06	1.164928694e-12	0	0	0	0	0	0	0	0	0	0
4.835452547e-06	1.148899138e-12	0	0	0	0	0	0	0	0	0	0
4.835580254e-06	1.159111889e-12	0	0	0	0	0	0	0	0	0	0
4.857593292e-06	1.206250011e-12	0	0	0	0	0	0	0	0	0	0
4.903825136e-06	1.299034733e-12	0	0	0	0	0	0	0	0	0	0
4.975501054e-06	1.437892499e-12	0	0	0	0	0	0	0	0	0	0
5.071511107e-06	1.618438548e-12	0	0	0	0	0	0	0	0	0	0
5.189462656e-06	1.833672605e-12	0	0	0	0	0	0	0	0	0	0
5.326050421e-06	2.069706502e-12	0	0	0	0	0	0	0	0	0	0
5.476434724e-06	2.31756275e-12	0	0	0	0	0	0	0	0	0	0
5.635616029e-06	2.567403192e-12	0	0	0	0	0	0	0	0	0	0
5.798329083e-06	2.805829937e-12	0	0	0	0	0	0	0	0	0	0
5.959770799e-06	3.025804958e-12	0	0	0	0	0	0	0	0	0	0
6.11555836e-06	3.21645593e-12	0	0	0	0	0	0	0	0	0	0
6.262106703e-06	3.371583539e-12	0	0	0	0	0	0	0	0	0	0
6.396680678e-06	3.485481614e-12	0	0	0	0	0	0	0	0	0	0
6.517433909e-06	3.551004592e-12	0	0	0	0	0	0	0	0	0	0
6.623386148e-06	3.568683986e-12	0	0	0	0	0	0	0	0	0	0
6.714212634e-06	3.540381585e-12	0	0	0	0	0	0	0	0	0	0
6.790133745e-06	3.465079415e-12	0	0	0	0	0	0	0	0	0	0
6.851710486e-06	3.348429736e-12	0	0	0	0	0	0	0	0	0	0
6.89949172e-06	3.197048398e-12	0	0	0	0	0	0	0	0	0	0
6.93394905e-06	3.017708233e-12	0	0	0	0	0	0	0	0	0	0
6.955190111e-06	2.822802872e-12	0	0	0	0	0	0	0	0	0	0
6.962860599e-06	2.617208617e-12	0	0	0	0	0	0	0	0	0	0
6.956221997e-06	2.415982479e-12	0	0	0	0	0	0	0	0	0	0
6.934002515e-06	2.225875369e-12	0	0	0	0	0	0	0	0	0	0
6.894769689e-06	2.054622793e-12	0	0	0	0	0	0	0	0	0	0
6.836955191e-06	1.908587998e-12	0	0	0	0	0	0	0	0	0	0
6.759190565e-06	1.787326239e-12	0	0	0	0	0	0	0	0	0	0
6.660550284e-06	1.693476152e-12	0	0	0	0	0	0	0	0	0	0
6.540661481e-06	1.62141595e-12	0	0	0	0	0	0	0	0	0	0
6.400017111e-06	1.566305e-12	0	0	0	0	0	0	0	0	0	0
6.240068093e-06	1.521626266e-12	0	0	0	0	0	0	0	0	0	0
6.06319109e-06	1.482062206e-12	0	0	0	0	0	0	0	0	0	0
5.872570008e-06	1.441267042e-12	0	0	0	0	0	0	0	0	0	0
5.672615002e-06	1.398035063e-12	0	0	0	0	0	0	0	0	0	0
5.467868674e-06	1.35023485e-12	0	0	0	0	0	0	0	0	0	0
5.263495093e-06	1.297722097e-12	0	0	0	0	0	0	0	0	0	0
5.064667998e-06	1.241048194e-12	0	0	0	0	0	0	0	0	0	0
4.876744696e-06	1.185618685e-12	0	0	0	0	0	0	0	0	0	0
4.703903258e-06	1.134927967e-12	0	0	0	0	0	0	0	0	0	0
4.550425315e-06	1.099039725e-12	0	0	0	0	0	0	0	0	0	0
4.418736698e-06	1.086895686e-12	0	0	0	0	0	0	0	0	0	0
4.310890021e-06	1.108563047e-12	0	0	0	0	0	0	0	0	0	0
4.227871397e-06	1.174523768e-12	0	0	0	0	0	0	0	0	0	0
4.169055694e-06	1.28552785e-12	0	0	0	0	0	0	0	0	0	0
4.133520462e-06	1.439468288e-12	0	0	0	0	0	0	0	0	0	0
4.119089371e-06	1.630738586e-12	0	0	0	0	0	0	0	0	0	0
4.123327233e-06	1.849213509e-12	0	0	0	0	0	0	0	0	0	0
4.143879499e-06	2.091473626e-12	0	0	0	0	0	0	0	0	0	0
4.177457527e-06	2.347030438e-12	0	0	0	0	0	0	0	0	0	0
4.22144808e-06	2.61336846e-12	0	0	0	0	0	0	0	0	0	0
4.273494984e-06	2.880226118e-12	0	0	0	0	0	0	0	0	0	0
4.332078702e-06	3.145948399e-12	0	0	0	0	0	0	0	0	0	0
4.39580047e-06	3.403110255e-12	0	0	0	0	0	0	0	0	0	0
4.464452433e-06	3.649602656e-12	0	0	0	0	0	0	0	0	0	0
4.538398025e-06	3.882380576e-12	0	0	0	0	0	0	0	0	0	0
4.61792143e-06	4.096642053e-12	0	0	0	0	0	0	0	0	0	0
4.704842192e-06	4.29110716e-12	0	0	0	0	0	0	0	0	0	0
4.799875443e-06	4.466800791e-12	0	0	0	0	0	0	0	0	0	0
4.904494117e-06	4.622303726e-12	0	0	0	0	0	0	0	0	0	0
5.019286011e-06	4.755416068e-12	0	0	0	0	0	0	0	0	0	0
5.14451107e-06	4.872758168e-12	0	0	0	0	0	0	0	0	0	0
5.279867746e-06	4.974500643e-12	0	0	0	0	0	0	0	0	0	0
5.424588878e-06	5.062364449e-12	0	0	0	0	0	0	0	0	0	0
5.577383553e-06	5.143005581e-12	0	0	0	0	0	0	0	0	0	0
5.736750712e-06	5.219835465e-12	0	0	0	0	0	0	0	0	0	0
5.900670457e-06	5.300563991e-12	0	0	0	0	0	0	0	0	0	0
6.067875337e-06	5.388253102e-12	0	0	0	0	0	0	0	0	0	0
6.235954487e-06	5.492116353e-12	0	0	0	0	0	0	0	0	0	0
6.403228099e-06	5.617313591e-12	0	0	0	0	0	0	0	0	0	0
6.568562874e-06	5.771153271e-12	0	0	0	0	0	0	0	0	0	0
6.729998e-06	5.958546392e-12	0	0	0	0	0	0	0	0	0	0
6.887305817e-06	6.190229665e-12	0	0	0	0	0	0	0	0	0	0
7.039592143e-06	6.466462514e-12	0	0	0	0	0	0	0	0	0	0
7.187169113e-06	6.792196383e-12	0	0	0	0	0	0	0	0	0	0
7.329812551e-06	7.176995909e-12	0	0	0	0	0	0	0	0	0	0
7.468033353e-06	7.611972664e-12	0	0	0	0	0	0	0	0	0	0
7.602922163e-06	8.103938931e-12	0	0	0	0	0	0	0	0	0	0
7.734152402e-06	8.642560131e-12	0	0	0	0	0	0	0	0	0	0
7.861575167e-06	9.227033295e-12	0	0	0	0	0	0	0	0	0	0
7.98391211e-06	9.841482532e-12	0	0	0	0	0	0	0	0	0	0
8.098377366e-06	1.047348501e-11	0	0	0	0	0	0	0	0	0	0
8.20118525e-06	1.110588918e-11	0	0	0	0	0	0	0	0	0	0
8.286164767e-06	1.171450812e-11	0	0	0	0	0	0	0	0	0	0
8.346250359e-06	1.227774715e-11	0	0	0	0	0	0	0	0	0	0
8.372506213e-06	1.276196883e-11	0	0	0	0	0	0	0	0	0	0
8.35517108e-06	1.313768351e-11	0	0	0	0	0	0	0	0	0	0
8.284549846e-06	1.338479115e-11	0	0	0	0	0	0	0	0	0	0
8.150560735e-06	1.346715155e-11	0	0	0	0	0	0	0	0	0	0
7.945136745e-06	1.336721725e-11	0	0	0	0	0	0	0	0	0	0
7.661281139e-06	1.306815943e-11	0	0	0	0	0	0	0	0	0	0
7.295794612e-06	1.256011616e-11	0	0	0	0	0	0	0	0	0	0
6.848201343e-06	1.185225646e-11	0	0	0	0	0	0	0	0	0	0
6.322253068e-06	1.095279594e-11	0	0	0	0	0	0	0	0	0	0
5.726441332e-06	9.880208051e-12	0	0	0	0	0	0	0	0	0	0
5.073965161e-06	8.677569153e-12	0	0	0	0	0	0	0	0	0	0
4.382642117e-06	7.38776998e-12	0	0	0	0	0	0	0	0	0	0
3.675090487e-06	6.055080018e-12	0	0	0	0	0	0	0	0	0	0
2.979109323e-06	4.740016887e-12	0	0	0	0	0	0	0	0	0	0
2.327864834e-06	3.489102998e-12	0	0	0	0	0	0	0	0	0	0
1.762097988e-06	2.366731517e-12	0	0	0	0	0	0	0	0	0	0
1.332664995e-06	1.418217149e-12	0	0	0	0	0	0	0	0	0	0
1.091343932e-06	6.996230688e-13	0	0	0	0	0	0	0	0	0	0
1.037315028e-06	3.081129656e-13	0	0	0	0	0	0	0	0	0	0
1.091805463e-06	2.919746766e-13	0	0	0	0	0	0	0	0	0	0
1.177973541e-06	3.039536608e-13	0	0	0	0	0	0	0	0	0	0
1.281828805e-06	4.736523947e-13	0	0	0	0	0	0	0	0	0	0
1.439745732e-06	1.031843034e-12	0	0	0	0	0	0	0	0	0	0
1.704115658e-06	1.891804236e-12	0	0	0	0	0	0	0	0	0	0
2.101840638e-06	2.98959405e-12	0	0	0	0	0	0	0	0	0	0
2.62311662e-06	4.262719251e-12	0	0	0	0	0	0	0	0	0	0
3.23456877e-06	5.655997337e-12	0	0	0	0	0	0	0	0	0	0
3.895983353e-06	7.107254509e-12	0	0	0	0	0	0	0	0	0	0
4.567766494e-06	8.532068325e-12	0	0	0	0	0	0	0	0	0	0
5.214691468e-06	9.857677116e-12	0	0	0	0	0	0	0	0	0	0
5.807109561e-06	1.101611681e-11	0	0	0	0	0	0	0	0	0	0
6.321958026e-06	1.194493418e-11	0	0	0	0	0	0	0	0	0	0
6.745232237e-06	1.258629842e-11	0	0	0	0	0	0	0	0	0	0
7.07224805e-06	1.290712965e-11	0	0	0	0	0	0	0	0	0	0
7.307454691e-06	1.290054722e-11	0	0	0	0	0	0	0	0	0	0
7.463801191e-06	1.256728323e-11	0	0	0	0	0	0	0	0	0	0
7.560869787e-06	1.194209158e-11	0	0	0	0	0	0	0	0	0	0
7.622652258e-06	1.107360437e-11	0	0	0	0	0	0	0	0	0	0
7.674364041e-06	1.001667009e-11	0	0	0	0	0	0	0	0	0	0
7.737721763e-06	8.84197796e-12	0	0	0	0	0	0	0	0	0	0
7.829155671e-06	7.624235527e-12	0	0	0	0	0	0	0	0	0	0
7.956667869e-06	6.430454433e-12	0	0	0	0	0	0	0	0	0	0
8.120816999e-06	5.332160874e-12	0	0	0	0	0	0	0	0	0	0
8.313343149e-06	4.387567603e-12	0	0	0	0	0	0	0	0	0	0
8.523605895e-06	3.639039732e-12	0	0	0	0	0	0	0	0	0	0
8.737945e-06	3.137876302e-12	0	0	0	0	0	0	0	0	0	0
8.944294717e-06	2.847959286e-12	0	0	0	0	0	0	0	0	0	0
9.132777223e-06	2.738836426e-12	0	0	0	0	0	0	0	0	0	0
9.296409492e-06	2.775195041e-12	0	0	0	0	0	0	0	0	0	0
9.433314914e-06	2.922349388e-12	0	0	0	0	0	0	0	0	0	0
9.543010791e-06	3.189451918e-12	0	0	0	0	0	0	0	0	0	0
9.629811559e-06	3.586356846e-12	0	0	0	0	0	0	0	0	0	0
9.699834285e-06	4.138401673e-12	0	0	0	0	0	0	0	0	0	0
9.760288673e-06	4.816796177e-12	0	0	0	0	0	0	0	0	0	0
9.817111362e-06	5.606997484e-12	0	0	0	0	0	0	0	0	0	0
9.87635692e-06	6.447109863e-12	0	0	0	0	0	0	0	0	0	0
9.940714912e-06	7.309258798e-12	0	0	0	0	0	0	0	0	0	0
1.001106199e-05	8.126949786e-12	0	0	0	0	0	0	0	0	0	0
1.008316158e-05	8.869068343e-12	0	0	0	0	0	0	0	0	0	0
1.015341726e-05	9.485225385e-12	0	0	0	0	0	0	0	0	0	0
1.021399867e-05	9.967002951e-12	0	0	0	0	0	0	0	0	0	0
1.02595038e-05	1.027005026e-11	0	0	0	0	0	0	0	0	0	0
1.028311635e-05	1.041554995e-11	0	0	0	0	0	0	0	0	0	0
1.028326608e-05	1.037453819e-11	0	0	0	0	0	0	0	0	0	0
1.025864219e-05	1.019461459e-11	0	0	0	0	0	0	0	0	0	0
1.021493174e-05	9.912863103e-12	0	0	0	0	0	0	0	0	0	0
1.016096863e-05	9.521236425e-12	0	0	0	0	0	0	0	0	0	0
1.010913566e-05	9.078843918e-12	0	0	0	0	0	0	0	0	0	0
1.00769418e-05	8.60791224e-12	0	0	0	0	0	0	0	0	0	0
1.00815343e-05	8.132320795e-12	0	0	0	0	0	0	0	0	0	0
1.014069433e-05	7.690057474e-12	0	0	0	0	0	0	0	0	0	0
1.026706988e-05	7.304789946e-12	0	0	0	0	0	0	0	0	0	0
1.046822638e-05	6.98526882e-12	0	0	0	0	0	0	0	0	0	0
1.074316329e-05	6.73221452e-12	0	0	0	0	0	0	0	0	0	0
1.108279754e-05	6.557554542e-12	0	0	0	0	0	0	0	0	0	0
1.147056624e-05	6.436435986e-12	0	0	0	0	0	0	0	0	0	0
1.188568953e-05	6.380690361e-12	0	0	0	0	0	0	0	0	0	0
1.230489151e-05	6.346414645e-12	0	0	0	0	0	0	0	0	0	0
1.270570883e-05	6.330924425e-12	0	0	0	0	0	0	0	0	0	0
1.306700495e-05	6.289500531e-12	0	0	0	0	0	0	0	0	0	0
1.337199034e-05	6.227702734e-12	0	0	0	0	0	0	0	0	0	0
1.360849551e-05	6.09752726e-12	0	0	0	0	0	0	0	0	0	0
1.376962689e-05	5.896936648e-12	0	0	0	0	0	0	0	0	0	0
1.385310033e-05	5.627406411e-12	0	0	0	0	0	0	0	0	0	0
1.386212382e-05	5.252507657e-12	0	0	0	0	0	0	0	0	0	0
1.380431319e-05	4.823365353e-12	0	0	0	0	0	0	0	0	0	0
1.369091388e-05	4.325699861e-12	0	0	0	0	0	0	0	0	0	0
1.353595656e-05	3.792472231e-12	0	0	0	0	0	0	0	0	0	0
1.335483117e-05	3.275301331e-12	0	0	0	0	0	0	0	0	0	0
1.3162504e-05	2.782281427e-12	0	0	0	0	0	0	0	0	0	0
1.297293821e-05	2.375774349e-12	0	0	0	0	0	0	0	0	0	0
1.279674059e-05	2.095353744e-12	0	0	0	0	0	0	0	0	0	0
1.264088869e-05	1.961130331e-12	0	0	0	0	0	0	0	0	0	0
1.250807139e-05	1.955841677e-12	0	0	0	0	0	0	0	0	0	0
1.239596306e-05	2.028085211e-12	0	0	0	0	0	0	0	0	0	0
1.229980366e-05	2.127956984e-12	0	0	0	0	0	0	0	0	0	0
1.221113225e-05	2.221490894e-12	0	0	0	0	0	0	0	0	0	0
1.212171286e-05	2.281087658e-12	0	0	0	0	0	0	0	0	0	0
1.202314813e-05	2.307926381e-12	0	0	0	0	0	0	0	0	0	0
1.190956781e-05	2.300437928e-12	0	0	0	0	0	0	0	0	0	0
1.177735787e-05	2.269983602e-12	0	0	0	0	0	0	0	0	0	0
1.162711241e-05	2.223250552e-12	0	0	0	0	0	0	0	0	0	0
1.146337898e-05	2.189065326e-12	0	0	0	0	0	0	0	0	0	0
1.129329943e-05	2.168509276e-12	0	0	0	0	0	0	0	0	0	0
1.112645745e-05	2.179331494e-12	0	0	0	0	0	0	0	0	0	0
1.097295149e-05	2.214079951e-12	0	0	0	0	0	0	0	0	0	0
1.08409412e-05	2.271255615e-12	0	0	0	0	0	0	0	0	0	0
1.073528238e-05	2.342199173e-12	0	0	0	0	0	0	0	0	0	0
1.065531511e-05	2.426936959e-12	0	0	0	0	0	0	0	0	0	0
1.059499815e-05	2.530108158e-12	0	0	0	0	0	0	0	0	0	0
1.054358825e-05	2.660645892e-12	0	0	0	0	0	0	0	0	0	0
1.048769922e-05	2.824691531e-12	0	0	0	0	0	0	0	0	0	0
1.041387732e-05	3.011217791e-12	0	0	0	0	0	0	0	0	0	0
1.031156171e-05	3.202424265e-12	0	0	0	0	0	0	0	0	0	0
1.017597908e-05	3.361678967e-12	0	0	0	0	0	0	0	0	0	0
1.001019851e-05	3.450855087e-12	0	0	0	0	0	0	0	0	0	0
9.827268092e-06	3.435517968e-12	0	0	0	0	0	0	0	0	0	0
9.652451147e-06	3.292766258e-12	0	0	0	0	0	0	0	0	0	0
9.523744978e-06	3.061194572e-12	0	0	0	0	0	0	0	0	0	0
9.490123537e-06	2.918532581e-12	0	0	0	0	0	0	0	0	0	0
9.606393087e-06	3.231682882e-12	0	0	0	0	0	0	0	0	0	0
9.924058126e-06	4.312779709e-12	0	0	0	0	0	0	0	0	0	0
1.047800709e-05	6.165124233e-12	0	0	0	0	0	0	0	0	0	0
1.127462683e-05	8.639301577e-12	0	0	0	0	0	0	0	0	0	0
1.229228399e-05	1.162526285e-11	0	0	0	0	0	0	0	0	0	0
1.348168352e-05	1.502116034e-11	0	0	0	0	0	0	0	0	0	0
1.477759064e-05	1.868720214e-11	0	0	0	0	0	0	0	0	0	0
1.610433628e-05	2.248112863e-11	0	0	0	0	0	0	0	0	0	0
1.738048531e-05	2.622105753e-11	0	0	0	0	0	0	0	0	0	0
1.852689185e-05	2.969755266e-11	0	0	0	0	0	0	0	0	0	0
1.947029964e-05	3.273460026e-11	0	0	0	0	0	0	0	0	0	0
2.01468038e-05	3.509983641e-11	0	0	0	0	0	0	0	0	0	0
2.050756507e-05	3.664983809e-11	0	0	0	0	0	0	0	0	0	0
2.052351948e-05	3.730416774e-11	0	0	0	0	0	0	0	0	0	0
2.018430113e-05	3.700197412e-11	0	0	0	0	0	0	0	0	0	0
1.95024372e-05	3.577301238e-11	0	0	0	0	0	0	0	0	0	0
1.850961417e-05	3.373589292e-11	0	0	0	0	0	0	0	0	0	0
1.725404436e-05	3.102281103e-11	0	0	0	0	0	0	0	0	0	0
1.579751449e-05	2.783081304e-11	0	0	0	0	0	0	0	0	0	0
1.420845858e-05	2.434532888e-11	0	0	0	0	0	0	0	0	0	0
1.255817301e-05	2.076371198e-11	0	0	0	0	0	0	0	0	0	0
1.091449836e-05	1.723371118e-11	0	0	0	0	0	0	0	0	0	0
9.338471245e-06	1.390912445e-11	0	0	0	0	0	0	0	0	0	0
7.881356853e-06	1.087588073e-11	0	0	0	0	0	0	0	0	0	0
6.583010286e-06	8.196035467e-12	0	0	0	0	0	0	0	0	0	0
5.471170051e-06	5.90680978e-12	0	0	0	0	0	0	0	0	0	0
4.559456039e-06	4.01155388e-12	0	0	0	0	0	0	0	0	0	0
3.848371181e-06	2.498421247e-12	0	0	0	0	0	0	0	0	0	0
3.322097637e-06	1.350330891e-12	0	0	0	0	0	0	0	0	0	0
2.949890323e-06	5.796017071e-13	0	0	0	0	0	0	0	0	0	0
2.690758473e-06	4.214379517e-13	0	0	0	0	0	0	0	0	0	0
2.502526558e-06	6.485906044e-13	0	0	0	0	0	0	0	0	0	0
2.350575233e-06	7.963039857e-13	0	0	0	0	0	0	0	0	0	0
2.21162942e-06	8.199553107e-13	0	0	0	0	0	0	0	0	0	0
2.072560851e-06	7.449349113e-13	0	0	0	0	0	0	0	0	0	0
1.928962934e-06	6.068190946e-13	0	0	0	0	0	0	0	0	0	0
1.781745595e-06	4.437549305e-13	0	0	0	0	0	0	0	0	0	0
1.634283709e-06	3.1722872e-13	0	0	0	0	0	0	0	0	0	0
1.493097597e-06	3.223246872e-13	0	0	0	0	0	0	0	0	0	0
1.365817312e-06	4.492606506e-13	0	0	0	0	0	0	0	0	0	0
1.261149813e-06	6.047091241e-13	0	0	0	0	0	0	0	0	0	0
1.187644588e-06	7.546198503e-13	0	0	0	0	0	0	0	0	0	0
1.153208067e-06	8.755411143e-13	0	0	0	0	0	0	0	0	0	0
1.162786584e-06	9.754673713e-13	0	0	0	0	0	0	0	0	0	0
1.216860251e-06	1.041253688e-12	0	0	0	0	0	0	0	0	0	0
1.311917251e-06	1.090846168e-12	0	0	0	0	0	0	0	0	0	0
1.442149573e-06	1.121405207e-12	0	0	0	0	0	0	0	0	0	0
1.600159077e-06	1.147377783e-12	0	0	0	0	0	0	0	0	0	0
1.77981926e-06	1.172954533e-12	0	0	0	0	0	0	0	0	0	0
1.97473535e-06	1.201948989e-12	0	0	0	0	0	0	0	0	0	0
2.180639508e-06	1.250070256e-12	0	0	0	0	0	0	0	0	0	0
2.392448061e-06	1.31707085e-12	0	0	0	0	0	0	0	0	0	0
2.606412519e-06	1.411254578e-12	0	0	0	0	0	0	0	0	0	0
2.819120267e-06	1.534884593e-12	0	0	0	0	0	0	0	0	0	0
3.028466778e-06	1.695803079e-12	0	0	0	0	0	0	0	0	0	0
3.232744207e-06	1.893189714e-12	0	0	0	0	0	0	0	0	0	0
3.431515725e-06	2.13835092e-12	0	0	0	0	0	0	0	0	0	0
3.625183466e-06	2.426774102e-12	0	0	0	0	0	0	0	0	0	0
3.814979109e-06	2.752428153e-12	0	0	0	0	0	0	0	0	0	0
4.002701529e-06	3.120465972e-12	0	0	0	0	0	0	0	0	0	0
4.190124674e-06	3.520740651e-12	0	0	0	0	0	0	0	0	0	0
4.37895768e-06	3.942135768e-12	0	0	0	0	0	0	0	0	0	0
4.570542422e-06	4.380104977e-12	0	0	0	0	0	0	0	0	0	0
4.763189806e-06	4.820602595e-12	0	0	0	0	0	0	0	0	0	0
4.956176374e-06	5.246547399e-12	0	0	0	0	0	0	0	0	0	0
5.146785428e-06	5.649101312e-12	0	0	0	0	0	0	0	0	0	0
5.329558094e-06	6.011676039e-12	0	0	0	0	0	0	0	0	0	0
5.502057264e-06	6.328803429e-12	0	0	0	0	0	0	0	0	0	0
5.658759658e-06	6.587502866e-12	0	0	0	0	0	0	0	0	0	0
5.796612369e-06	6.781466723e-12	0	0	0	0	0	0	0	0	0	0
5.913395821e-06	6.903545181e-12	0	0	0	0	0	0	0	0	0	0
6.008109332e-06	6.958230037e-12	0	0	0	0	0	0	0	0	0	0
6.081300936e-06	6.945295321e-12	0	0	0	0	0	0	0	0	0	0
6.135432469e-06	6.865586163e-12	0	0	0	0	0	0	0	0	0	0
6.173458779e-06	6.728900603e-12	0	0	0	0	0	0	0	0	0	0
6.199599156e-06	6.547856726e-12	0	0	0	0	0	0	0	0	0	0
6.218092559e-06	6.326685833e-12	0	0	0	0	0	0	0	0	0	0
6.233544836e-06	6.078951068e-12	0	0	0	0	0	0	0	0	0	0
6.249062947e-06	5.813883997e-12	0	0	0	0	0	0	0	0	0	0
6.267859919e-06	5.544431452e-12	0	0	0	0	0	0	0	0	0	0
6.290114368e-06	5.280577764e-12	0	0	0	0	0	0	0	0	0	0
6.316510131e-06	5.034180214e-12	0	0	0	0	0	0	0	0	0	0
6.345677348e-06	4.80771561e-12	0	0	0	0	0	0	0	0	0	0
6.375737759e-06	4.61010399e-12	0	0	0	0	0	0	0	0	0	0
6.404808154e-06	4.452220234e-12	0	0	0	0	0	0	0	0	0	0
6.430128529e-06	4.335123394e-12	0	0	0	0	0	0	0	0	0	0
6.450398209e-06	4.26452677e-12	0	0	0	0	0	0	0	0	0	0
6.464029839e-06	4.240878426e-12	0	0	0	0	0	0	0	0	0	0
6.471821408e-06	4.271295769e-12	0	0	0	0	0	0	0	0	0	0
6.473984628e-06	4.349905735e-12	0	0	0	0	0	0	0	0	0	0
6.472465132e-06	4.486947719e-12	0	0	0	0	0	0	0	0	0	0
6.469472968e-06	4.673798004e-12	0	0	0	0	0	0	0	0	0	0
6.467888736e-06	4.913526604e-12	0	0	0	0	0	0	0	0	0	0
6.470195611e-06	5.204743742e-12	0	0	0	0	0	0	0	0	0	0
6.479366051e-06	5.543325769e-12	0	0	0	0	0	0	0	0	0	0
6.495747485e-06	5.92040469e-12	0	0	0	0	0	0	0	0	0	0
6.520940135e-06	6.326360458e-12	0	0	0	0	0	0	0	0	0	0
6.553189716e-06	6.75563578e-12	0	0	0	0	0	0	0	0	0	0
6.590749222e-06	7.190718582e-12	0	0	0	0	0	0	0	0	0	0
6.630221922e-06	7.622523274e-12	0	0	0	0	0	0	0	0	0	0
6.667056057e-06	8.027711843e-12	0	0	0	0	0	0	0	0	0	0
6.695799276e-06	8.39638067e-12	0	0	0	0	0	0	0	0	0	0
6.710958492e-06	8.706745519e-12	0	0	0	0	0	0	0	0	0	0
6.707398821e-06	8.939616964e-12	0	0	0	0	0	0	0	0	0	0
6.68010411e-06	9.082956765e-12	0	0	0	0	0	0	0	0	0	0
6.625206257e-06	9.118681183e-12	0	0	0	0	0	0	0	0	0	0
6.540690043e-06	9.037240495e-12	0	0	0	0	0	0	0	0	0	0
6.426116305e-06	8.83297374e-12	0	0	0	0	0	0	0	0	0	0
6.284041697e-06	8.506028005e-12	0	0	0	0	0	0	0	0	0	0
6.118303967e-06	8.059939793e-12	0	0	0	0	0	0	0	0	0	0
5.936596608e-06	7.504708467e-12	0	0	0	0	0	0	0	0	0	0
5.748058466e-06	6.857206862e-12	0	0	0	0	0	0	0	0	0	0
5.564165352e-06	6.138482225e-12	0	0	0	0	0	0	0	0	0	0
5.397363306e-06	5.375030604e-12	0	0	0	0	0	0	0	0	0	0
5.259561102e-06	4.59036283e-12	0	0	0	0	0	0	0	0	0	0
5.161216712e-06	3.816876787e-12	0	0	0	0	0	0	0	0	0	0
5.109459644e-06	3.084527248e-12	0	0	0	0	0	0	0	0	0	0
5.10733282e-06	2.423690628e-12	0	0	0	0	0	0	0	0	0	0
5.153274045e-06	1.87663169e-12	0	0	0	0	0	0	0	0	0	0
5.242234049e-06	1.481991861e-12	0	0	0	0	0	0	0	0	0	0
5.366711992e-06	1.272260739e-12	0	0	0	0	0	0	0	0	0	0
5.518097732e-06	1.24227251e-12	0	0	0	0	0	0	0	0	0	0
5.687828129e-06	1.313621277e-12	0	0	0	0	0	0	0	0	0	0
5.867995677e-06	1.419742576e-12	0	0	0	0	0	0	0	0	0	0
6.051450452e-06	1.517075164e-12	0	0	0	0	0	0	0	0	0	0
6.231799353e-06	1.59399241e-12	0	0	0	0	0	0	0	0	0	0
6.403182285e-06	1.649995521e-12	0	0	0	0	0	0	0	0	0	0
6.560235419e-06	1.689080339e-12	0	0	0	0	0	0	0	0	0	0
6.69801863e-06	1.716935855e-12	0	0	0	0	0	0	0	0	0	0
6.812001679e-06	1.737959041e-12	0	0	0	0	0	0	0	0	0	0
6.898344948e-06	1.754055044e-12	0	0	0	0	0	0	0	0	0	0
6.953925031e-06	1.764407793e-12	0	0	0	0	0	0	0	0	0	0
6.976597177e-06	1.766760881e-12	0	0	0	0	0	0	0	0	0	0
6.965251667e-06	1.761911402e-12	0	0	0	0	0	0	0	0	0	0
6.919914005e-06	1.748884496e-12	0	0	0	0	0	0	0	0	0	0
6.841747693e-06	1.725441642e-12	0	0	0	0	0	0	0	0	0	0
6.733031576e-06	1.695543564e-12	0	0	0	0	0	0	0	0	0	0
6.596968863e-06	1.657249462e-12	0	0	0	0	0	0	0	0	0	0
6.437695999e-06	1.612042575e-12	0	0	0	0	0	0	0	0	0	0
6.260017168e-06	1.557544561e-12	0	0	0	0	0	0	0	0	0	0
6.069259059e-06	1.490932233e-12	0	0	0	0	0	0	0	0	0	0
5.871183302e-06	1.414978581e-12	0	0	0	0	0	0	0	0	0	0
5.671724484e-06	1.328583415e-12	0	0	0	0	0	0	0	0	0	0
5.476867871e-06	1.239731856e-12	0	0	0	0	0	0	0	0	0	0
5.292549697e-06	1.16862169e-12	0	0	0	0	0	0	0	0	0	0
5.124366829e-06	1.147053391e-12	0	0	0	0	0	0	0	0	0	0
4.97755323e-06	1.215584827e-12	0	0	0	0	0	0	0	0	0	0
4.856777255e-06	1.396527754e-12	0	0	0	0	0	0	0	0	0	0
4.765671975e-06	1.685620715e-12	0	0	0	0	0	0	0	0	0	0
4.706999386e-06	2.065657334e-12	0	0	0	0	0	0	0	0	0	0
4.682192321e-06	2.512477025e-12	0	0	0	0	0	0	0	0	0	0
4.691077796e-06	3.004385991e-12	0	0	0	0	0	0	0	0	0	0
4.732282001e-06	3.524602877e-12	0	0	0	0	0	0	0	0	0	0
4.802927128e-06	4.056833267e-12	0	0	0	0	0	0	0	0	0	0
4.899001666e-06	4.585175659e-12	0	0	0	0	0	0	0	0	0	0
5.015534941e-06	5.091227986e-12	0	0	0	0	0	0	0	0	0	0
5.147704506e-06	5.568582439e-12	0	0	0	0	0	0	0	0	0	0
5.289474924e-06	5.996737721e-12	0	0	0	0	0	0	0	0	0	0
5.435778522e-06	6.372986081e-12	0	0	0	0	0	0	0	0	0	0
5.581660662e-06	6.686215749e-12	0	0	0	0	0	0	0	0	0	0
5.722714061e-06	6.931559964e-12	0	0	0	0	0	0	0	0	0	0
5.855095173e-06	7.110086279e-12	0	0	0	0	0	0	0	0	0	0
5.976390729e-06	7.218119682e-12	0	0	0	0	0	0	0	0	0	0
6.084662324e-06	7.265039497e-12	0	0	0	0	0	0	0	0	0	0
6.178451266e-06	7.25453225e-12	0	0	0	0	0	0	0	0	0	0
6.258110097e-06	7.194593508e-12	0	0	0	0	0	0	0	0	0	0
6.324203006e-06	7.096301645e-12	0	0	0	0	0	0	0	0	0	0
6.378664434e-06	6.968787148e-12	0	0	0	0	0	0	0	0	0	0
6.422981432e-06	6.82067814e-12	0	0	0	0	0	0	0	0	0	0
