2.346057495e-08	1.311270019e-12	0	0	0	0	0	0	0	0	0	0
1.780793246e-08	7.995460622e-14	0	0	0	0	0	0	0	0	0	0
6.407927773e-08	4.723129403e-14	0	0	0	0	0	0	0	0	0	0
3.206318266e-07	1.302474665e-13	0	0	0	0	0	0	0	0	0	0
1.564645881e-06	5.34391563e-13	0	0	0	0	0	0	0	0	0	0
7.025884902e-06	2.326760984e-12	0	0	0	0	0	0	0	0	0	0
2.973293858e-05	1.001248899e-11	0	0	0	0	0	0	0	0	0	0
8.203441075e-05	4.627616276e-11	0	0	0	0	0	0	0	0	0	0
6.314739002e-05	2.548847691e-11	0	0	0	0	0	0	0	0	0	0
5.879135561e-05	2.395472693e-11	0	0	0	0	0	0	0	0	0	0
5.324954338e-05	2.185345296e-11	0	0	0	0	0	0	0	0	0	0
4.704740103e-05	1.950886069e-11	0	0	0	0	0	0	0	0	0	0
4.072822745e-05	1.700728044e-11	0	0	0	0	0	0	0	0	0	0
3.481441252e-05	1.454044437e-11	0	0	0	0	0	0	0	0	0	0
2.975836375e-05	1.223981805e-11	0	0	0	0	0	0	0	0	0	0
2.586843382e-05	1.016293671e-11	0	0	0	0	0	0	0	0	0	0
2.322739844e-05	8.353106237e-12	0	0	0	0	0	0	0	0	0	0
2.164075044e-05	6.791341828e-12	0	0	0	0	0	0	0	0	0	0
2.072236183e-05	5.483604791e-12	0	0	0	0	0	0	0	0	0	0
2.006757258e-05	4.399087148e-12	0	0	0	0	0	0	0	0	0	0
1.938599098e-05	3.518257141e-12	0	0	0	0	0	0	0	0	0	0
1.854341865e-05	2.880906334e-12	0	0	0	0	0	0	0	0	0	0
1.754262198e-05	2.63855961e-12	0	0	0	0	0	0	0	0	0	0
1.648508463e-05	2.931662177e-12	0	0	0	0	0	0	0	0	0	0
1.552211474e-05	3.677840918e-12	0	0	0	0	0	0	0	0	0	0
1.480389894e-05	4.660274823e-12	0	0	0	0	0	0	0	0	0	0
1.442355581e-05	5.688901731e-12	0	0	0	0	0	0	0	0	0	0
1.438009334e-05	6.60449132e-12	0	0	0	0	0	0	0	0	0	0
1.458342447e-05	7.271384993e-12	0	0	0	0	0	0	0	0	0	0
1.489812653e-05	7.579853384e-12	0	0	0	0	0	0	0	0	0	0
1.519775026e-05	7.479661571e-12	0	0	0	0	0	0	0	0	0	0
1.540028718e-05	6.941368982e-12	0	0	0	0	0	0	0	0	0	0
1.548760438e-05	6.015767685e-12	0	0	0	0	0	0	0	0	0	0
1.550348587e-05	4.925695958e-12	0	0	0	0	0	0	0	0	0	0
1.553929731e-05	4.122839831e-12	0	0	0	0	0	0	0	0	0	0
1.57016113e-05	4.399493599e-12	0	0	0	0	0	0	0	0	0	0
1.607076069e-05	5.947909105e-12	0	0	0	0	0	0	0	0	0	0
1.666928009e-05	8.302896144e-12	0	0	0	0	0	0	0	0	0	0
1.745088968e-05	1.104661644e-11	0	0	0	0	0	0	0	0	0	0
1.831716141e-05	1.38617387e-11	0	0	0	0	0	0	0	0	0	0
1.914727122e-05	1.640943643e-11	0	0	0	0	0	0	0	0	0	0
1.982866494e-05	1.836968924e-11	0	0	0	0	0	0	0	0	0	0
2.027698229e-05	1.946481163e-11	0	0	0	0	0	0	0	0	0	0
2.044881627e-05	1.960597192e-11	0	0	0	0	0	0	0	0	0	0
2.035509627e-05	1.878991892e-11	0	0	0	0	0	0	0	0	0	0
2.00575459e-05	1.726113885e-11	0	0	0	0	0	0	0	0	0	0
1.966854404e-05	1.539952063e-11	0	0	0	0	0	0	0	0	0	0
1.934694211e-05	1.351741799e-11	0	0	0	0	0	0	0	0	0	0
1.928233874e-05	1.18770339e-11	0	0	0	0	0	0	0	0	0	0
1.96678195e-05	1.058700167e-11	0	0	0	0	0	0	0	0	0	0
2.063819702e-05	9.698072151e-12	0	0	0	0	0	0	0	0	0	0
2.220422562e-05	9.076540027e-12	0	0	0	0	0	0	0	0	0	0
2.422227908e-05	8.734105014e-12	0	0	0	0	0	0	0	0	0	0
2.643415248e-05	8.575302807e-12	0	0	0	0	0	0	0	0	0	0
2.853320442e-05	8.552946754e-12	0	0	0	0	0	0	0	0	0	0
3.023420645e-05	8.607635099e-12	0	0	0	0	0	0	0	0	0	0
3.13251429e-05	8.871054034e-12	0	0	0	0	0	0	0	0	0	0
3.168854033e-05	9.406187772e-12	0	0	0	0	0	0	0	0	0	0
3.13038661e-05	1.015416972e-11	0	0	0	0	0	0	0	0	0	0
3.022324586e-05	1.082265321e-11	0	0	0	0	0	0	0	0	0	0
2.854810139e-05	1.105542066e-11	0	0	0	0	0	0	0	0	0	0
2.641970702e-05	1.058693421e-11	0	0	0	0	0	0	0	0	0	0
2.406431706e-05	9.082963374e-12	0	0	0	0	0	0	0	0	0	0
2.190633727e-05	6.653777014e-12	0	0	0	0	0	0	0	0	0	0
2.070532131e-05	7.411229741e-12	0	0	0	0	0	0	0	0	0	0
2.145313501e-05	1.693518287e-11	0	0	0	0	0	0	0	0	0	0
2.471147332e-05	3.3793929e-11	0	0	0	0	0	0	0	0	0	0
3.017624919e-05	5.822925158e-11	0	0	0	0	0	0	0	0	0	0
3.71099569e-05	9.080423293e-11	0	0	0	0	0	0	0	0	0	0
4.481473309e-05	1.311719346e-10	0	0	0	0	0	0	0	0	0	0
5.274242616e-05	1.779548163e-10	0	0	0	0	0	0	0	0	0	0
6.048195734e-05	2.287909179e-10	0	0	0	0	0	0	0	0	0	0
6.773152674e-05	2.809988479e-10	0	0	0	0	0	0	0	0	0	0
7.428227384e-05	3.312275992e-10	0	0	0	0	0	0	0	0	0	0
8.000551677e-05	3.768392801e-10	0	0	0	0	0	0	0	0	0	0
8.48414369e-05	4.156661959e-10	0	0	0	0	0	0	0	0	0	0
8.878028498e-05	4.464826455e-10	0	0	0	0	0	0	0	0	0	0
9.185109496e-05	4.68325492e-10	0	0	0	0	0	0	0	0	0	0
9.410591105e-05	4.813534237e-10	0	0	0	0	0	0	0	0	0	0
9.560349563e-05	4.861545522e-10	0	0	0	0	0	0	0	0	0	0
9.640099204e-05	4.830979061e-10	0	0	0	0	0	0	0	0	0	0
9.654841808e-05	4.733775772e-10	0	0	0	0	0	0	0	0	0	0
9.608032327e-05	4.576449734e-10	0	0	0	0	0	0	0	0	0	0
9.502254484e-05	4.368468851e-10	0	0	0	0	0	0	0	0	0	0
9.339087582e-05	4.116518619e-10	0	0	0	0	0	0	0	0	0	0
9.119909656e-05	3.830206181e-10	0	0	0	0	0	0	0	0	0	0
8.846294922e-05	3.515891263e-10	0	0	0	0	0	0	0	0	0	0
8.520774318e-05	3.181115798e-10	0	0	0	0	0	0	0	0	0	0
8.148171827e-05	2.832785408e-10	0	0	0	0	0	0	0	0	0	0
7.736552887e-05	2.478331639e-10	0	0	0	0	0	0	0	0	0	0
7.29845213e-05	2.129239482e-10	0	0	0	0	0	0	0	0	0	0
6.850907925e-05	1.790739996e-10	0	0	0	0	0	0	0	0	0	0
6.414512607e-05	1.473331614e-10	0	0	0	0	0	0	0	0	0	0
6.010946854e-05	1.183202044e-10	0	0	0	0	0	0	0	0	0	0
5.658544315e-05	9.257220238e-11	0	0	0	0	0	0	0	0	0	0
5.367778446e-05	7.064904923e-11	0	0	0	0	0	0	0	0	0	0
5.13782197e-05	5.286690781e-11	0	0	0	0	0	0	0	0	0	0
4.957293544e-05	3.943178481e-11	0	0	0	0	0	0	0	0	0	0
4.808666383e-05	3.04162591e-11	0	0	0	0	0	0	0	0	0	0
4.676933883e-05	2.547989629e-11	0	0	0	0	0	0	0	0	0	0
4.557475121e-05	2.323479727e-11	0	0	0	0	0	0	0	0	0	0
4.461616536e-05	2.227207279e-11	0	0	0	0	0	0	0	0	0	0
4.415568463e-05	2.139723471e-11	0	0	0	0	0	0	0	0	0	0
4.451058164e-05	2.048221375e-11	0	0	0	0	0	0	0	0	0	0
4.58729426e-05	1.973837219e-11	0	0	0	0	0	0	0	0	0	0
4.8163519e-05	1.98551631e-11	0	0	0	0	0	0	0	0	0	0
5.102182106e-05	2.149255561e-11	0	0	0	0	0	0	0	0	0	0
5.392788938e-05	2.473525405e-11	0	0	0	0	0	0	0	0	0	0
5.637387453e-05	2.905013435e-11	0	0	0	0	0	0	0	0	0	0
5.798914565e-05	3.400337047e-11	0	0	0	0	0	0	0	0	0	0
5.86260159e-05	3.904899339e-11	0	0	0	0	0	0	0	0	0	0
5.839616371e-05	4.39127863e-11	0	0	0	0	0	0	0	0	0	0
5.76785611e-05	4.862434568e-11	0	0	0	0	0	0	0	0	0	0
5.707280322e-05	5.352008762e-11	0	0	0	0	0	0	0	0	0	0
5.728358377e-05	5.907815425e-11	0	0	0	0	0	0	0	0	0	0
5.889582736e-05	6.629193627e-11	0	0	0	0	0	0	0	0	0	0
6.215239841e-05	7.531860938e-11	0	0	0	0	0	0	0	0	0	0
6.682859999e-05	8.618653477e-11	0	0	0	0	0	0	0	0	0	0
7.230587532e-05	9.763658548e-11	0	0	0	0	0	0	0	0	0	0
7.774274294e-05	1.085084568e-10	0	0	0	0	0	0	0	0	0	0
8.22516966e-05	1.163543346e-10	0	0	0	0	0	0	0	0	0	0
8.506230865e-05	1.197057908e-10	0	0	0	0	0	0	0	0	0	0
8.568326648e-05	1.18405214e-10	0	0	0	0	0	0	0	0	0	0
8.403029077e-05	1.11898333e-10	0	0	0	0	0	0	0	0	0	0
8.052557499e-05	1.015703056e-10	0	0	0	0	0	0	0	0	0	0
7.607518818e-05	9.001096253e-11	0	0	0	0	0	0	0	0	0	0
7.194491529e-05	7.898602124e-11	0	0	0	0	0	0	0	0	0	0
6.943163759e-05	7.072764255e-11	0	0	0	0	0	0	0	0	0	0
6.937114913e-05	6.651393755e-11	0	0	0	0	0	0	0	0	0	0
7.175089167e-05	6.860629822e-11	0	0	0	0	0	0	0	0	0	0
7.57732668e-05	7.920442578e-11	0	0	0	0	0	0	0	0	0	0
8.032506555e-05	9.863844868e-11	0	0	0	0	0	0	0	0	0	0
8.439619821e-05	1.286072502e-10	0	0	0	0	0	0	0	0	0	0
8.729882855e-05	1.685987752e-10	0	0	0	0	0	0	0	0	0	0
8.873435662e-05	2.197543707e-10	0	0	0	0	0	0	0	0	0	0
8.879520729e-05	2.794279465e-10	0	0	0	0	0	0	0	0	0	0
8.792634089e-05	3.533119155e-10	0	0	0	0	0	0	0	0	0	0
8.68474942e-05	4.337239498e-10	0	0	0	0	0	0	0	0	0	0
8.636118568e-05	5.170004528e-10	0	0	0	0	0	0	0	0	0	0
8.70103457e-05	6.066577158e-10	0	0	0	0	0	0	0	0	0	0
8.869125796e-05	6.907280867e-10	0	0	0	0	0	0	0	0	0	0
9.053852183e-05	7.52814212e-10	0	0	0	0	0	0	0	0	0	0
9.125178346e-05	7.875507163e-10	0	0	0	0	0	0	0	0	0	0
8.965799621e-05	7.87429653e-10	0	0	0	0	0	0	0	0	0	0
8.518623395e-05	7.393945399e-10	0	0	0	0	0	0	0	0	0	0
7.811021376e-05	6.570501606e-10	0	0	0	0	0	0	0	0	0	0
6.947786546e-05	5.56001765e-10	0	0	0	0	0	0	0	0	0	0
6.084512516e-05	4.406055942e-10	0	0	0	0	0	0	0	0	0	0
5.386526623e-05	3.284125917e-10	0	0	0	0	0	0	0	0	0	0
4.981611913e-05	2.296245964e-10	0	0	0	0	0	0	0	0	0	0
4.918504179e-05	1.498161559e-10	0	0	0	0	0	0	0	0	0	0
5.159158638e-05	9.236844991e-11	0	0	0	0	0	0	0	0	0	0
5.612047329e-05	5.875149274e-11	0	0	0	0	0	0	0	0	0	0
6.173213342e-05	4.759178493e-11	0	0	0	0	0	0	0	0	0	0
6.746464693e-05	4.762478034e-11	0	0	0	0	0	0	0	0	0	0
7.25105876e-05	4.896337022e-11	0	0	0	0	0	0	0	0	0	0
7.624518813e-05	4.915343955e-11	0	0	0	0	0	0	0	0	0	0
7.826107431e-05	4.82787922e-11	0	0	0	0	0	0	0	0	0	0
7.839957393e-05	4.689513217e-11	0	0	0	0	0	0	0	0	0	0
7.683659603e-05	4.543169618e-11	0	0	0	0	0	0	0	0	0	0
7.418111352e-05	4.849564778e-11	0	0	0	0	0	0	0	0	0	0
7.152315974e-05	7.35089939e-11	0	0	0	0	0	0	0	0	0	0
7.027954981e-05	1.442982093e-10	0	0	0	0	0	0	0	0	0	0
7.168254163e-05	2.746280006e-10	0	0	0	0	0	0	0	0	0	0
7.614440429e-05	4.767944194e-10	0	0	0	0	0	0	0	0	0	0
8.309395838e-05	7.019211206e-10	0	0	0	0	0	0	0	0	0	0
9.142879603e-05	9.367149405e-10	0	0	0	0	0	0	0	0	0	0
9.9993854e-05	1.138924505e-09	3.933288798e-15	0	0	0	0	0	0	0	0	0
0.0001077792649	1.277712349e-09	8.490427634e-15	0	0	0	0	0	0	0	0	0
0.0001139211066	1.283263298e-09	3.175190615e-15	0	0	0	0	0	0	0	0	0
0.000117710439	1.180150627e-09	3.877517162e-15	0	0	0	0	0	0	0	0	0
0.0001186431047	9.814820617e-10	0	0	0	0	0	0	0	0	0	0
0.0001165409551	7.074434769e-10	0	0	0	0	0	0	0	0	0	0
0.0001116619557	4.40824925e-10	0	0	0	0	0	0	0	0	0	0
0.0001047037043	2.15270769e-10	0	0	0	0	0	0	0	0	0	0
9.673770439e-05	7.865556736e-11	0	0	0	0	0	0	0	0	0	0
8.898249346e-05	5.161944574e-11	0	0	0	0	0	0	0	0	0	0
8.24378945e-05	6.165857421e-11	0	0	0	0	0	0	0	0	0	0
7.749378722e-05	1.430238949e-10	0	0	0	0	0	0	0	0	0	0
7.377693281e-05	2.469143182e-10	0	0	0	0	0	0	0	0	0	0
7.052428407e-05	3.257368487e-10	0	0	0	0	0	0	0	0	0	0
6.73518273e-05	3.381459759e-10	0	0	0	0	0	0	0	0	0	0
6.50055451e-05	2.859184169e-10	0	0	0	0	0	0	0	0	0	0
6.553560165e-05	1.919967406e-10	0	0	0	0	0	0	0	0	0	0
7.109153474e-05	1.148290979e-10	0	0	0	0	0	0	0	0	0	0
8.190491726e-05	9.263347925e-11	0	0	0	0	0	0	0	0	0	0
9.602191914e-05	8.120058585e-11	0	0	0	0	0	0	0	0	0	0
0.0001107937495	1.452291314e-10	0	0	0	0	0	0	0	0	0	0
0.0001239995318	3.286071705e-10	0	0	0	0	0	0	0	0	0	0
0.0001341958019	5.738392385e-10	0	0	0	0	0	0	0	0	0	0
0.0001407477061	8.215528438e-10	0	0	0	0	0	0	0	0	0	0
0.0001436867705	1.027861051e-09	5.879512209e-15	0	0	0	0	0	0	0	0	0
0.0001435046171	1.163224961e-09	4.478081507e-15	0	0	0	0	0	0	0	0	0
0.0001408711395	1.21759899e-09	3.652111226e-15	0	0	0	0	0	0	0	0	0
0.0001363664738	1.1905611e-09	2.890128036e-15	0	0	0	0	0	0	0	0	0
0.0001303065953	1.098699073e-09	5.425255553e-15	0	0	0	0	0	0	0	0	0
0.0001227320241	9.601017384e-10	0	0	0	0	0	0	0	0	0	0
0.0001135434261	7.966119586e-10	0	0	0	0	0	0	0	0	0	0
0.0001027132047	6.25330432e-10	0	0	0	0	0	0	0	0	0	0
9.04575765e-05	4.59532653e-10	0	0	0	0	0	0	0	0	0	0
7.727281884e-05	3.114488149e-10	0	0	0	0	0	0	0	0	0	0
6.394284934e-05	1.916052621e-10	0	0	0	0	0	0	0	0	0	0
5.144805328e-05	1.028192814e-10	0	0	0	0	0	0	0	0	0	0
4.114771511e-05	4.49389615e-11	0	0	0	0	0	0	0	0	0	0
3.521185022e-05	1.538756478e-11	0	0	0	0	0	0	0	0	0	0
3.619904714e-05	1.483603611e-11	0	0	0	0	0	0	0	0	0	0
4.437409779e-05	2.806781811e-11	0	0	0	0	0	0	0	0	0	0
5.763943585e-05	5.180935097e-11	0	0	0	0	0	0	0	0	0	0
7.4259583e-05	8.642629193e-11	0	0	0	0	0	0	0	0	0	0
9.341283731e-05	1.368564794e-10	0	0	0	0	0	0	0	0	0	0
0.0001150463325	2.202969661e-10	0	0	0	0	0	0	0	0	0	0
0.0001393938981	3.71642459e-10	0	0	0	0	0	0	0	0	0	0
0.0001667992743	6.146618757e-10	0	0	0	0	0	0	0	0	0	0
0.0001970813346	9.612851757e-10	0	0	0	0	0	0	0	0	0	0
0.000229206186	1.390633688e-09	4.077317462e-15	0	0	0	0	0	0	0	0	0
0.0002610888365	1.847625049e-09	6.279150896e-15	0	0	0	0	0	0	0	0	0
0.0002897841506	2.273162769e-09	4.410419728e-15	0	0	0	0	0	0	0	0	0
0.000311995035	2.588058125e-09	1.370059456e-14	0	0	0	0	0	0	0	0	0
0.0003247105896	2.734565528e-09	7.953639967e-15	0	0	0	0	0	0	0	0	0
0.0003258826129	2.687351822e-09	7.48080635e-15	0	0	0	0	0	0	0	0	0
0.0003148871636	2.442723488e-09	7.914035093e-15	0	0	0	0	0	0	0	0	0
0.0002927399234	2.068554725e-09	1.003757218e-14	0	0	0	0	0	0	0	0	0
0.0002619357566	1.627653746e-09	5.246629632e-15	0	0	0	0	0	0	0	0	0
0.0002260106962	1.189880556e-09	4.170802962e-15	0	0	0	0	0	0	0	0	0
0.0001888889601	8.059874832e-10	0	0	0	0	0	0	0	0	0	0
0.0001542099969	5.091801136e-10	0	0	0	0	0	0	0	0	0	0
0.0001247037097	2.996058676e-10	0	0	0	0	0	0	0	0	0	0
0.0001017375661	1.651253903e-10	0	0	0	0	0	0	0	0	0	0
8.511224435e-05	8.605520928e-11	0	0	0	0	0	0	0	0	0	0
7.338462067e-05	4.438863428e-11	0	0	0	0	0	0	0	0	0	0
6.466174583e-05	2.618637419e-11	0	0	0	0	0	0	0	0	0	0
5.740100159e-05	2.044248892e-11	0	0	0	0	0	0	0	0	0	0
5.069606063e-05	1.797738874e-11	0	0	0	0	0	0	0	0	0	0
4.416463036e-05	1.517788593e-11	0	0	0	0	0	0	0	0	0	0
3.772841894e-05	1.164851523e-11	0	0	0	0	0	0	0	0	0	0
3.147728041e-05	7.970525045e-12	0	0	0	0	0	0	0	0	0	0
2.561200133e-05	5.092489633e-12	0	0	0	0	0	0	0	0	0	0
2.050650927e-05	4.401057721e-12	0	0	0	0	0	0	0	0	0	0
1.681507365e-05	5.72992078e-12	0	0	0	0	0	0	0	0	0	0
1.543428886e-05	7.283973395e-12	0	0	0	0	0	0	0	0	0	0
1.672890392e-05	8.425182562e-12	0	0	0	0	0	0	0	0	0	0
1.996069492e-05	9.0947054e-12	0	0	0	0	0	0	0	0	0	0
2.41373572e-05	9.335088368e-12	0	0	0	0	0	0	0	0	0	0
2.86054551e-05	9.409272577e-12	0	0	0	0	0	0	0	0	0	0
3.297791114e-05	9.478493078e-12	0	0	0	0	0	0	0	0	0	0
3.69883249e-05	9.755934662e-12	0	0	0	0	0	0	0	0	0	0
4.042102797e-05	1.03126835e-11	0	0	0	0	0	0	0	0	0	0
4.309675135e-05	1.109975868e-11	0	0	0	0	0	0	0	0	0	0
4.488631933e-05	1.219217919e-11	0	0	0	0	0	0	0	0	0	0
4.573736257e-05	1.382649202e-11	0	0	0	0	0	0	0	0	0	0
4.570232625e-05	1.671748588e-11	0	0	0	0	0	0	0	0	0	0
4.49613997e-05	2.134775536e-11	0	0	0	0	0	0	0	0	0	0
4.381743279e-05	2.821125096e-11	0	0	0	0	0	0	0	0	0	0
4.266703012e-05	3.780427307e-11	0	0	0	0	0	0	0	0	0	0
4.192112879e-05	4.974209636e-11	0	0	0	0	0	0	0	0	0	0
4.189055046e-05	6.401191908e-11	0	0	0	0	0	0	0	0	0	0
4.268173984e-05	8.010283603e-11	0	0	0	0	0	0	0	0	0	0
4.416113407e-05	9.725336993e-11	0	0	0	0	0	0	0	0	0	0
4.60236573e-05	1.144762897e-10	0	0	0	0	0	0	0	0	0	0
4.790332302e-05	1.301377384e-10	0	0	0	0	0	0	0	0	0	0
4.945804788e-05	1.430875235e-10	0	0	0	0	0	0	0	0	0	0
5.041172634e-05	1.520940098e-10	0	0	0	0	0	0	0	0	0	0
5.0569788e-05	1.560522497e-10	0	0	0	0	0	0	0	0	0	0
4.981804706e-05	1.544721737e-10	0	0	0	0	0	0	0	0	0	0
4.812550507e-05	1.473856464e-10	0	0	0	0	0	0	0	0	0	0
4.554118173e-05	1.353686099e-10	0	0	0	0	0	0	0	0	0	0
4.220391208e-05	1.195736083e-10	0	0	0	0	0	0	0	0	0	0
3.835139934e-05	1.014073016e-10	0	0	0	0	0	0	0	0	0	0
3.43407264e-05	8.232357571e-11	0	0	0	0	0	0	0	0	0	0
3.064663424e-05	6.374299211e-11	0	0	0	0	0	0	0	0	0	0
2.784326433e-05	4.686442222e-11	0	0	0	0	0	0	0	0	0	0
2.645621916e-05	3.233067308e-11	0	0	0	0	0	0	0	0	0	0
2.670895995e-05	2.070383011e-11	0	0	0	0	0	0	0	0	0	0
2.837127585e-05	1.219709226e-11	0	0	0	0	0	0	0	0	0	0
3.093116119e-05	7.503148702e-12	0	0	0	0	0	0	0	0	0	0
3.38814097e-05	7.194964216e-12	0	0	0	0	0	0	0	0	0	0
3.684437671e-05	8.948385592e-12	0	0	0	0	0	0	0	0	0	0
3.957216931e-05	1.079173369e-11	0	0	0	0	0	0	0	0	0	0
4.190751848e-05	1.236219419e-11	0	0	0	0	0	0	0	0	0	0
4.374656559e-05	1.368944172e-11	0	0	0	0	0	0	0	0	0	0
4.50255205e-05	1.47817066e-11	0	0	0	0	0	0	0	0	0	0
4.571646977e-05	1.5636468e-11	0	0	0	0	0	0	0	0	0	0
4.583037351e-05	1.6138249e-11	0	0	0	0	0	0	0	0	0	0
4.541523307e-05	1.63564085e-11	0	0	0	0	0	0	0	0	0	0
4.454774049e-05	1.628923362e-11	0	0	0	0	0	0	0	0	0	0
4.331992051e-05	1.599707509e-11	0	0	0	0	0	0	0	0	0	0
4.182074879e-05	1.544698119e-11	0	0	0	0	0	0	0	0	0	0
4.012597075e-05	1.457254676e-11	0	0	0	0	0	0	0	0	0	0
3.828790308e-05	1.325978526e-11	0	0	0	0	0	0	0	0	0	0
3.63458812e-05	1.152083696e-11	0	0	0	0	0	0	0	0	0	0
3.433904546e-05	9.56794155e-12	0	0	0	0	0	0	0	0	0	0
3.232100353e-05	8.323517841e-12	0	0	0	0	0	0	0	0	0	0
3.037947727e-05	9.507864549e-12	0	0	0	0	0	0	0	0	0	0
2.864092573e-05	1.345813624e-11	0	0	0	0	0	0	0	0	0	0
2.72655159e-05	1.914224588e-11	0	0	0	0	0	0	0	0	0	0
2.641832543e-05	2.580136275e-11	0	0	0	0	0	0	0	0	0	0
2.622430425e-05	3.29271416e-11	0	0	0	0	0	0	0	0	0	0
2.67113683e-05	4.01918994e-11	0	0	0	0	0	0	0	0	0	0
2.779973101e-05	4.740442696e-11	0	0	0	0	0	0	0	0	0	0
2.932910214e-05	5.434655145e-11	0	0	0	0	0	0	0	0	0	0
3.111305137e-05	6.10100456e-11	0	0	0	0	0	0	0	0	0	0
3.299015873e-05	6.732920768e-11	0	0	0	0	0	0	0	0	0	0
3.483717418e-05	7.335978513e-11	0	0	0	0	0	0	0	0	0	0
3.658792626e-05	7.917600584e-11	0	0	0	0	0	0	0	0	0	0
3.821402257e-05	8.496851565e-11	0	0	0	0	0	0	0	0	0	0
3.971467249e-05	9.077361552e-11	0	0	0	0	0	0	0	0	0	0
4.110451976e-05	9.679459424e-11	0	0	0	0	0	0	0	0	0	0
4.239388382e-05	1.030808182e-10	0	0	0	0	0	0	0	0	0	0
4.358678851e-05	1.097140952e-10	0	0	0	0	0	0	0	0	0	0
4.467148652e-05	1.169370689e-10	0	0	0	0	0	0	0	0	0	0
4.56260776e-05	1.245395923e-10	0	0	0	0	0	0	0	0	0	0
4.642122532e-05	1.326007712e-10	0	0	0	0	0	0	0	0	0	0
4.702006421e-05	1.409505009e-10	0	0	0	0	0	0	0	0	0	0
4.738692328e-05	1.491389989e-10	0	0	0	0	0	0	0	0	0	0
4.747999217e-05	1.568228611e-10	0	0	0	0	0	0	0	0	0	0
4.725791695e-05	1.632431851e-10	0	0	0	0	0	0	0	0	0	0
4.667691959e-05	1.676083214e-10	0	0	0	0	0	0	0	0	0	0
4.569453286e-05	1.69039198e-10	0	0	0	0	0	0	0	0	0	0
4.427322014e-05	1.66860299e-10	0	0	0	0	0	0	0	0	0	0
4.238945949e-05	1.60569571e-10	0	0	0	0	0	0	0	0	0	0
4.004168292e-05	1.498103426e-10	0	0	0	0	0	0	0	0	0	0
3.726198827e-05	1.354471122e-10	0	0	0	0	0	0	0	0	0	0
3.412749427e-05	1.179593306e-10	0	0	0	0	0	0	0	0	0	0
3.077854347e-05	9.876084546e-11	0	0	0	0	0	0	0	0	0	0
2.743337884e-05	7.915036821e-11	0	0	0	0	0	0	0	0	0	0
2.439845949e-05	6.050624204e-11	0	0	0	0	0	0	0	0	0	0
2.205716971e-05	4.386001814e-11	0	0	0	0	0	0	0	0	0	0
2.076766486e-05	2.991525808e-11	0	0	0	0	0	0	0	0	0	0
2.06746185e-05	1.897917748e-11	0	0	0	0	0	0	0	0	0	0
2.158328913e-05	1.129230662e-11	0	0	0	0	0	0	0	0	0	0
2.306876286e-05	7.440542088e-12	0	0	0	0	0	0	0	0	0	0
2.469169639e-05	7.238453012e-12	0	0	0	0	0	0	0	0	0	0
2.613592108e-05	8.567435556e-12	0	0	0	0	0	0	0	0	0	0
2.723229429e-05	1.084501279e-11	0	0	0	0	0	0	0	0	0	0
2.794358196e-05	1.522648729e-11	0	0	0	0	0	0	0	0	0	0
2.833618507e-05	2.344473213e-11	0	0	0	0	0	0	0	0	0	0
2.854518541e-05	3.578147435e-11	0	0	0	0	0	0	0	0	0	0
2.872206431e-05	5.197060517e-11	0	0	0	0	0	0	0	0	0	0
2.898673259e-05	7.125154377e-11	0	0	0	0	0	0	0	0	0	0
2.938817638e-05	9.14706419e-11	0	0	0	0	0	0	0	0	0	0
2.989246746e-05	1.104823097e-10	0	0	0	0	0	0	0	0	0	0
3.040780158e-05	1.261103181e-10	0	0	0	0	0	0	0	0	0	0
3.082257159e-05	1.359584441e-10	0	0	0	0	0	0	0	0	0	0
3.104289243e-05	1.395485858e-10	0	0	0	0	0	0	0	0	0	0
3.101563807e-05	1.358012643e-10	0	0	0	0	0	0	0	0	0	0
3.073430072e-05	1.258968291e-10	0	0	0	0	0	0	0	0	0	0
3.023540476e-05	1.108285822e-10	0	0	0	0	0	0	0	0	0	0
2.958866625e-05	9.30755511e-11	0	0	0	0	0	0	0	0	0	0
2.888588621e-05	7.409638318e-11	0	0	0	0	0	0	0	0	0	0
2.823098147e-05	5.642795498e-11	0	0	0	0	0	0	0	0	0	0
2.772744959e-05	4.129069666e-11	0	0	0	0	0	0	0	0	0	0
2.746409651e-05	2.962539967e-11	0	0	0	0	0	0	0	0	0	0
2.74966779e-05	2.127522583e-11	0	0	0	0	0	0	0	0	0	0
2.783283233e-05	1.579711807e-11	0	0	0	0	0	0	0	0	0	0
2.842653637e-05	1.276213206e-11	0	0	0	0	0	0	0	0	0	0
2.918268935e-05	1.261128614e-11	0	0	0	0	0	0	0	0	0	0
2.997578658e-05	1.522476628e-11	0	0	0	0	0	0	0	0	0	0
3.066933121e-05	1.919181967e-11	0	0	0	0	0	0	0	0	0	0
3.113467911e-05	2.301731654e-11	0	0	0	0	0	0	0	0	0	0
3.126958442e-05	2.576864582e-11	0	0	0	0	0	0	0	0	0	0
3.100751479e-05	2.68301187e-11	0	0	0	0	0	0	0	0	0	0
3.032510383e-05	2.650554813e-11	0	0	0	0	0	0	0	0	0	0
2.924395122e-05	2.48448136e-11	0	0	0	0	0	0	0	0	0	0
2.782618919e-05	2.205617945e-11	0	0	0	0	0	0	0	0	0	0
2.616764349e-05	1.876866192e-11	0	0	0	0	0	0	0	0	0	0
2.438398939e-05	1.553511704e-11	0	0	0	0	0	0	0	0	0	0
2.259952711e-05	1.284587163e-11	0	0	0	0	0	0	0	0	0	0
2.093005253e-05	1.085295916e-11	0	0	0	0	0	0	0	0	0	0
1.946702621e-05	9.679874282e-12	0	0	0	0	0	0	0	0	0	0
1.826761363e-05	8.985626675e-12	0	0	0	0	0	0	0	0	0	0
1.735128104e-05	8.445297138e-12	0	0	0	0	0	0	0	0	0	0
1.67168017e-05	7.838241147e-12	0	0	0	0	0	0	0	0	0	0
1.637370248e-05	7.081090849e-12	0	0	0	0	0	0	0	0	0	0
1.637302117e-05	6.181457866e-12	0	0	0	0	0	0	0	0	0	0
1.682165839e-05	5.319106438e-12	0	0	0	0	0	0	0	0	0	0
1.785495957e-05	4.670073151e-12	0	0	0	0	0	0	0	0	0	0
1.957649639e-05	4.484325652e-12	0	0	0	0	0	0	0	0	0	0
2.199921367e-05	4.791028186e-12	0	0	0	0	0	0	0	0	0	0
2.502093607e-05	5.477814845e-12	0	0	0	0	0	0	0	0	0	0
2.845288091e-05	6.378219647e-12	0	0	0	0	0	0	0	0	0	0
3.204787959e-05	7.337241328e-12	0	0	0	0	0	0	0	0	0	0
3.552897349e-05	8.326467466e-12	0	0	0	0	0	0	0	0	0	0
3.861674432e-05	9.368416464e-12	0	0	0	0	0	0	0	0	0	0
4.104929672e-05	1.036636596e-11	0	0	0	0	0	0	0	0	0	0
4.261193839e-05	1.121686747e-11	0	0	0	0	0	0	0	0	0	0
4.315442732e-05	1.167817782e-11	0	0	0	0	0	0	0	0	0	0
4.261755842e-05	1.164661325e-11	0	0	0	0	0	0	0	0	0	0
4.104119652e-05	1.101019981e-11	0	0	0	0	0	0	0	0	0	0
3.857267774e-05	9.807979626e-12	0	0	0	0	0	0	0	0	0	0
3.546960685e-05	8.67270841e-12	0	0	0	0	0	0	0	0	0	0
3.209297883e-05	9.161270515e-12	0	0	0	0	0	0	0	0	0	0
2.890497988e-05	1.284163406e-11	0	0	0	0	0	0	0	0	0	0
2.642053866e-05	1.944315367e-11	0	0	0	0	0	0	0	0	0	0
2.510133981e-05	2.83291543e-11	0	0	0	0	0	0	0	0	0	0
2.514926777e-05	3.920718322e-11	0	0	0	0	0	0	0	0	0	0
2.640296101e-05	5.175005291e-11	0	0	0	0	0	0	0	0	0	0
2.844636829e-05	6.536893558e-11	0	0	0	0	0	0	0	0	0	0
3.083639785e-05	7.924736344e-11	0	0	0	0	0	0	0	0	0	0
3.322455554e-05	9.246702675e-11	0	0	0	0	0	0	0	0	0	0
3.537982917e-05	1.039883063e-10	0	0	0	0	0	0	0	0	0	0
3.717169169e-05	1.129118518e-10	0	0	0	0	0	0	0	0	0	0
3.854630068e-05	1.186702616e-10	0	0	0	0	0	0	0	0	0	0
3.95102253e-05	1.211219542e-10	0	0	0	0	0	0	0	0	0	0
4.011891767e-05	1.202276294e-10	0	0	0	0	0	0	0	0	0	0
4.045915096e-05	1.165812753e-10	0	0	0	0	0	0	0	0	0	0
4.062587942e-05	1.106811057e-10	0	0	0	0	0	0	0	0	0	0
4.069857184e-05	1.033178953e-10	0	0	0	0	0	0	0	0	0	0
4.071343739e-05	9.510256434e-11	0	0	0	0	0	0	0	0	0	0
4.065294238e-05	8.665707256e-11	0	0	0	0	0	0	0	0	0	0
4.044846886e-05	7.834050835e-11	0	0	0	0	0	0	0	0	0	0
4.000480146e-05	7.065212629e-11	0	0	0	0	0	0	0	0	0	0
3.922795931e-05	6.363142723e-11	0	0	0	0	0	0	0	0	0	0
3.805578649e-05	5.740433579e-11	0	0	0	0	0	0	0	0	0	0
3.64772589e-05	5.20153006e-11	0	0	0	0	0	0	0	0	0	0
3.453688386e-05	4.728782804e-11	0	0	0	0	0	0	0	0	0	0
3.233562565e-05	4.32125741e-11	0	0	0	0	0	0	0	0	0	0
3.002358685e-05	3.965151046e-11	0	0	0	0	0	0	0	0	0	0
2.780473365e-05	3.641989421e-11	0	0	0	0	0	0	0	0	0	0
2.593941458e-05	3.345861615e-11	0	0	0	0	0	0	0	0	0	0
2.47391445e-05	3.061403163e-11	0	0	0	0	0	0	0	0	0	0
2.450178009e-05	2.779095063e-11	0	0	0	0	0	0	0	0	0	0
2.538818753e-05	2.496143956e-11	0	0	0	0	0	0	0	0	0	0
2.732281492e-05	2.218742122e-11	0	0	0	0	0	0	0	0	0	0
3.002058957e-05	1.962104476e-11	0	0	0	0	0	0	0	0	0	0
3.31082921e-05	1.748513544e-11	0	0	0	0	0	0	0	0	0	0
3.623162917e-05	1.611872906e-11	0	0	0	0	0	0	0	0	0	0
3.910975755e-05	1.57510623e-11	0	0	0	0	0	0	0	0	0	0
4.156234867e-05	1.616674751e-11	0	0	0	0	0	0	0	0	0	0
4.35084606e-05	1.70533371e-11	0	0	0	0	0	0	0	0	0	0
4.496270739e-05	1.804781714e-11	0	0	0	0	0	0	0	0	0	0
4.6006324e-05	1.893447839e-11	0	0	0	0	0	0	0	0	0	0
4.674997429e-05	1.961629063e-11	0	0	0	0	0	0	0	0	0	0
4.728462997e-05	2.019233696e-11	0	0	0	0	0	0	0	0	0	0
4.763012257e-05	2.071825473e-11	0	0	0	0	0	0	0	0	0	0
4.771633525e-05	2.115067664e-11	0	0	0	0	0	0	0	0	0	0
4.738839448e-05	2.133074883e-11	0	0	0	0	0	0	0	0	0	0
4.645940678e-05	2.12654587e-11	0	0	0	0	0	0	0	0	0	0
4.47719279e-05	2.077356633e-11	0	0	0	0	0	0	0	0	0	0
4.224986291e-05	1.999846874e-11	0	0	0	0	0	0	0	0	0	0
3.892228512e-05	1.900732725e-11	0	0	0	0	0	0	0	0	0	0
3.491539477e-05	1.778634545e-11	0	0	0	0	0	0	0	0	0	0
3.043540201e-05	1.590494533e-11	0	0	0	0	0	0	0	0	0	0
2.580893635e-05	1.264467941e-11	0	0	0	0	0	0	0	0	0	0
2.172576851e-05	7.403425624e-12	0	0	0	0	0	0	0	0	0	0
1.974118898e-05	7.558184516e-12	0	0	0	0	0	0	0	0	0	0
2.201713923e-05	2.373091629e-11	0	0	0	0	0	0	0	0	0	0
2.902401835e-05	5.099845963e-11	0	0	0	0	0	0	0	0	0	0
3.943300183e-05	9.172132711e-11	0	0	0	0	0	0	0	0	0	0
5.195131919e-05	1.486339214e-10	0	0	0	0	0	0	0	0	0	0
6.563581752e-05	2.22997571e-10	0	0	0	0	0	0	0	0	0	0
7.968773475e-05	3.133190654e-10	0	0	0	0	0	0	0	0	0	0
9.335886887e-05	4.149386312e-10	0	0	0	0	0	0	0	0	0	0
0.0001059349062	5.197788131e-10	0	0	0	0	0	0	0	0	0	0
0.0001167364091	6.177834991e-10	0	0	0	0	0	0	0	0	0	0
0.000125139319	6.978132593e-10	0	0	0	0	0	0	0	0	0	0
0.0001305901156	7.492152736e-10	0	0	0	0	0	0	0	0	0	0
0.0001326286279	7.64478386e-10	0	0	0	0	0	0	0	0	0	0
0.0001309187707	7.404769764e-10	0	0	0	0	0	0	0	0	0	0
0.0001252879331	6.78858194e-10	0	0	0	0	0	0	0	0	0	0
0.0001157848495	5.876909649e-10	0	0	0	0	0	0	0	0	0	0
0.0001027502511	4.765413535e-10	0	0	0	0	0	0	0	0	0	0
8.690533991e-05	3.596528872e-10	0	0	0	0	0	0	0	0	0	0
6.948826065e-05	2.509281544e-10	0	0	0	0	0	0	0	0	0	0
5.242683425e-05	1.593508197e-10	0	0	0	0	0	0	0	0	0	0
3.858632137e-05	9.153717409e-11	0	0	0	0	0	0	0	0	0	0
3.117087063e-05	4.800571708e-11	0	0	0	0	0	0	0	0	0	0
3.015815925e-05	2.570907818e-11	0	0	0	0	0	0	0	0	0	0
3.154839709e-05	2.114326629e-11	0	0	0	0	0	0	0	0	0	0
3.47656662e-05	3.394527375e-11	0	0	0	0	0	0	0	0	0	0
4.584647455e-05	7.114739834e-11	0	0	0	0	0	0	0	0	0	0
6.984540791e-05	1.502045544e-10	0	0	0	0	0	0	0	0	0	0
0.0001053438194	2.995898239e-10	0	0	0	0	0	0	0	0	0	0
0.0001482899501	5.506759842e-10	0	0	0	0	0	0	0	0	0	0
0.0001940990675	9.248262663e-10	0	0	0	0	0	0	0	0	0	0
0.0002378562222	1.4179463e-09	3.596838837e-15	0	0	0	0	0	0	0	0	0
0.0002748921901	1.982087402e-09	8.797663713e-15	0	0	0	0	0	0	0	0	0
0.0003013485023	2.547326399e-09	8.279606451e-15	0	0	0	0	0	0	0	0	0
0.0003148112171	3.00925135e-09	8.165313121e-15	0	0	0	0	0	0	0	0	0
0.0003147799634	3.267720932e-09	6.396521371e-15	0	0	0	0	0	0	0	0	0
0.0003028390422	3.258542509e-09	1.057916703e-14	0	0	0	0	0	0	0	0	0
0.0002824532794	2.977892983e-09	1.43919912e-14	0	0	0	0	0	0	0	0	0
0.0002583666794	2.4886754e-09	3.679064866e-15	0	0	0	0	0	0	0	0	0
0.000235556212	1.871353162e-09	3.776859968e-15	0	0	0	0	0	0	0	0	0
0.0002177745832	1.247904056e-09	5.48687388e-15	0	0	0	0	0	0	0	0	0
0.0002063094197	7.148231135e-10	0	0	0	0	0	0	0	0	0	0
0.0001997607599	3.758578412e-10	0	0	0	0	0	0	0	0	0	0
0.000195279467	2.981634688e-10	0	0	0	0	0	0	0	0	0	0
0.0001901286033	3.422899242e-10	0	0	0	0	0	0	0	0	0	0
0.0001825445169	3.621195582e-10	0	0	0	0	0	0	0	0	0	0
0.0001718814181	3.570676535e-10	0	0	0	0	0	0	0	0	0	0
0.0001583971617	3.407315568e-10	0	0	0	0	0	0	0	0	0	0
0.0001429967159	3.136079769e-10	0	0	0	0	0	0	0	0	0	0
0.0001269840471	2.715213272e-10	0	0	0	0	0	0	0	0	0	0
0.0001117976524	2.117195749e-10	0	0	0	0	0	0	0	0	0	0
9.87206214e-05	1.453973206e-10	0	0	0	0	0	0	0	0	0	0
8.846570134e-05	9.47689068e-11	0	0	0	0	0	0	0	0	0	0
8.08416302e-05	5.807005137e-11	0	0	0	0	0	0	0	0	0	0
7.486581062e-05	4.490996529e-11	0	0	0	0	0	0	0	0	0	0
6.948299625e-05	1.059474487e-10	0	0	0	0	0	0	0	0	0	0
6.443201016e-05	1.888641401e-10	0	0	0	0	0	0	0	0	0	0
6.065072868e-05	2.580859832e-10	0	0	0	0	0	0	0	0	0	0
5.985339762e-05	2.921354389e-10	0	0	0	0	0	0	0	0	0	0
6.310778124e-05	2.809581505e-10	0	0	0	0	0	0	0	0	0	0
6.972971328e-05	2.402315807e-10	0	0	0	0	0	0	0	0	0	0
7.791549639e-05	1.733114548e-10	0	0	0	0	0	0	0	0	0	0
8.591076091e-05	1.066624083e-10	0	0	0	0	0	0	0	0	0	0
9.251142097e-05	5.861998294e-11	0	0	0	0	0	0	0	0	0	0
9.702706143e-05	4.768581791e-11	0	0	0	0	0	0	0	0	0	0
9.917598358e-05	5.198669049e-11	0	0	0	0	0	0	0	0	0	0
9.898614917e-05	5.576933578e-11	0	0	0	0	0	0	0	0	0	0
9.678037881e-05	6.663207966e-11	0	0	0	0	0	0	0	0	0	0
9.314447521e-05	8.155145834e-11	0	0	0	0	0	0	0	0	0	0
8.891928814e-05	8.685767453e-11	0	0	0	0	0	0	0	0	0	0
8.511373267e-05	7.738833408e-11	0	0	0	0	0	0	0	0	0	0
8.272886187e-05	6.491216517e-11	0	0	0	0	0	0	0	0	0	0
8.243508246e-05	6.172487836e-11	0	0	0	0	0	0	0	0	0	0
8.432476433e-05	5.688984365e-11	0	0	0	0	0	0	0	0	0	0
8.795629672e-05	1.155852665e-10	0	0	0	0	0	0	0	0	0	0
9.267955973e-05	3.193867915e-10	0	0	0	0	0	0	0	0	0	0
9.798169856e-05	6.707205341e-10	0	0	0	0	0	0	0	0	0	0
0.0001036102463	1.153017945e-09	4.460494369e-15	0	0	0	0	0	0	0	0	0
0.0001095078627	1.778242144e-09	6.897859925e-15	0	0	0	0	0	0	0	0	0
0.000115551549	2.467367408e-09	5.336231042e-15	0	0	0	0	0	0	0	0	0
0.0001213979811	3.166828717e-09	5.289275976e-15	0	0	0	0	0	0	0	0	0
0.0001263698636	3.723538124e-09	6.576674813e-15	0	0	0	0	0	0	0	0	0
0.0001295833597	4.108646797e-09	8.403060276e-15	0	0	0	0	0	0	0	0	0
0.0001302342834	4.200014998e-09	7.403036492e-15	0	0	0	0	0	0	0	0	0
0.0001279169192	3.992833863e-09	6.667511917e-15	0	0	0	0	0	0	0	0	0
0.0001228839785	3.507827131e-09	7.150738877e-15	0	0	0	0	0	0	0	0	0
0.0001160981296	2.868814519e-09	1.087423721e-14	0	0	0	0	0	0	0	0	0
0.0001089500002	2.113115519e-09	6.803243946e-15	0	0	0	0	0	0	0	0	0
0.0001026349231	1.392361847e-09	3.169089879e-15	0	0	0	0	0	0	0	0	0
9.752254432e-05	8.243857459e-10	0	0	0	0	0	0	0	0	0	0
9.324119047e-05	4.331349042e-10	0	0	0	0	0	0	0	0	0	0
8.974846414e-05	1.863969002e-10	0	0	0	0	0	0	0	0	0	0
8.869824199e-05	7.454748019e-11	0	0	0	0	0	0	0	0	0	0
9.341859863e-05	5.001748471e-11	0	0	0	0	0	0	0	0	0	0
0.00010623158	1.02209555e-10	0	0	0	0	0	0	0	0	0	0
0.0001257470257	1.918606694e-10	0	0	0	0	0	0	0	0	0	0
0.0001479053571	2.903164618e-10	0	0	0	0	0	0	0	0	0	0
0.0001683187937	3.735850293e-10	0	0	0	0	0	0	0	0	0	0
0.0001835200626	4.256543209e-10	0	0	0	0	0	0	0	0	0	0
0.0001912823029	4.525797452e-10	0	0	0	0	0	0	0	0	0	0
0.0001906080665	4.713822568e-10	0	0	0	0	0	0	0	0	0	0
0.0001816058451	4.82915539e-10	0	0	0	0	0	0	0	0	0	0
0.000165300631	4.914974812e-10	0	0	0	0	0	0	0	0	0	0
0.0001434142115	4.811141264e-10	0	0	0	0	0	0	0	0	0	0
0.000118102968	4.392124691e-10	0	0	0	0	0	0	0	0	0	0
9.17590023e-05	3.72995452e-10	0	0	0	0	0	0	0	0	0	0
6.681658027e-05	2.880978979e-10	0	0	0	0	0	0	0	0	0	0
4.61226283e-05	1.993729617e-10	0	0	0	0	0	0	0	0	0	0
3.470891744e-05	1.220153783e-10	0	0	0	0	0	0	0	0	0	0
3.847663391e-05	6.598173663e-11	0	0	0	0	0	0	0	0	0	0
5.358799355e-05	4.273115003e-11	0	0	0	0	0	0	0	0	0	0
7.357131712e-05	4.870920262e-11	0	0	0	0	0	0	0	0	0	0
9.539725244e-05	6.272158642e-11	0	0	0	0	0	0	0	0	0	0
0.0001170565048	7.567980019e-11	0	0	0	0	0	0	0	0	0	0
0.0001366417678	8.610869504e-11	0	0	0	0	0	0	0	0	0	0
0.0001523021597	9.621248743e-11	0	0	0	0	0	0	0	0	0	0
0.0001625672943	1.093736143e-10	0	0	0	0	0	0	0	0	0	0
0.0001665641034	1.257061067e-10	0	0	0	0	0	0	0	0	0	0
0.0001641749244	1.420590247e-10	0	0	0	0	0	0	0	0	0	0
0.0001560865487	1.545018888e-10	0	0	0	0	0	0	0	0	0	0
0.0001437166835	1.58370626e-10	0	0	0	0	0	0	0	0	0	0
0.0001289600855	1.505649506e-10	0	0	0	0	0	0	0	0	0	0
0.0001137522957	1.276420862e-10	0	0	0	0	0	0	0	0	0	0
9.955821954e-05	9.305270819e-11	0	0	0	0	0	0	0	0	0	0
8.729763386e-05	5.832935072e-11	0	0	0	0	0	0	0	0	0	0
7.840889789e-05	4.59729303e-11	0	0	0	0	0	0	0	0	0	0
7.684066217e-05	4.838769126e-11	0	0	0	0	0	0	0	0	0	0
8.814429325e-05	1.211185931e-10	0	0	0	0	0	0	0	0	0	0
0.0001132935121	3.199560689e-10	0	0	0	0	0	0	0	0	0	0
0.0001476673347	6.424974392e-10	0	0	0	0	0	0	0	0	0	0
0.0001852226171	1.043956492e-09	3.350334361e-15	0	0	0	0	0	0	0	0	0
0.0002204094987	1.476366098e-09	4.778493097e-15	0	0	0	0	0	0	0	0	0
0.0002485807347	1.860976819e-09	6.717729401e-15	0	0	0	0	0	0	0	0	0
0.0002663573426	2.121521206e-09	4.874890315e-15	0	0	0	0	0	0	0	0	0
0.0002719676253	2.229515442e-09	1.037595583e-14	0	0	0	0	0	0	0	0	0
0.0002653263334	2.162067488e-09	1.151888429e-14	0	0	0	0	0	0	0	0	0
0.0002479018835	1.946094047e-09	5.863653801e-15	0	0	0	0	0	0	0	0	0
0.0002223073916	1.636450322e-09	3.566148696e-15	0	0	0	0	0	0	0	0	0
0.0001917662725	1.289499127e-09	4.859202073e-15	0	0	0	0	0	0	0	0	0
0.0001595591098	9.558149046e-10	0	0	0	0	0	0	0	0	0	0
0.0001285753994	6.692424522e-10	0	0	0	0	0	0	0	0	0	0
0.0001010417449	4.456901117e-10	0	0	0	0	0	0	0	0	0	0
7.842389036e-05	2.841702213e-10	0	0	0	0	0	0	0	0	0	0
6.143255703e-05	1.752828099e-10	0	0	0	0	0	0	0	0	0	0
5.000041259e-05	1.056776808e-10	0	0	0	0	0	0	0	0	0	0
4.323824891e-05	6.32268916e-11	0	0	0	0	0	0	0	0	0	0
3.967618889e-05	3.785483855e-11	0	0	0	0	0	0	0	0	0	0
3.789491147e-05	2.34019345e-11	0	0	0	0	0	0	0	0	0	0
3.702915572e-05	1.587149543e-11	0	0	0	0	0	0	0	0	0	0
3.679010954e-05	1.255027681e-11	0	0	0	0	0	0	0	0	0	0
3.721909192e-05	1.149329077e-11	0	0	0	0	0	0	0	0	0	0
3.838078612e-05	1.193376255e-11	0	0	0	0	0	0	0	0	0	0
4.0159982e-05	1.374892662e-11	0	0	0	0	0	0	0	0	0	0
4.22196014e-05	1.707325501e-11	0	0	0	0	0	0	0	0	0	0
4.411141075e-05	2.153959524e-11	0	0	0	0	0	0	0	0	0	0
4.540916569e-05	2.699524703e-11	0	0	0	0	0	0	0	0	0	0
4.581859983e-05	3.296623163e-11	0	0	0	0	0	0	0	0	0	0
4.523253524e-05	3.917689047e-11	0	0	0	0	0	0	0	0	0	0
4.37425335e-05	4.522304897e-11	0	0	0	0	0	0	0	0	0	0
4.162087476e-05	5.091309822e-11	0	0	0	0	0	0	0	0	0	0
3.926713015e-05	5.591494907e-11	0	0	0	0	0	0	0	0	0	0
3.711297673e-05	5.994444945e-11	0	0	0	0	0	0	0	0	0	0
3.550575819e-05	6.287191133e-11	0	0	0	0	0	0	0	0	0	0
3.459370368e-05	6.459670691e-11	0	0	0	0	0	0	0	0	0	0
3.431883208e-05	6.490886738e-11	0	0	0	0	0	0	0	0	0	0
3.450380817e-05	6.394309645e-11	0	0	0	0	0	0	0	0	0	0
3.500547509e-05	6.172287649e-11	0	0	0	0	0	0	0	0	0	0
3.579156278e-05	5.852261304e-11	0	0	0	0	0	0	0	0	0	0
3.695097399e-05	5.448193366e-11	0	0	0	0	0	0	0	0	0	0
3.860111572e-05	5.009961366e-11	0	0	0	0	0	0	0	0	0	0
4.078328175e-05	4.578045452e-11	0	0	0	0	0	0	0	0	0	0
4.339447851e-05	4.181974365e-11	0	0	0	0	0	0	0	0	0	0
4.620191857e-05	3.863636242e-11	0	0	0	0	0	0	0	0	0	0
4.890526354e-05	3.647855622e-11	0	0	0	0	0	0	0	0	0	0
5.122361927e-05	3.550693779e-11	0	0	0	0	0	0	0	0	0	0
5.294512624e-05	3.564808671e-11	0	0	0	0	0	0	0	0	0	0
5.396435053e-05	3.676769065e-11	0	0	0	0	0	0	0	0	0	0
5.428842706e-05	3.855817302e-11	0	0	0	0	0	0	0	0	0	0
5.402233535e-05	4.086913578e-11	0	0	0	0	0	0	0	0	0	0
5.334371865e-05	4.343866421e-11	0	0	0	0	0	0	0	0	0	0
5.246789788e-05	4.63622875e-11	0	0	0	0	0	0	0	0	0	0
5.161173444e-05	4.970107402e-11	0	0	0	0	0	0	0	0	0	0
5.095751319e-05	5.386633043e-11	0	0	0	0	0	0	0	0	0	0
5.064019617e-05	5.941465216e-11	0	0	0	0	0	0	0	0	0	0
5.073773793e-05	6.683918913e-11	0	0	0	0	0	0	0	0	0	0
5.128393508e-05	7.673885185e-11	0	0	0	0	0	0	0	0	0	0
5.227441787e-05	8.947938385e-11	0	0	0	0	0	0	0	0	0	0
5.368435168e-05	1.050207926e-10	0	0	0	0	0	0	0	0	0	0
5.546291792e-05	1.234121009e-10	0	0	0	0	0	0	0	0	0	0
5.753769323e-05	1.443942976e-10	0	0	0	0	0	0	0	0	0	0
5.980990166e-05	1.673965059e-10	0	0	0	0	0	0	0	0	0	0
6.215220716e-05	1.916715892e-10	0	0	0	0	0	0	0	0	0	0
6.441757536e-05	2.162093692e-10	0	0	0	0	0	0	0	0	0	0
6.643822148e-05	2.397032029e-10	0	0	0	0	0	0	0	0	0	0
6.803755742e-05	2.606139368e-10	0	0	0	0	0	0	0	0	0	0
6.903483064e-05	2.772726078e-10	0	0	0	0	0	0	0	0	0	0
6.925752324e-05	2.880850519e-10	0	0	0	0	0	0	0	0	0	0
6.855363524e-05	2.914028103e-10	0	0	0	0	0	0	0	0	0	0
6.680283792e-05	2.860864562e-10	0	0	0	0	0	0	0	0	0	0
6.392753099e-05	2.717963084e-10	0	0	0	0	0	0	0	0	0	0
5.991576945e-05	2.491036829e-10	0	0	0	0	0	0	0	0	0	0
5.482489139e-05	2.193571567e-10	0	0	0	0	0	0	0	0	0	0
4.880042192e-05	1.848796795e-10	0	0	0	0	0	0	0	0	0	0
4.208226585e-05	1.483322766e-10	0	0	0	0	0	0	0	0	0	0
3.502085827e-05	1.127615003e-10	0	0	0	0	0	0	0	0	0	0
2.809551584e-05	8.050580816e-11	0	0	0	0	0	0	0	0	0	0
2.196889884e-05	5.334875707e-11	0	0	0	0	0	0	0	0	0	0
1.754254076e-05	3.219130566e-11	0	0	0	0	0	0	0	0	0	0
1.572410336e-05	1.711645248e-11	0	0	0	0	0	0	0	0	0	0
1.652189474e-05	7.942102813e-12	0	0	0	0	0	0	0	0	0	0
1.889581887e-05	5.171636768e-12	0	0	0	0	0	0	0	0	0	0
2.193773533e-05	6.520949866e-12	0	0	0	0	0	0	0	0	0	0
2.532503226e-05	1.009347647e-11	0	0	0	0	0	0	0	0	0	0
2.903125204e-05	1.79640588e-11	0	0	0	0	0	0	0	0	0	0
3.302538884e-05	3.132408466e-11	0	0	0	0	0	0	0	0	0	0
3.711522429e-05	4.983186921e-11	0	0	0	0	0	0	0	0	0	0
4.093694586e-05	7.17869312e-11	0	0	0	0	0	0	0	0	0	0
4.405164419e-05	9.43680449e-11	0	0	0	0	0	0	0	0	0	0
4.604545048e-05	1.139042444e-10	0	0	0	0	0	0	0	0	0	0
4.662564329e-05	1.26944262e-10	0	0	0	0	0	0	0	0	0	0
4.567707133e-05	1.31198657e-10	0	0	0	0	0	0	0	0	0	0
4.327721584e-05	1.255874321e-10	0	0	0	0	0	0	0	0	0	0
3.968320715e-05	1.11984871e-10	0	0	0	0	0	0	0	0	0	0
3.528163947e-05	9.229303126e-11	0	0	0	0	0	0	0	0	0	0
3.052712477e-05	7.047091406e-11	0	0	0	0	0	0	0	0	0	0
2.586086761e-05	4.959410101e-11	0	0	0	0	0	0	0	0	0	0
2.163032025e-05	3.224777676e-11	0	0	0	0	0	0	0	0	0	0
1.803219044e-05	1.943133701e-11	0	0	0	0	0	0	0	0	0	0
1.510250477e-05	1.144924814e-11	0	0	0	0	0	0	0	0	0	0
1.281552121e-05	7.315910066e-12	0	0	0	0	0	0	0	0	0	0
1.125863776e-05	5.669173317e-12	0	0	0	0	0	0	0	0	0	0
1.076317279e-05	6.523761987e-12	0	0	0	0	0	0	0	0	0	0
1.169113735e-05	1.058303853e-11	0	0	0	0	0	0	0	0	0	0
1.397835368e-05	1.716650731e-11	0	0	0	0	0	0	0	0	0	0
1.718577462e-05	2.568756344e-11	0	0	0	0	0	0	0	0	0	0
2.08414018e-05	3.579527695e-11	0	0	0	0	0	0	0	0	0	0
2.45754555e-05	4.700379511e-11	0	0	0	0	0	0	0	0	0	0
2.81132704e-05	5.870622499e-11	0	0	0	0	0	0	0	0	0	0
3.125123185e-05	7.030396818e-11	0	0	0	0	0	0	0	0	0	0
3.384899504e-05	8.090625928e-11	0	0	0	0	0	0	0	0	0	0
3.582084353e-05	8.955507181e-11	0	0	0	0	0	0	0	0	0	0
3.713530104e-05	9.560091793e-11	0	0	0	0	0	0	0	0	0	0
3.780991904e-05	9.847949869e-11	0	0	0	0	0	0	0	0	0	0
3.790712495e-05	9.787167604e-11	0	0	0	0	0	0	0	0	0	0
3.752977583e-05	9.380549415e-11	0	0	0	0	0	0	0	0	0	0
3.680878445e-05	8.699071585e-11	0	0	0	0	0	0	0	0	0	0
3.588261058e-05	7.770185728e-11	0	0	0	0	0	0	0	0	0	0
3.487595266e-05	6.713692109e-11	0	0	0	0	0	0	0	0	0	0
3.386688396e-05	5.593859213e-11	0	0	0	0	0	0	0	0	0	0
3.287026854e-05	4.498714001e-11	0	0	0	0	0	0	0	0	0	0
3.184175876e-05	3.484651658e-11	0	0	0	0	0	0	0	0	0	0
3.070187306e-05	2.588391608e-11	0	0	0	0	0	0	0	0	0	0
2.938807708e-05	1.828157539e-11	0	0	0	0	0	0	0	0	0	0
2.790723392e-05	1.215126865e-11	0	0	0	0	0	0	0	0	0	0
2.639409218e-05	7.600726764e-12	0	0	0	0	0	0	0	0	0	0
2.516103527e-05	5.025129686e-12	0	0	0	0	0	0	0	0	0	0
2.470390139e-05	4.657374926e-12	0	0	0	0	0	0	0	0	0	0
2.556945655e-05	5.779503313e-12	0	0	0	0	0	0	0	0	0	0
2.807623989e-05	7.660375499e-12	0	0	0	0	0	0	0	0	0	0
3.211706945e-05	1.056048029e-11	0	0	0	0	0	0	0	0	0	0
3.725204083e-05	1.484179969e-11	0	0	0	0	0	0	0	0	0	0
4.291790914e-05	2.084420861e-11	0	0	0	0	0	0	0	0	0	0
4.855278931e-05	2.791649117e-11	0	0	0	0	0	0	0	0	0	0
5.364898481e-05	3.56466545e-11	0	0	0	0	0	0	0	0	0	0
5.777738582e-05	4.317180743e-11	0	0	0	0	0	0	0	0	0	0
6.060808761e-05	4.970703533e-11	0	0	0	0	0	0	0	0	0	0
6.193038204e-05	5.428071039e-11	0	0	0	0	0	0	0	0	0	0
6.166535093e-05	5.674828249e-11	0	0	0	0	0	0	0	0	0	0
5.986116126e-05	5.714228204e-11	0	0	0	0	0	0	0	0	0	0
5.668161259e-05	5.57218431e-11	0	0	0	0	0	0	0	0	0	0
5.238319107e-05	5.25185143e-11	0	0	0	0	0	0	0	0	0	0
4.728171455e-05	4.800739147e-11	0	0	0	0	0	0	0	0	0	0
4.172613459e-05	4.306826906e-11	0	0	0	0	0	0	0	0	0	0
3.606326175e-05	3.742969146e-11	0	0	0	0	0	0	0	0	0	0
3.061745172e-05	3.177831432e-11	0	0	0	0	0	0	0	0	0	0
2.566445336e-05	2.632330592e-11	0	0	0	0	0	0	0	0	0	0
2.141060477e-05	2.100665568e-11	0	0	0	0	0	0	0	0	0	0
1.796385176e-05	1.607065126e-11	0	0	0	0	0	0	0	0	0	0
1.534106019e-05	1.152933174e-11	0	0	0	0	0	0	0	0	0	0
1.351509979e-05	7.747204971e-12	0	0	0	0	0	0	0	0	0	0
1.254892799e-05	4.726653078e-12	0	0	0	0	0	0	0	0	0	0
1.266791896e-05	2.683125367e-12	0	0	0	0	0	0	0	0	0	0
1.41040423e-05	2.487787751e-12	0	0	0	0	0	0	0	0	0	0
1.680455609e-05	4.220208639e-12	0	0	0	0	0	0	0	0	0	0
2.04145368e-05	6.9608843e-12	0	0	0	0	0	0	0	0	0	0
2.445986631e-05	1.029369628e-11	0	0	0	0	0	0	0	0	0	0
2.846899854e-05	1.39101433e-11	0	0	0	0	0	0	0	0	0	0
3.201449123e-05	1.732376855e-11	0	0	0	0	0	0	0	0	0	0
3.474158256e-05	1.995319709e-11	0	0	0	0	0	0	0	0	0	0
3.639783267e-05	2.12890759e-11	0	0	0	0	0	0	0	0	0	0
3.685359343e-05	2.096967696e-11	0	0	0	0	0	0	0	0	0	0
3.612388978e-05	1.903862178e-11	0	0	0	0	0	0	0	0	0	0
3.437788158e-05	1.599717211e-11	0	0	0	0	0	0	0	0	0	0
3.193512644e-05	1.332249321e-11	0	0	0	0	0	0	0	0	0	0
2.924967557e-05	1.394872047e-11	0	0	0	0	0	0	0	0	0	0
2.68577088e-05	1.915231205e-11	0	0	0	0	0	0	0	0	0	0
2.524690082e-05	2.764288344e-11	0	0	0	0	0	0	0	0	0	0
2.465899665e-05	3.811495586e-11	0	0	0	0	0	0	0	0	0	0
2.495574461e-05	4.975787036e-11	0	0	0	0	0	0	0	0	0	0
2.57110917e-05	6.151113363e-11	0	0	0	0	0	0	0	0	0	0
2.6442179e-05	7.205660085e-11	0	0	0	0	0	0	0	0	0	0
2.677684099e-05	7.984707561e-11	0	0	0	0	0	0	0	0	0	0
2.650441833e-05	8.359933957e-11	0	0	0	0	0	0	0	0	0	0
2.556983145e-05	8.255375198e-11	0	0	0	0	0	0	0	0	0	0
2.405952803e-05	7.6771234e-11	0	0	0	0	0	0	0	0	0	0
2.217816113e-05	6.69413265e-11	0	0	0	0	0	0	0	0	0	0
2.024053264e-05	5.436215372e-11	0	0	0	0	0	0	0	0	0	0
1.864990824e-05	4.0716967e-11	0	0	0	0	0	0	0	0	0	0
1.783154574e-05	2.755866903e-11	0	0	0	0	0	0	0	0	0	0
1.810226744e-05	1.614125291e-11	0	0	0	0	0	0	0	0	0	0
1.955413073e-05	7.560494121e-12	0	0	0	0	0	0	0	0	0	0
2.208491681e-05	4.492752624e-12	0	0	0	0	0	0	0	0	0	0
2.552504759e-05	7.30192578e-12	0	0	0	0	0	0	0	0	0	0
2.969619298e-05	1.056774869e-11	0	0	0	0	0	0	0	0	0	0
3.438424343e-05	1.386303955e-11	0	0	0	0	0	0	0	0	0	0
3.930267575e-05	1.770595203e-11	0	0	0	0	0	0	0	0	0	0
4.408718545e-05	2.212756766e-11	0	0	0	0	0	0	0	0	0	0
4.833719333e-05	2.672240683e-11	0	0	0	0	0	0	0	0	0	0
5.166645734e-05	3.099595512e-11	0	0	0	0	0	0	0	0	0	0
5.376530087e-05	3.443506878e-11	0	0	0	0	0	0	0	0	0	0
5.443982994e-05	3.660947795e-11	0	0	0	0	0	0	0	0	0	0
5.363602317e-05	3.721721306e-11	0	0	0	0	0	0	0	0	0	0
5.144611346e-05	3.628916778e-11	0	0	0	0	0	0	0	0	0	0
4.810736349e-05	3.371059115e-11	0	0	0	0	0	0	0	0	0	0
4.403102059e-05	2.973945387e-11	0	0	0	0	0	0	0	0	0	0
3.988130274e-05	2.496472507e-11	0	0	0	0	0	0	0	0	0	0
3.673777681e-05	2.160197197e-11	0	0	0	0	0	0	0	0	0	0
3.6119967e-05	2.690214404e-11	0	0	0	0	0	0	0	0	0	0
3.939598867e-05	4.833067832e-11	0	0	0	0	0	0	0	0	0	0
4.682775772e-05	8.83889881e-11	0	0	0	0	0	0	0	0	0	0
5.764886309e-05	1.509137394e-10	0	0	0	0	0	0	0	0	0	0
7.086084807e-05	2.401204021e-10	0	0	0	0	0	0	0	0	0	0
8.560704125e-05	3.587995746e-10	0	0	0	0	0	0	0	0	0	0
0.0001011604178	5.075803294e-10	0	0	0	0	0	0	0	0	0	0
0.0001168729261	6.831232092e-10	0	0	0	0	0	0	0	0	0	0
0.0001321299865	8.789022708e-10	0	0	0	0	0	0	0	0	0	0
0.0001463402312	1.084097766e-09	1.380952374e-14	0	0	0	0	0	0	0	0	0
0.0001589431934	1.285957395e-09	8.264733776e-15	0	0	0	0	0	0	0	0	0
0.0001694042211	1.467778384e-09	3.583668224e-15	0	0	0	0	0	0	0	0	0
0.0001772194704	1.612736689e-09	7.564348023e-15	0	0	0	0	0	0	0	0	0
0.0001819147098	1.704577665e-09	3.71028216e-15	0	0	0	0	0	0	0	0	0
0.0001830480004	1.729482532e-09	1.092580992e-14	0	0	0	0	0	0	0	0	0
0.0001802294705	1.678061322e-09	6.992505586e-15	0	0	0	0	0	0	0	0	0
0.0001731607476	1.551508557e-09	4.438910086e-15	0	0	0	0	0	0	0	0	0
0.0001617086152	1.356577248e-09	9.427828399e-15	0	0	0	0	0	0	0	0	0
0.0001460096908	1.114070791e-09	6.773301565e-15	0	0	0	0	0	0	0	0	0
0.0001266310561	8.496670108e-10	0	0	0	0	0	0	0	0	0	0
0.0001048008651	5.940195369e-10	0	0	0	0	0	0	0	0	0	0
8.281936876e-05	3.736430797e-10	0	0	0	0	0	0	0	0	0	0
6.48088748e-05	2.062374856e-10	0	0	0	0	0	0	0	0	0	0
5.677983463e-05	9.775372207e-11	0	0	0	0	0	0	0	0	0	0
6.134425209e-05	5.168167141e-11	0	0	0	0	0	0	0	0	0	0
7.315178856e-05	6.010152481e-11	0	0	0	0	0	0	0	0	0	0
8.621821676e-05	8.072777433e-11	0	0	0	0	0	0	0	0	0	0
9.797322548e-05	1.003181034e-10	0	0	0	0	0	0	0	0	0	0
0.0001081248644	1.176762697e-10	0	0	0	0	0	0	0	0	0	0
0.0001171626701	1.317833881e-10	0	0	0	0	0	0	0	0	0	0
0.0001253165782	1.450898195e-10	0	0	0	0	0	0	0	0	0	0
0.0001321443157	1.608773128e-10	0	0	0	0	0	0	0	0	0	0
0.0001367794071	1.795786771e-10	0	0	0	0	0	0	0	0	0	0
0.0001385203935	1.970832239e-10	0	0	0	0	0	0	0	0	0	0
0.0001372377699	2.102084981e-10	0	0	0	0	0	0	0	0	0	0
0.0001333833627	2.184693286e-10	0	0	0	0	0	0	0	0	0	0
0.0001277212815	2.231789906e-10	0	0	0	0	0	0	0	0	0	0
0.0001210235617	2.263150609e-10	0	0	0	0	0	0	0	0	0	0
0.0001139742621	2.270381635e-10	0	0	0	0	0	0	0	0	0	0
0.0001072843161	2.221112002e-10	0	0	0	0	0	0	0	0	0	0
0.0001017998272	2.068688907e-10	0	0	0	0	0	0	0	0	0	0
9.838778791e-05	1.774975374e-10	0	0	0	0	0	0	0	0	0	0
9.758404711e-05	1.335817857e-10	0	0	0	0	0	0	0	0	0	0
9.929926949e-05	8.30251811e-11	0	0	0	0	0	0	0	0	0	0
0.0001029449769	4.850942032e-11	0	0	0	0	0	0	0	0	0	0
0.0001077749838	5.505656033e-11	0	0	0	0	0	0	0	0	0	0
0.000113219382	6.261978787e-11	0	0	0	0	0	0	0	0	0	0
0.0001189238048	6.158194986e-11	0	0	0	0	0	0	0	0	0	0
0.0001245728672	1.024873492e-10	0	0	0	0	0	0	0	0	0	0
0.0001297268705	1.869632358e-10	0	0	0	0	0	0	0	0	0	0
0.0001337589758	2.757465708e-10	0	0	0	0	0	0	0	0	0	0
0.0001359498604	3.356498624e-10	0	0	0	0	0	0	0	0	0	0
0.0001356770879	3.487373245e-10	0	0	0	0	0	0	0	0	0	0
0.00013258388	3.050480388e-10	0	0	0	0	0	0	0	0	0	0
0.0001266780573	2.237496136e-10	0	0	0	0	0	0	0	0	0	0
0.0001183502463	1.252400733e-10	0	0	0	0	0	0	0	0	0	0
0.0001083369474	5.71943112e-11	0	0	0	0	0	0	0	0	0	0
9.775819898e-05	4.913645057e-11	0	0	0	0	0	0	0	0	0	0
8.830751527e-05	6.87788934e-11	0	0	0	0	0	0	0	0	0	0
8.240546774e-05	1.71653691e-10	0	0	0	0	0	0	0	0	0	0
8.257761132e-05	3.432646156e-10	0	0	0	0	0	0	0	0	0	0
8.970855099e-05	5.486107207e-10	0	0	0	0	0	0	0	0	0	0
0.0001019993263	7.466878229e-10	0	0	0	0	0	0	0	0	0	0
0.0001162412154	8.915531441e-10	0	0	0	0	0	0	0	0	0	0
0.0001293948398	9.881413593e-10	0	0	0	0	0	0	0	0	0	0
0.0001392893848	1.008819537e-09	4.356231741e-15	0	0	0	0	0	0	0	0	0
0.000144865301	9.892206708e-10	0	0	0	0	0	0	0	0	0	0
0.0001462679248	9.233116203e-10	0	0	0	0	0	0	0	0	0	0
0.0001448154526	8.469524613e-10	0	0	0	0	0	0	0	0	0	0
0.0001426296626	8.107123856e-10	0	0	0	0	0	0	0	0	0	0
0.0001418405423	7.838886966e-10	0	0	0	0	0	0	0	0	0	0
0.0001435577117	7.927258976e-10	0	0	0	0	0	0	0	0	0	0
0.0001472472975	8.391651609e-10	0	0	0	0	0	0	0	0	0	0
0.0001510442583	9.364625214e-10	0	0	0	0	0	0	0	0	0	0
0.0001527484302	1.091334677e-09	2.225249611e-15	0	0	0	0	0	0	0	0	0
0.0001506069185	1.299535938e-09	4.076166807e-15	0	0	0	0	0	0	0	0	0
0.0001438421219	1.553655293e-09	5.326002293e-15	0	0	0	0	0	0	0	0	0
0.0001328879061	1.813948088e-09	6.849356177e-15	0	0	0	0	0	0	0	0	0
0.0001194567655	2.05414769e-09	7.712708451e-15	0	0	0	0	0	0	0	0	0
0.0001065335794	2.236356112e-09	5.531242858e-15	0	0	0	0	0	0	0	0	0
9.754672846e-05	2.332150414e-09	9.241567831e-15	0	0	0	0	0	0	0	0	0
9.469276432e-05	2.374590047e-09	8.5541384e-15	0	0	0	0	0	0	0	0	0
9.721930226e-05	2.293580582e-09	3.463664199e-15	0	0	0	0	0	0	0	0	0
0.0001025538486	2.18738518e-09	8.52629191e-15	0	0	0	0	0	0	0	0	0
0.000108748502	2.021902144e-09	9.329358667e-15	0	0	0	0	0	0	0	0	0
0.0001155035093	1.79923869e-09	3.166913453e-15	0	0	0	0	0	0	0	0	0
0.0001233107168	1.523433458e-09	5.177016978e-15	0	0	0	0	0	0	0	0	0
0.0001319791563	1.242076076e-09	4.80581398e-15	0	0	0	0	0	0	0	0	0
0.0001398444525	9.5695493e-10	0	0	0	0	0	0	0	0	0	0
0.0001442532297	6.599676169e-10	0	0	0	0	0	0	0	0	0	0
0.0001427064914	3.884911977e-10	0	0	0	0	0	0	0	0	0	0
0.0001339162855	1.818766946e-10	0	0	0	0	0	0	0	0	0	0
0.0001184667672	8.619053654e-11	0	0	0	0	0	0	0	0	0	0
9.908801925e-05	6.664728416e-11	0	0	0	0	0	0	0	0	0	0
8.032099724e-05	7.429619591e-11	0	0	0	0	0	0	0	0	0	0
6.705429309e-05	1.549520612e-10	0	0	0	0	0	0	0	0	0	0
6.13557044e-05	2.349527755e-10	0	0	0	0	0	0	0	0	0	0
6.185273738e-05	2.695449954e-10	0	0	0	0	0	0	0	0	0	0
6.914207171e-05	2.600400227e-10	0	0	0	0	0	0	0	0	0	0
8.687132819e-05	2.478598396e-10	0	0	0	0	0	0	0	0	0	0
0.0001149016553	3.036224975e-10	0	0	0	0	0	0	0	0	0	0
0.0001473482597	3.926034382e-10	0	0	0	0	0	0	0	0	0	0
0.0001766191779	4.686713926e-10	0	0	0	0	0	0	0	0	0	0
0.0001961950378	5.104555235e-10	0	0	0	0	0	0	0	0	0	0
0.0002023412018	5.049330622e-10	0	0	0	0	0	0	0	0	0	0
0.000195013917	4.627827331e-10	0	0	0	0	0	0	0	0	0	0
0.0001777511002	3.871415275e-10	0	0	0	0	0	0	0	0	0	0
0.000156341889	3.003816096e-10	0	0	0	0	0	0	0	0	0	0
0.0001360840937	2.238628412e-10	0	0	0	0	0	0	0	0	0	0
0.0001187231788	1.733689736e-10	0	0	0	0	0	0	0	0	0	0
0.0001022144324	1.469697525e-10	0	0	0	0	0	0	0	0	0	0
8.498768055e-05	1.214254599e-10	0	0	0	0	0	0	0	0	0	0
7.252117383e-05	1.037999497e-10	0	0	0	0	0	0	0	0	0	0
7.920295786e-05	1.225356097e-10	0	0	0	0	0	0	0	0	0	0
0.0001084290343	1.563636034e-10	0	0	0	0	0	0	0	0	0	0
0.0001480086482	1.732165955e-10	0	0	0	0	0	0	0	0	0	0
0.0001876744848	1.792532719e-10	0	0	0	0	0	0	0	0	0	0
0.0002210726057	1.960909397e-10	0	0	0	0	0	0	0	0	0	0
0.0002442060979	2.265369467e-10	0	0	0	0	0	0	0	0	0	0
0.0002548644389	2.703949442e-10	0	0	0	0	0	0	0	0	0	0
0.0002524773887	3.15107068e-10	0	0	0	0	0	0	0	0	0	0
0.0002380652459	3.455711396e-10	0	0	0	0	0	0	0	0	0	0
0.0002140961624	3.653147428e-10	0	0	0	0	0	0	0	0	0	0
0.0001842424212	3.750304898e-10	0	0	0	0	0	0	0	0	0	0
0.0001528892963	3.758821517e-10	0	0	0	0	0	0	0	0	0	0
0.0001243028897	3.910405168e-10	0	0	0	0	0	0	0	0	0	0
0.0001012800514	4.031910691e-10	0	0	0	0	0	0	0	0	0	0
8.383125037e-05	4.26605648e-10	0	0	0	0	0	0	0	0	0	0
6.995820571e-05	4.577720045e-10	0	0	0	0	0	0	0	0	0	0
6.004699701e-05	5.18939978e-10	0	0	0	0	0	0	0	0	0	0
6.205077602e-05	6.368465511e-10	0	0	0	0	0	0	0	0	0	0
8.384476004e-05	8.342595452e-10	0	0	0	0	0	0	0	0	0	0
0.0001208763778	1.104601697e-09	2.523953612e-15	0	0	0	0	0	0	0	0	0
0.0001654357421	1.445945913e-09	7.073608826e-15	0	0	0	0	0	0	0	0	0
0.0002117491503	1.840821376e-09	3.31004148e-15	0	0	0	0	0	0	0	0	0
0.0002555125111	2.265835679e-09	5.699402604e-15	0	0	0	0	0	0	0	0	0
0.0002932663959	2.676538496e-09	4.2317943e-15	0	0	0	0	0	0	0	0	0
0.0003225503407	3.017829921e-09	9.737558851e-15	0	0	0	0	0	0	0	0	0
0.0003417907968	3.268354562e-09	1.108927021e-14	0	0	0	0	0	0	0	0	0
0.000350342039	3.377887249e-09	1.269463181e-14	0	0	0	0	0	0	0	0	0
0.0003483922538	3.365676449e-09	6.285034856e-15	0	0	0	0	0	0	0	0	0
0.0003367937302	3.221724922e-09	5.142952504e-15	0	0	0	0	0	0	0	0	0
0.000316934917	2.94766128e-09	4.271699319e-15	0	0	0	0	0	0	0	0	0
0.0002905764294	2.59803605e-09	6.58032792e-15	0	0	0	0	0	0	0	0	0
0.0002596741911	2.190042244e-09	6.385713359e-15	0	0	0	0	0	0	0	0	0
0.0002262528638	1.75768075e-09	2.981098615e-15	0	0	0	0	0	0	0	0	0
0.0001922487628	1.341517924e-09	1.033435866e-14	0	0	0	0	0	0	0	0	0
0.0001593781547	9.628997461e-10	0	0	0	0	0	0	0	0	0	0
0.000129054006	6.439952933e-10	0	0	0	0	0	0	0	0	0	0
0.0001024593389	3.928825089e-10	0	0	0	0	0	0	0	0	0	0
8.085583147e-05	2.114682473e-10	0	0	0	0	0	0	0	0	0	0
6.610749216e-05	9.432143207e-11	0	0	0	0	0	0	0	0	0	0
6.042960646e-05	3.407771977e-11	0	0	0	0	0	0	0	0	0	0
6.385141599e-05	2.198746947e-11	0	0	0	0	0	0	0	0	0	0
7.292448452e-05	2.521036686e-11	0	0	0	0	0	0	0	0	0	0
8.358114625e-05	3.220908369e-11	0	0	0	0	0	0	0	0	0	0
9.2992974e-05	4.285917611e-11	0	0	0	0	0	0	0	0	0	0
9.951298638e-05	5.064400245e-11	0	0	0	0	0	0	0	0	0	0
0.0001023454563	5.234397609e-11	0	0	0	0	0	0	0	0	0	0
0.0001013548755	4.94380155e-11	0	0	0	0	0	0	0	0	0	0
9.692583876e-05	4.594806159e-11	0	0	0	0	0	0	0	0	0	0
8.981393271e-05	4.420963585e-11	0	0	0	0	0	0	0	0	0	0
8.097780432e-05	4.168886032e-11	0	0	0	0	0	0	0	0	0	0
7.137869964e-05	3.582451455e-11	0	0	0	0	0	0	0	0	0	0
6.179953157e-05	2.766054866e-11	0	0	0	0	0	0	0	0	0	0
5.277972919e-05	2.430923753e-11	0	0	0	0	0	0	0	0	0	0
4.474896944e-05	2.917979565e-11	0	0	0	0	0	0	0	0	0	0
3.830504603e-05	3.515828992e-11	0	0	0	0	0	0	0	0	0	0
3.468274463e-05	3.709492194e-11	0	0	0	0	0	0	0	0	0	0
3.514577243e-05	3.449191546e-11	0	0	0	0	0	0	0	0	0	0
3.959916422e-05	2.926120012e-11	0	0	0	0	0	0	0	0	0	0
4.641510373e-05	2.380080534e-11	0	0	0	0	0	0	0	0	0	0
5.385228197e-05	2.021444298e-11	0	0	0	0	0	0	0	0	0	0
6.083482089e-05	1.949709798e-11	0	0	0	0	0	0	0	0	0	0
6.698551791e-05	2.160900485e-11	0	0	0	0	0	0	0	0	0	0
7.236980939e-05	2.571978199e-11	0	0	0	0	0	0	0	0	0	0
7.713281554e-05	3.121239577e-11	0	0	0	0	0	0	0	0	0	0
8.116873895e-05	3.736457702e-11	0	0	0	0	0	0	0	0	0	0
8.402868789e-05	4.300601307e-11	0	0	0	0	0	0	0	0	0	0
8.510456108e-05	4.732641017e-11	0	0	0	0	0	0	0	0	0	0
8.392964628e-05	4.965721322e-11	0	0	0	0	0	0	0	0	0	0
8.038859945e-05	5.003554331e-11	0	0	0	0	0	0	0	0	0	0
7.473453685e-05	4.827901785e-11	0	0	0	0	0	0	0	0	0	0
6.744363244e-05	4.422474372e-11	0	0	0	0	0	0	0	0	0	0
5.904951721e-05	3.795968256e-11	0	0	0	0	0	0	0	0	0	0
5.018755329e-05	2.966202753e-11	0	0	0	0	0	0	0	0	0	0
4.194304126e-05	1.977719442e-11	0	0	0	0	0	0	0	0	0	0
3.658279069e-05	1.647629814e-11	0	0	0	0	0	0	0	0	0	0
3.731018263e-05	3.944002751e-11	0	0	0	0	0	0	0	0	0	0
4.496672367e-05	8.38396994e-11	0	0	0	0	0	0	0	0	0	0
5.697540036e-05	1.480270995e-10	0	0	0	0	0	0	0	0	0	0
7.048647554e-05	2.293357516e-10	0	0	0	0	0	0	0	0	0	0
8.358922384e-05	3.20721989e-10	0	0	0	0	0	0	0	0	0	0
9.505188769e-05	4.115170385e-10	0	0	0	0	0	0	0	0	0	0
0.0001040804514	4.896371337e-10	0	0	0	0	0	0	0	0	0	0
0.0001102069641	5.449670647e-10	0	0	0	0	0	0	0	0	0	0
0.0001132213103	5.704064622e-10	0	0	0	0	0	0	0	0	0	0
0.0001131330241	5.64603193e-10	0	0	0	0	0	0	0	0	0	0
0.0001101208832	5.298466221e-10	0	0	0	0	0	0	0	0	0	0
0.0001045116864	4.722041301e-10	0	0	0	0	0	0	0	0	0	0
9.674297802e-05	4.004122755e-10	0	0	0	0	0	0	0	0	0	0
8.73410244e-05	3.229595707e-10	0	0	0	0	0	0	0	0	0	0
7.690364825e-05	2.476883556e-10	0	0	0	0	0	0	0	0	0	0
6.60801426e-05	1.801460933e-10	0	0	0	0	0	0	0	0	0	0
5.557415904e-05	1.237795327e-10	0	0	0	0	0	0	0	0	0	0
4.616030261e-05	7.963686907e-11	0	0	0	0	0	0	0	0	0	0
3.871205607e-05	4.728452797e-11	0	0	0	0	0	0	0	0	0	0
3.413579628e-05	2.502875555e-11	0	0	0	0	0	0	0	0	0	0
3.296686489e-05	1.153195292e-11	0	0	0	0	0	0	0	0	0	0
3.486490675e-05	8.411060752e-12	0	0	0	0	0	0	0	0	0	0
3.880107135e-05	1.251448646e-11	0	0	0	0	0	0	0	0	0	0
4.373109218e-05	1.746301097e-11	0	0	0	0	0	0	0	0	0	0
4.887644296e-05	2.235478761e-11	0	0	0	0	0	0	0	0	0	0
5.367566065e-05	2.705544531e-11	0	0	0	0	0	0	0	0	0	0
5.770039611e-05	3.11951099e-11	0	0	0	0	0	0	0	0	0	0
6.061858138e-05	3.436114014e-11	0	0	0	0	0	0	0	0	0	0
6.219714798e-05	3.633393689e-11	0	0	0	0	0	0	0	0	0	0
6.231550532e-05	3.681624935e-11	0	0	0	0	0	0	0	0	0	0
6.097008886e-05	3.591385689e-11	0	0	0	0	0	0	0	0	0	0
5.826186855e-05	3.397156009e-11	0	0	0	0	0	0	0	0	0	0
5.438694834e-05	3.128074382e-11	0	0	0	0	0	0	0	0	0	0
4.960329008e-05	2.847147413e-11	0	0	0	0	0	0	0	0	0	0
4.423229572e-05	2.590617957e-11	0	0	0	0	0	0	0	0	0	0
3.866504964e-05	2.342940318e-11	0	0	0	0	0	0	0	0	0	0
3.341858914e-05	2.033864854e-11	0	0	0	0	0	0	0	0	0	0
2.921273601e-05	1.636274811e-11	0	0	0	0	0	0	0	0	0	0
2.695468771e-05	1.331819694e-11	0	0	0	0	0	0	0	0	0	0
2.735285685e-05	1.771536052e-11	0	0	0	0	0	0	0	0	0	0
3.032199105e-05	3.189965067e-11	0	0	0	0	0	0	0	0	0	0
3.507319559e-05	5.415511241e-11	0	0	0	0	0	0	0	0	0	0
