6.286218611e-08	9.951307979e-13	0	0	0	0	0	0	0	0	0	0
9.402611936e-08	4.468611557e-13	0	0	0	0	0	0	0	0	0	0
5.325443522e-07	3.248034088e-13	0	0	0	0	0	0	0	0	0	0
2.533176847e-06	1.2000501e-12	0	0	0	0	0	0	0	0	0	0
1.19331407e-05	5.325865274e-12	0	0	0	0	0	0	0	0	0	0
5.272233046e-05	2.550824244e-11	0	0	0	0	0	0	0	0	0	0
0.0002226388365	3.651347375e-10	0	0	0	0	0	0	0	0	0	0
0.0005892271035	5.7978963e-09	3.023028112e-15	0	0	0	0	0	0	0	0	0
0.0004134920391	3.449855382e-09	5.656682774e-15	0	0	0	0	0	0	0	0	0
0.0003855033561	2.983921268e-09	3.999803845e-15	0	0	0	0	0	0	0	0	0
0.0003494733526	2.436435379e-09	4.068509951e-15	0	0	0	0	0	0	0	0	0
0.0003088548891	1.879539144e-09	4.153989109e-15	0	0	0	0	0	0	0	0	0
0.0002671541422	1.391678054e-09	2.147184187e-15	0	0	0	0	0	0	0	0	0
0.0002275050002	1.020838819e-09	3.315797072e-15	0	0	0	0	0	0	0	0	0
0.0001923233903	7.777735208e-10	0	0	0	0	0	0	0	0	0	0
0.0001629537983	6.474508533e-10	0	0	0	0	0	0	0	0	0	0
0.0001395968758	5.845849824e-10	0	0	0	0	0	0	0	0	0	0
0.0001214393946	5.489039304e-10	0	0	0	0	0	0	0	0	0	0
0.0001070872413	5.173955373e-10	0	0	0	0	0	0	0	0	0	0
9.507944508e-05	4.78585378e-10	0	0	0	0	0	0	0	0	0	0
8.421711392e-05	4.290119001e-10	0	0	0	0	0	0	0	0	0	0
7.365542708e-05	3.684377227e-10	0	0	0	0	0	0	0	0	0	0
6.294161056e-05	3.000517128e-10	0	0	0	0	0	0	0	0	0	0
5.199116511e-05	2.290345449e-10	0	0	0	0	0	0	0	0	0	0
4.125685418e-05	1.622355552e-10	0	0	0	0	0	0	0	0	0	0
3.215601552e-05	1.061280567e-10	0	0	0	0	0	0	0	0	0	0
2.76422384e-05	6.540205614e-11	0	0	0	0	0	0	0	0	0	0
3.026078655e-05	4.378841583e-11	0	0	0	0	0	0	0	0	0	0
3.83293453e-05	4.14575514e-11	0	0	0	0	0	0	0	0	0	0
4.918685745e-05	5.232722253e-11	0	0	0	0	0	0	0	0	0	0
6.238615629e-05	7.551529831e-11	0	0	0	0	0	0	0	0	0	0
7.93019729e-05	1.181463691e-10	0	0	0	0	0	0	0	0	0	0
0.0001018832631	1.939091598e-10	0	0	0	0	0	0	0	0	0	0
0.0001313964357	3.281443324e-10	0	0	0	0	0	0	0	0	0	0
0.0001676721656	5.531783606e-10	0	0	0	0	0	0	0	0	0	0
0.0002092000538	8.95789268e-10	0	0	0	0	0	0	0	0	0	0
0.0002535049062	1.366292484e-09	6.523787986e-15	0	0	0	0	0	0	0	0	0
0.0002976420291	1.944922179e-09	1.134244331e-14	0	0	0	0	0	0	0	0	0
0.0003385718984	2.583213087e-09	8.095301419e-15	0	0	0	0	0	0	0	0	0
0.0003735432793	3.21957937e-09	1.107351051e-14	0	0	0	0	0	0	0	0	0
0.0004003593146	3.76583441e-09	1.164837826e-14	0	0	0	0	0	0	0	0	0
0.0004175695931	4.174115558e-09	1.306799721e-14	0	0	0	0	0	0	0	0	0
0.0004245607975	4.37016829e-09	1.3260826e-14	0	0	0	0	0	0	0	0	0
0.0004215365669	4.352684116e-09	1.31855945e-14	0	0	0	0	0	0	0	0	0
0.00040940738	4.126639372e-09	1.209126732e-14	0	0	0	0	0	0	0	0	0
0.0003896428499	3.739572218e-09	1.118319588e-14	0	0	0	0	0	0	0	0	0
0.000364057354	3.241516474e-09	1.00014648e-14	0	0	0	0	0	0	0	0	0
0.0003346216272	2.714792213e-09	9.565390459e-15	0	0	0	0	0	0	0	0	0
0.0003032590469	2.199544459e-09	6.36894744e-15	0	0	0	0	0	0	0	0	0
0.000271700214	1.751028149e-09	5.934576732e-15	0	0	0	0	0	0	0	0	0
0.0002413554609	1.387284622e-09	5.998594535e-15	0	0	0	0	0	0	0	0	0
0.0002132342027	1.11117349e-09	8.549295474e-15	0	0	0	0	0	0	0	0	0
0.0001878984167	9.148949999e-10	0	0	0	0	0	0	0	0	0	0
0.0001654858581	7.708530453e-10	0	0	0	0	0	0	0	0	0	0
0.0001457521659	6.564943127e-10	0	0	0	0	0	0	0	0	0	0
0.0001281934272	5.549743316e-10	0	0	0	0	0	0	0	0	0	0
0.0001121755115	4.583646355e-10	0	0	0	0	0	0	0	0	0	0
9.70877419e-05	3.648171257e-10	0	0	0	0	0	0	0	0	0	0
8.245553736e-05	2.761637886e-10	0	0	0	0	0	0	0	0	0	0
6.80399925e-05	1.964321351e-10	0	0	0	0	0	0	0	0	0	0
5.392192772e-05	1.301285269e-10	0	0	0	0	0	0	0	0	0	0
4.066952927e-05	8.187771517e-11	0	0	0	0	0	0	0	0	0	0
2.986226471e-05	5.710146459e-11	0	0	0	0	0	0	0	0	0	0
2.4874796e-05	5.891512864e-11	0	0	0	0	0	0	0	0	0	0
2.830018496e-05	7.910622809e-11	0	0	0	0	0	0	0	0	0	0
3.725751391e-05	1.092756372e-10	0	0	0	0	0	0	0	0	0	0
4.866885736e-05	1.457582035e-10	0	0	0	0	0	0	0	0	0	0
6.198762791e-05	1.873938856e-10	0	0	0	0	0	0	0	0	0	0
7.814523155e-05	2.348310331e-10	0	0	0	0	0	0	0	0	0	0
9.856097619e-05	2.921143205e-10	0	0	0	0	0	0	0	0	0	0
0.0001243214763	3.724588e-10	0	0	0	0	0	0	0	0	0	0
0.0001556931259	5.040563945e-10	0	0	0	0	0	0	0	0	0	0
0.0001920600986	7.252351513e-10	0	0	0	0	0	0	0	0	0	0
0.0002320396273	1.063817421e-09	1.841179885e-15	0	0	0	0	0	0	0	0	0
0.0002737028284	1.524086197e-09	6.002541309e-15	0	0	0	0	0	0	0	0	0
0.0003148054488	2.083663693e-09	3.959656544e-15	0	0	0	0	0	0	0	0	0
0.0003529627786	2.694686214e-09	5.673379027e-15	0	0	0	0	0	0	0	0	0
0.0003858716097	3.294843523e-09	4.623801538e-15	0	0	0	0	0	0	0	0	0
0.000411474576	3.797388046e-09	3.665931864e-15	0	0	0	0	0	0	0	0	0
0.0004281518188	4.153692714e-09	2.637551217e-15	0	0	0	0	0	0	0	0	0
0.0004348381208	4.289078872e-09	3.937703394e-15	0	0	0	0	0	0	0	0	0
0.0004311627226	4.204839555e-09	5.701950639e-15	0	0	0	0	0	0	0	0	0
0.0004175001056	3.89752104e-09	6.499839713e-15	0	0	0	0	0	0	0	0	0
0.0003949814984	3.428945717e-09	4.351882085e-15	0	0	0	0	0	0	0	0	0
0.0003654257431	2.865676696e-09	4.423263403e-15	0	0	0	0	0	0	0	0	0
0.0003311907532	2.280160425e-09	6.131117965e-15	0	0	0	0	0	0	0	0	0
0.0002949363128	1.748626201e-09	2.809573662e-15	0	0	0	0	0	0	0	0	0
0.0002593006067	1.326472124e-09	4.799734491e-15	0	0	0	0	0	0	0	0	0
0.0002265021581	1.038333492e-09	2.873296755e-15	0	0	0	0	0	0	0	0	0
0.0001979807819	8.729100612e-10	0	0	0	0	0	0	0	0	0	0
0.0001741668658	7.90282376e-10	0	0	0	0	0	0	0	0	0	0
0.0001545322738	7.429857707e-10	0	0	0	0	0	0	0	0	0	0
0.0001380030492	7.048221947e-10	0	0	0	0	0	0	0	0	0	0
0.000123415066	6.609291084e-10	0	0	0	0	0	0	0	0	0	0
0.0001098959476	6.045807632e-10	0	0	0	0	0	0	0	0	0	0
9.691483118e-05	5.344397343e-10	0	0	0	0	0	0	0	0	0	0
8.420468957e-05	4.523670112e-10	0	0	0	0	0	0	0	0	0	0
7.165026951e-05	3.627449765e-10	0	0	0	0	0	0	0	0	0	0
5.937060612e-05	2.730817946e-10	0	0	0	0	0	0	0	0	0	0
4.788296992e-05	1.920988639e-10	0	0	0	0	0	0	0	0	0	0
3.855904164e-05	1.275570603e-10	0	0	0	0	0	0	0	0	0	0
3.368042375e-05	8.437706751e-11	0	0	0	0	0	0	0	0	0	0
3.472344074e-05	6.28399619e-11	0	0	0	0	0	0	0	0	0	0
4.021689185e-05	5.800200526e-11	0	0	0	0	0	0	0	0	0	0
4.830412402e-05	6.420531547e-11	0	0	0	0	0	0	0	0	0	0
5.969584315e-05	8.389829104e-11	0	0	0	0	0	0	0	0	0	0
7.740916446e-05	1.306703081e-10	0	0	0	0	0	0	0	0	0	0
0.0001043789143	2.314356207e-10	0	0	0	0	0	0	0	0	0	0
0.0001413433854	4.254669264e-10	0	0	0	0	0	0	0	0	0	0
0.0001867540957	7.49308225e-10	0	0	0	0	0	0	0	0	0	0
0.0002375333121	1.22487881e-09	4.368340307e-15	0	0	0	0	0	0	0	0	0
0.0002897517006	1.834987142e-09	6.269485318e-15	0	0	0	0	0	0	0	0	0
0.0003391861243	2.527430025e-09	8.28740415e-15	0	0	0	0	0	0	0	0	0
0.0003818135604	3.220079274e-09	1.060966724e-14	0	0	0	0	0	0	0	0	0
0.0004142956901	3.8155299e-09	1.23449859e-14	0	0	0	0	0	0	0	0	0
0.0004343989762	4.206846494e-09	1.490716159e-14	0	0	0	0	0	0	0	0	0
0.0004411542219	4.362623162e-09	1.438707652e-14	0	0	0	0	0	0	0	0	0
0.0004349837868	4.246311194e-09	1.310069739e-14	0	0	0	0	0	0	0	0	0
0.0004175558048	3.89768621e-09	1.285510329e-14	0	0	0	0	0	0	0	0	0
0.0003915267642	3.384400081e-09	1.100110306e-14	0	0	0	0	0	0	0	0	0
0.0003601615324	2.794128709e-09	9.95643653e-15	0	0	0	0	0	0	0	0	0
0.0003268796925	2.208412134e-09	6.391164927e-15	0	0	0	0	0	0	0	0	0
0.000294785283	1.702001894e-09	4.483175826e-15	0	0	0	0	0	0	0	0	0
0.0002662343701	1.322081178e-09	7.937805513e-15	0	0	0	0	0	0	0	0	0
0.0002425074473	1.090172562e-09	2.583426908e-15	0	0	0	0	0	0	0	0	0
0.0002237478876	9.949286377e-10	0	0	0	0	0	0	0	0	0	0
0.0002091925522	9.87467545e-10	0	0	0	0	0	0	0	0	0	0
0.0001976136241	1.026228465e-09	4.841820281e-15	0	0	0	0	0	0	0	0	0
0.0001877533492	1.074516619e-09	1.400016179e-15	0	0	0	0	0	0	0	0	0
0.0001785656029	1.110023272e-09	6.900755185e-15	0	0	0	0	0	0	0	0	0
0.0001692272621	1.115499725e-09	4.161655883e-15	0	0	0	0	0	0	0	0	0
0.0001590929336	1.078706757e-09	2.834920727e-15	0	0	0	0	0	0	0	0	0
0.0001475793652	9.925038427e-10	0	0	0	0	0	0	0	0	0	0
0.0001341378719	8.5832533e-10	0	0	0	0	0	0	0	0	0	0
0.0001183576765	6.869394339e-10	0	0	0	0	0	0	0	0	0	0
0.0001000549507	4.990797887e-10	0	0	0	0	0	0	0	0	0	0
7.953357909e-05	3.208503907e-10	0	0	0	0	0	0	0	0	0	0
5.773159302e-05	1.768476844e-10	0	0	0	0	0	0	0	0	0	0
3.654175618e-05	8.256438026e-11	0	0	0	0	0	0	0	0	0	0
2.004056841e-05	3.946340545e-11	0	0	0	0	0	0	0	0	0	0
1.785856375e-05	3.087407655e-11	0	0	0	0	0	0	0	0	0	0
2.753546601e-05	3.32580322e-11	0	0	0	0	0	0	0	0	0	0
4.07029265e-05	3.895836403e-11	0	0	0	0	0	0	0	0	0	0
6.037293415e-05	5.189118674e-11	0	0	0	0	0	0	0	0	0	0
9.062493111e-05	9.897744804e-11	0	0	0	0	0	0	0	0	0	0
0.0001318190874	2.352811924e-10	0	0	0	0	0	0	0	0	0	0
0.00018126293	5.031303997e-10	0	0	0	0	0	0	0	0	0	0
0.000234786169	9.193500497e-10	0	0	0	0	0	0	0	0	0	0
0.0002877609456	1.46747805e-09	1.288371382e-15	0	0	0	0	0	0	0	0	0
0.000335816985	2.095219562e-09	2.543107673e-15	0	0	0	0	0	0	0	0	0
0.0003754136745	2.726183154e-09	2.47251644e-15	0	0	0	0	0	0	0	0	0
0.0004041939507	3.274653618e-09	1.185453547e-15	0	0	0	0	0	0	0	0	0
0.0004211009126	3.66772663e-09	2.591636862e-15	0	0	0	0	0	0	0	0	0
0.0004263154084	3.855226904e-09	4.381415268e-15	0	0	0	0	0	0	0	0	0
0.0004210114264	3.840146872e-09	1.65045175e-15	0	0	0	0	0	0	0	0	0
0.0004070591263	3.626860469e-09	2.531744766e-15	0	0	0	0	0	0	0	0	0
0.0003867265529	3.275284807e-09	2.111243419e-15	0	0	0	0	0	0	0	0	0
0.0003624144895	2.848414932e-09	5.635142067e-15	0	0	0	0	0	0	0	0	0
0.0003364339139	2.402983217e-09	5.545181402e-15	0	0	0	0	0	0	0	0	0
0.0003108420342	2.008027184e-09	4.693730769e-15	0	0	0	0	0	0	0	0	0
0.0002872901888	1.704493484e-09	3.936956535e-15	0	0	0	0	0	0	0	0	0
0.0002668308456	1.520340075e-09	6.95023789e-15	0	0	0	0	0	0	0	0	0
0.0002498754131	1.44828659e-09	8.853588298e-15	0	0	0	0	0	0	0	0	0
0.0002361482029	1.459018388e-09	6.549706703e-15	0	0	0	0	0	0	0	0	0
0.0002248492647	1.514094342e-09	5.728453629e-15	0	0	0	0	0	0	0	0	0
0.0002149188088	1.581251622e-09	7.851175569e-15	0	0	0	0	0	0	0	0	0
0.0002053215138	1.634968513e-09	1.25495196e-14	0	0	0	0	0	0	0	0	0
0.0001952351862	1.655145359e-09	9.171878262e-15	0	0	0	0	0	0	0	0	0
0.0001841038199	1.631468904e-09	7.596652637e-15	0	0	0	0	0	0	0	0	0
0.0001716085743	1.551671003e-09	7.618155898e-15	0	0	0	0	0	0	0	0	0
0.0001575492547	1.413018423e-09	5.606118774e-15	0	0	0	0	0	0	0	0	0
0.0001417480494	1.220485967e-09	5.319976523e-15	0	0	0	0	0	0	0	0	0
0.0001240328794	9.891949131e-10	0	0	0	0	0	0	0	0	0	0
0.0001043375771	7.422501178e-10	0	0	0	0	0	0	0	0	0	0
8.293090492e-05	5.075127973e-10	0	0	0	0	0	0	0	0	0	0
6.067345532e-05	3.102067971e-10	0	0	0	0	0	0	0	0	0	0
3.974137125e-05	1.654934906e-10	0	0	0	0	0	0	0	0	0	0
2.55626451e-05	7.457251059e-11	0	0	0	0	0	0	0	0	0	0
2.715990938e-05	2.855155022e-11	0	0	0	0	0	0	0	0	0	0
3.922364514e-05	1.848786506e-11	0	0	0	0	0	0	0	0	0	0
5.458626467e-05	2.909867167e-11	0	0	0	0	0	0	0	0	0	0
7.502261756e-05	7.106973149e-11	0	0	0	0	0	0	0	0	0	0
0.0001045350648	1.678592009e-10	0	0	0	0	0	0	0	0	0	0
0.0001448322217	3.598384782e-10	0	0	0	0	0	0	0	0	0	0
0.0001944630501	6.957567446e-10	0	0	0	0	0	0	0	0	0	0
0.0002499207587	1.206925127e-09	4.015087318e-15	0	0	0	0	0	0	0	0	0
0.0003068015609	1.891387448e-09	9.279985971e-15	0	0	0	0	0	0	0	0	0
0.0003605502606	2.702801512e-09	9.204152876e-15	0	0	0	0	0	0	0	0	0
0.0004070903359	3.558497073e-09	1.175612344e-14	0	0	0	0	0	0	0	0	0
0.0004431889943	4.332898783e-09	1.442507829e-14	0	0	0	0	0	0	0	0	0
0.0004667317345	4.94829926e-09	1.562935924e-14	0	0	0	0	0	0	0	0	0
0.0004767459237	5.293618157e-09	1.647811612e-14	0	0	0	0	0	0	0	0	0
0.0004734484584	5.330920703e-09	1.615249414e-14	0	0	0	0	0	0	0	0	0
0.0004581065909	5.064187936e-09	1.522195952e-14	0	0	0	0	0	0	0	0	0
0.0004328985588	4.550142516e-09	1.343767977e-14	0	0	0	0	0	0	0	0	0
0.0004007455692	3.884176003e-09	1.151081064e-14	0	0	0	0	0	0	0	0	0
0.0003651062439	3.154512654e-09	1.20442206e-14	0	0	0	0	0	0	0	0	0
0.0003296461128	2.461742679e-09	7.268287747e-15	0	0	0	0	0	0	0	0	0
0.0002978689515	1.893895224e-09	8.312025555e-15	0	0	0	0	0	0	0	0	0
0.0002723934594	1.516042969e-09	5.977945364e-15	0	0	0	0	0	0	0	0	0
0.000254265678	1.343555746e-09	2.948212861e-15	0	0	0	0	0	0	0	0	0
0.0002426663676	1.334384946e-09	2.098422836e-15	0	0	0	0	0	0	0	0	0
0.0002353668684	1.419102354e-09	2.635367717e-15	0	0	0	0	0	0	0	0	0
0.0002297815955	1.538105006e-09	3.614263269e-15	0	0	0	0	0	0	0	0	0
0.0002238422513	1.648778098e-09	4.203558566e-15	0	0	0	0	0	0	0	0	0
0.0002162928991	1.725090096e-09	4.440044753e-15	0	0	0	0	0	0	0	0	0
0.0002065743558	1.740049053e-09	9.10536627e-15	0	0	0	0	0	0	0	0	0
0.0001944328266	1.677827345e-09	1.339674352e-15	0	0	0	0	0	0	0	0	0
0.0001796520219	1.524828368e-09	7.756274004e-15	0	0	0	0	0	0	0	0	0
0.0001618787537	1.289842048e-09	1.250321923e-15	0	0	0	0	0	0	0	0	0
0.0001407435707	9.974845419e-10	0	0	0	0	0	0	0	0	0	0
0.0001162065095	6.907963643e-10	0	0	0	0	0	0	0	0	0	0
8.901250421e-05	4.188957654e-10	0	0	0	0	0	0	0	0	0	0
6.11509702e-05	2.216642032e-10	0	0	0	0	0	0	0	0	0	0
3.670690081e-05	1.149387332e-10	0	0	0	0	0	0	0	0	0	0
2.416225326e-05	7.629631453e-11	0	0	0	0	0	0	0	0	0	0
2.894348214e-05	6.304045243e-11	0	0	0	0	0	0	0	0	0	0
4.108435547e-05	5.563882751e-11	0	0	0	0	0	0	0	0	0	0
6.204640237e-05	5.774181423e-11	0	0	0	0	0	0	0	0	0	0
9.884093988e-05	1.144367563e-10	0	0	0	0	0	0	0	0	0	0
0.0001522041926	3.139973411e-10	0	0	0	0	0	0	0	0	0	0
0.000217689488	7.191998728e-10	0	0	0	0	0	0	0	0	0	0
0.0002886562406	1.351790362e-09	5.989984991e-15	0	0	0	0	0	0	0	0	0
0.0003577600232	2.169482935e-09	6.894055159e-15	0	0	0	0	0	0	0	0	0
0.0004181875351	3.074087105e-09	1.016283152e-15	0	0	0	0	0	0	0	0	0
0.0004645473896	3.920716315e-09	4.303269609e-15	0	0	0	0	0	0	0	0	0
0.0004935158726	4.569704648e-09	2.953777207e-15	0	0	0	0	0	0	0	0	0
0.0005040505783	4.92000846e-09	1.252318358e-15	0	0	0	0	0	0	0	0	0
0.0004972091156	4.924976344e-09	1.644626664e-15	0	0	0	0	0	0	0	0	0
0.0004757421985	4.610165689e-09	2.280302613e-15	0	0	0	0	0	0	0	0	0
0.0004435055824	4.054123332e-09	3.635079552e-15	0	0	0	0	0	0	0	0	0
0.0004049819615	3.368726179e-09	5.375222514e-15	0	0	0	0	0	0	0	0	0
0.0003647601674	2.665412374e-09	1.871940771e-15	0	0	0	0	0	0	0	0	0
0.0003272057794	2.04713824e-09	2.399233874e-15	0	0	0	0	0	0	0	0	0
0.0002960393851	1.585221415e-09	3.676998899e-15	0	0	0	0	0	0	0	0	0
0.0002737527609	1.359673925e-09	3.676994429e-15	0	0	0	0	0	0	0	0	0
0.0002609924906	1.374646924e-09	5.394177e-15	0	0	0	0	0	0	0	0	0
0.0002563713059	1.570952623e-09	6.426387084e-15	0	0	0	0	0	0	0	0	0
0.0002570865175	1.861530643e-09	8.934048307e-15	0	0	0	0	0	0	0	0	0
0.000259979624	2.191746417e-09	1.184611477e-14	0	0	0	0	0	0	0	0	0
0.0002624048005	2.519580374e-09	1.05052732e-14	0	0	0	0	0	0	0	0	0
0.0002624591698	2.80900142e-09	1.172079421e-14	0	0	0	0	0	0	0	0	0
0.000259040218	3.018368758e-09	1.296192133e-14	0	0	0	0	0	0	0	0	0
0.0002516182238	3.111258506e-09	1.343498064e-14	0	0	0	0	0	0	0	0	0
0.0002399998322	3.057163743e-09	1.319872201e-14	0	0	0	0	0	0	0	0	0
0.0002241135787	2.840980034e-09	1.146200049e-14	0	0	0	0	0	0	0	0	0
0.0002038628181	2.47355889e-09	1.003096254e-14	0	0	0	0	0	0	0	0	0
0.0001792008464	1.99060792e-09	9.286557479e-15	0	0	0	0	0	0	0	0	0
0.0001502702747	1.458520335e-09	8.506684239e-15	0	0	0	0	0	0	0	0	0
0.0001178096988	9.527002177e-10	0	0	0	0	0	0	0	0	0	0
8.354639081e-05	5.409516789e-10	0	0	0	0	0	0	0	0	0	0
5.049421117e-05	2.588708397e-10	0	0	0	0	0	0	0	0	0	0
2.443586901e-05	9.837009591e-11	0	0	0	0	0	0	0	0	0	0
2.073974595e-05	2.431548957e-11	0	0	0	0	0	0	0	0	0	0
3.493111175e-05	9.70758274e-12	0	0	0	0	0	0	0	0	0	0
5.477949565e-05	3.489460619e-11	0	0	0	0	0	0	0	0	0	0
8.642272746e-05	1.208415195e-10	0	0	0	0	0	0	0	0	0	0
0.0001334123303	3.066297209e-10	0	0	0	0	0	0	0	0	0	0
0.0001930181194	6.472498391e-10	0	0	0	0	0	0	0	0	0	0
0.0002593108442	1.171049794e-09	5.765207024e-15	0	0	0	0	0	0	0	0	0
0.0003254424938	1.871297774e-09	7.263056081e-15	0	0	0	0	0	0	0	0	0
0.0003850854838	2.680297191e-09	1.076825511e-14	0	0	0	0	0	0	0	0	0
0.000433319705	3.499665178e-09	1.245857323e-14	0	0	0	0	0	0	0	0	0
0.0004670577303	4.209253977e-09	1.459661911e-14	0	0	0	0	0	0	0	0	0
0.0004851614279	4.738015962e-09	1.540224647e-14	0	0	0	0	0	0	0	0	0
0.0004881156359	4.981993056e-09	1.565550699e-14	0	0	0	0	0	0	0	0	0
0.0004776602535	4.960518574e-09	1.482636427e-14	0	0	0	0	0	0	0	0	0
0.000456321876	4.678469439e-09	1.353061517e-14	0	0	0	0	0	0	0	0	0
0.0004270826027	4.201855765e-09	1.207639061e-14	0	0	0	0	0	0	0	0	0
0.0003932464316	3.603102712e-09	9.87560007e-15	0	0	0	0	0	0	0	0	0
0.0003582910447	2.972413873e-09	8.422769959e-15	0	0	0	0	0	0	0	0	0
0.0003258321266	2.374800763e-09	6.195526061e-15	0	0	0	0	0	0	0	0	0
0.000299270352	1.900635688e-09	8.059693008e-15	0	0	0	0	0	0	0	0	0
0.0002811391931	1.594077188e-09	5.099931714e-15	0	0	0	0	0	0	0	0	0
0.0002721971472	1.500432947e-09	8.279010135e-15	0	0	0	0	0	0	0	0	0
0.0002709637269	1.59969873e-09	2.610051672e-15	0	0	0	0	0	0	0	0	0
0.0002742813005	1.821095616e-09	3.949454143e-15	0	0	0	0	0	0	0	0	0
0.0002785914938	2.100005859e-09	5.762529904e-15	0	0	0	0	0	0	0	0	0
0.0002809869943	2.388173303e-09	3.821484018e-15	0	0	0	0	0	0	0	0	0
0.0002796878222	2.646642637e-09	2.324313128e-15	0	0	0	0	0	0	0	0	0
0.0002740315402	2.840599227e-09	1.825145003e-15	0	0	0	0	0	0	0	0	0
0.0002641994621	2.931550092e-09	3.992480935e-15	0	0	0	0	0	0	0	0	0
0.000250752176	2.890239161e-09	2.927827042e-15	0	0	0	0	0	0	0	0	0
0.0002341625541	2.69830633e-09	2.937458657e-15	0	0	0	0	0	0	0	0	0
0.0002144157283	2.359380335e-09	8.430689964e-15	0	0	0	0	0	0	0	0	0
0.0001910162144	1.904161132e-09	7.586529746e-15	0	0	0	0	0	0	0	0	0
0.0001633719477	1.393207449e-09	3.756886446e-15	0	0	0	0	0	0	0	0	0
0.0001314147978	8.997651865e-10	0	0	0	0	0	0	0	0	0	0
9.635889655e-05	4.954000402e-10	0	0	0	0	0	0	0	0	0	0
6.149004118e-05	2.251478733e-10	0	0	0	0	0	0	0	0	0	0
3.514797488e-05	8.924415453e-11	0	0	0	0	0	0	0	0	0	0
3.475636093e-05	4.591006696e-11	0	0	0	0	0	0	0	0	0	0
5.220534869e-05	3.665567825e-11	0	0	0	0	0	0	0	0	0	0
7.34699562e-05	3.854445851e-11	0	0	0	0	0	0	0	0	0	0
0.0001034080121	5.618044485e-11	0	0	0	0	0	0	0	0	0	0
0.0001494341354	1.59224789e-10	0	0	0	0	0	0	0	0	0	0
0.0002124402984	4.546331303e-10	0	0	0	0	0	0	0	0	0	0
0.0002874216072	1.01441089e-09	2.223301371e-15	0	0	0	0	0	0	0	0	0
0.0003668234873	1.85998291e-09	3.371768211e-15	0	0	0	0	0	0	0	0	0
0.000442664421	2.948904503e-09	3.656542294e-15	0	0	0	0	0	0	0	0	0
0.0005078036331	4.151313093e-09	4.151977548e-15	0	0	0	0	0	0	0	0	0
0.0005567368322	5.298789727e-09	4.445819403e-15	0	0	0	0	0	0	0	0	0
0.0005860230033	6.213712452e-09	8.054358103e-15	0	0	0	0	0	0	0	0	0
0.0005943363094	6.735608235e-09	2.714714407e-15	0	0	0	0	0	0	0	0	0
0.0005823908564	6.799584014e-09	6.319595619e-15	0	0	0	0	0	0	0	0	0
0.000552605224	6.402695535e-09	1.598954251e-15	0	0	0	0	0	0	0	0	0
0.000508874538	5.657877809e-09	4.100708128e-15	0	0	0	0	0	0	0	0	0
0.0004563255696	4.695865769e-09	3.339576365e-15	0	0	0	0	0	0	0	0	0
0.0004011128006	3.659391135e-09	2.139763246e-15	0	0	0	0	0	0	0	0	0
0.0003502298849	2.764034103e-09	7.80369581e-15	0	0	0	0	0	0	0	0	0
0.0003106736882	2.125097205e-09	6.254232823e-15	0	0	0	0	0	0	0	0	0
0.0002875212178	1.896641208e-09	6.269057684e-15	0	0	0	0	0	0	0	0	0
0.0002811355816	2.059530772e-09	7.858972178e-15	0	0	0	0	0	0	0	0	0
0.0002867050675	2.454340158e-09	1.063913207e-14	0	0	0	0	0	0	0	0	0
0.0002973300196	2.941326687e-09	1.248468951e-14	0	0	0	0	0	0	0	0	0
0.0003072811776	3.445110355e-09	1.605423794e-14	0	0	0	0	0	0	0	0	0
0.0003131495885	3.9068955e-09	1.628055593e-14	0	0	0	0	0	0	0	0	0
0.0003134360137	4.265121457e-09	1.830147877e-14	0	0	0	0	0	0	0	0	0
0.000307864945	4.470182608e-09	1.896694502e-14	0	0	0	0	0	0	0	0	0
0.0002966477153	4.46739021e-09	1.981981806e-14	0	0	0	0	0	0	0	0	0
0.0002799880949	4.22622041e-09	1.829970501e-14	0	0	0	0	0	0	0	0	0
0.0002577708207	3.744214416e-09	1.777805688e-14	0	0	0	0	0	0	0	0	0
0.0002296655018	3.066988412e-09	1.29492029e-14	0	0	0	0	0	0	0	0	0
0.0001954763204	2.278746001e-09	9.345421747e-15	0	0	0	0	0	0	0	0	0
0.0001557612336	1.503882683e-09	5.821819961e-15	0	0	0	0	0	0	0	0	0
0.000112560238	8.555765475e-10	0	0	0	0	0	0	0	0	0	0
6.976047214e-05	4.053291805e-10	0	0	0	0	0	0	0	0	0	0
3.427387635e-05	1.52562149e-10	0	0	0	0	0	0	0	0	0	0
2.264964016e-05	4.030270502e-11	0	0	0	0	0	0	0	0	0	0
3.619601108e-05	1.506842099e-11	0	0	0	0	0	0	0	0	0	0
5.907068067e-05	5.100898657e-11	0	0	0	0	0	0	0	0	0	0
0.0001011034699	1.795460593e-10	0	0	0	0	0	0	0	0	0	0
0.0001665046591	4.808377294e-10	0	0	0	0	0	0	0	0	0	0
0.0002498577312	1.054387411e-09	5.505413778e-15	0	0	0	0	0	0	0	0	0
0.0003417297981	1.946773866e-09	8.282359621e-15	0	0	0	0	0	0	0	0	0
0.0004316342954	3.123067962e-09	1.22557148e-14	0	0	0	0	0	0	0	0	0
0.0005098007246	4.42656301e-09	1.737940352e-14	0	0	0	0	0	0	0	0	0
0.0005687418161	5.655323499e-09	2.138226172e-14	0	0	0	0	0	0	0	0	0
0.0006039472917	6.628729441e-09	2.371449604e-14	0	0	0	0	0	0	0	0	0
0.0006141024515	7.125800933e-09	2.456135336e-14	0	0	0	0	0	0	0	0	0
0.0006007876621	7.158056163e-09	2.35229462e-14	0	0	0	0	0	0	0	0	0
0.0005677057595	6.68006135e-09	2.180591662e-14	0	0	0	0	0	0	0	0	0
0.0005199668187	5.856278529e-09	1.777674473e-14	0	0	0	0	0	0	0	0	0
0.0004634670615	4.825358391e-09	1.417260356e-14	0	0	0	0	0	0	0	0	0
0.0004044909958	3.753704232e-09	1.074573531e-14	0	0	0	0	0	0	0	0	0
0.0003495638387	2.779866046e-09	8.786882823e-15	0	0	0	0	0	0	0	0	0
0.0003052224108	2.020638394e-09	6.672073753e-15	0	0	0	0	0	0	0	0	0
0.0002770186436	1.587972389e-09	3.766908045e-15	0	0	0	0	0	0	0	0	0
0.0002672126148	1.52663294e-09	6.009367139e-15	0	0	0	0	0	0	0	0	0
0.0002729941675	1.783242994e-09	2.4144556e-15	0	0	0	0	0	0	0	0	0
0.0002880123018	2.206430507e-09	4.826422266e-15	0	0	0	0	0	0	0	0	0
0.0003056913966	2.699335893e-09	2.309076389e-15	0	0	0	0	0	0	0	0	0
0.0003210782848	3.198491049e-09	2.496790175e-15	0	0	0	0	0	0	0	0	0
0.0003310661132	3.653622308e-09	3.356977982e-15	0	0	0	0	0	0	0	0	0
0.000334044465	4.011047301e-09	2.770707734e-15	0	0	0	0	0	0	0	0	0
0.0003294866918	4.220038236e-09	2.311935546e-15	0	0	0	0	0	0	0	0	0
0.0003176556703	4.233194935e-09	2.886341679e-15	0	0	0	0	0	0	0	0	0
0.000299227534	4.027213735e-09	3.299855812e-15	0	0	0	0	0	0	0	0	0
0.0002749565303	3.597008369e-09	2.301454309e-15	0	0	0	0	0	0	0	0	0
0.0002454268659	2.982603479e-09	1.116338309e-14	0	0	0	0	0	0	0	0	0
0.0002110609922	2.257244356e-09	4.746459075e-15	0	0	0	0	0	0	0	0	0
0.0001724064867	1.525032552e-09	8.31503916e-15	0	0	0	0	0	0	0	0	0
0.0001306789252	8.918461743e-10	0	0	0	0	0	0	0	0	0	0
8.832474173e-05	4.329886845e-10	0	0	0	0	0	0	0	0	0	0
4.956529229e-05	1.677696948e-10	0	0	0	0	0	0	0	0	0	0
2.416242183e-05	5.539274979e-11	0	0	0	0	0	0	0	0	0	0
3.05666201e-05	2.307180499e-11	0	0	0	0	0	0	0	0	0	0
5.123210495e-05	1.949201645e-11	0	0	0	0	0	0	0	0	0	0
8.160886076e-05	3.389560977e-11	0	0	0	0	0	0	0	0	0	0
0.0001290695105	1.13481507e-10	0	0	0	0	0	0	0	0	0	0
0.0001944310675	3.540631342e-10	0	0	0	0	0	0	0	0	0	0
0.0002723679441	8.29516325e-10	0	0	0	0	0	0	0	0	0	0
0.0003549076343	1.563550551e-09	4.253134822e-15	0	0	0	0	0	0	0	0	0
0.0004336212014	2.515418726e-09	3.403162456e-15	0	0	0	0	0	0	0	0	0
0.0005010451223	3.577219816e-09	3.519695417e-15	0	0	0	0	0	0	0	0	0
0.0005515836156	4.593842193e-09	1.859187653e-15	0	0	0	0	0	0	0	0	0
0.0005819224279	5.404820109e-09	4.695337037e-15	0	0	0	0	0	0	0	0	0
0.0005910173718	5.883275335e-09	2.696852888e-15	0	0	0	0	0	0	0	0	0
0.0005798078062	5.956549001e-09	2.493214383e-15	0	0	0	0	0	0	0	0	0
0.000550808338	5.6517511e-09	9.015839573e-15	0	0	0	0	0	0	0	0	0
0.0005077467032	5.019151545e-09	4.486083845e-15	0	0	0	0	0	0	0	0	0
0.0004553153684	4.189991891e-09	7.328371875e-15	0	0	0	0	0	0	0	0	0
0.0003990966507	3.291221182e-09	7.023134155e-15	0	0	0	0	0	0	0	0	0
0.0003456342194	2.457855017e-09	1.728871569e-15	0	0	0	0	0	0	0	0	0
0.0003023152737	1.804698356e-09	6.762340376e-15	0	0	0	0	0	0	0	0	0
0.0002759930197	1.467536819e-09	4.593706269e-15	0	0	0	0	0	0	0	0	0
0.0002696311845	1.519602728e-09	7.027340827e-15	0	0	0	0	0	0	0	0	0
0.0002795769204	1.868222827e-09	8.218711776e-15	0	0	0	0	0	0	0	0	0
0.0002979836965	2.370785554e-09	9.62990703e-15	0	0	0	0	0	0	0	0	0
0.0003173172402	2.940718112e-09	1.327518671e-14	0	0	0	0	0	0	0	0	0
0.0003325498751	3.52482176e-09	1.493381429e-14	0	0	0	0	0	0	0	0	0
0.0003411550722	4.087205572e-09	1.85124718e-14	0	0	0	0	0	0	0	0	0
0.0003425160455	4.566269823e-09	2.015413298e-14	0	0	0	0	0	0	0	0	0
0.00033723226	4.916315528e-09	2.222558855e-14	0	0	0	0	0	0	0	0	0
0.0003264641366	5.081469105e-09	2.135614144e-14	0	0	0	0	0	0	0	0	0
0.0003112685777	5.018465168e-09	2.130220753e-14	0	0	0	0	0	0	0	0	0
0.0002920868664	4.701830037e-09	1.952408314e-14	0	0	0	0	0	0	0	0	0
0.0002684960544	4.125956358e-09	1.695328635e-14	0	0	0	0	0	0	0	0	0
0.0002394731543	3.350278335e-09	1.334333344e-14	0	0	0	0	0	0	0	0	0
0.0002040934447	2.469869228e-09	1.119025101e-14	0	0	0	0	0	0	0	0	0
0.0001624362308	1.611986122e-09	6.266269986e-15	0	0	0	0	0	0	0	0	0
0.0001163950871	9.016974761e-10	0	0	0	0	0	0	0	0	0	0
7.077948069e-05	4.13078914e-10	0	0	0	0	0	0	0	0	0	0
3.776055434e-05	1.438687531e-10	0	0	0	0	0	0	0	0	0	0
4.22623569e-05	3.178914702e-11	0	0	0	0	0	0	0	0	0	0
6.615953158e-05	2.603904911e-11	0	0	0	0	0	0	0	0	0	0
9.542662176e-05	5.83517414e-11	0	0	0	0	0	0	0	0	0	0
0.0001405522955	1.892530999e-10	0	0	0	0	0	0	0	0	0	0
0.0002099908433	5.256174124e-10	0	0	0	0	0	0	0	0	0	0
0.0003012436413	1.203274586e-09	4.928412376e-15	0	0	0	0	0	0	0	0	0
0.0004049419358	2.331706622e-09	9.651674989e-15	0	0	0	0	0	0	0	0	0
0.0005092282628	3.865835006e-09	1.650370657e-14	0	0	0	0	0	0	0	0	0
0.0006023556123	5.65729381e-09	2.202274026e-14	0	0	0	0	0	0	0	0	0
0.000674382262	7.417873662e-09	2.80673182e-14	0	0	0	0	0	0	0	0	0
0.0007183408059	8.859608605e-09	3.237851751e-14	0	0	0	0	0	0	0	0	0
0.0007307714632	9.65553249e-09	3.420440694e-14	0	0	0	0	0	0	0	0	0
0.0007118863061	9.677932825e-09	3.282189608e-14	0	0	0	0	0	0	0	0	0
0.0006651847842	8.981144903e-09	3.01249891e-14	0	0	0	0	0	0	0	0	0
0.0005968725289	7.705165541e-09	2.496459068e-14	0	0	0	0	0	0	0	0	0
0.0005153385571	6.140190185e-09	1.98415215e-14	0	0	0	0	0	0	0	0	0
0.0004306131009	4.533094471e-09	1.370707883e-14	0	0	0	0	0	0	0	0	0
0.0003541234807	3.144448612e-09	9.779142304e-15	0	0	0	0	0	0	0	0	0
0.0002979914061	2.179931692e-09	1.261082912e-14	0	0	0	0	0	0	0	0	0
0.0002713600961	1.798660267e-09	4.914025213e-15	0	0	0	0	0	0	0	0	0
0.0002734513492	1.99342777e-09	2.928849978e-15	0	0	0	0	0	0	0	0	0
0.0002934349965	2.510476198e-09	4.09419899e-15	0	0	0	0	0	0	0	0	0
0.0003194735512	3.169440408e-09	3.263769692e-15	0	0	0	0	0	0	0	0	0
0.0003439938076	3.880451793e-09	2.923603479e-15	0	0	0	0	0	0	0	0	0
0.000363134473	4.583785277e-09	3.597374885e-15	0	0	0	0	0	0	0	0	0
0.0003750955684	5.210098976e-09	5.925867867e-15	0	0	0	0	0	0	0	0	0
0.0003791391044	5.694188093e-09	4.985222223e-15	0	0	0	0	0	0	0	0	0
0.0003750369871	5.964965747e-09	8.801979032e-15	0	0	0	0	0	0	0	0	0
0.0003629554126	5.956580883e-09	4.032002774e-15	0	0	0	0	0	0	0	0	0
0.0003431431328	5.622245706e-09	6.614654971e-15	0	0	0	0	0	0	0	0	0
0.0003157782093	4.960048398e-09	8.159157045e-15	0	0	0	0	0	0	0	0	0
0.0002809278977	4.029417031e-09	6.458525089e-15	0	0	0	0	0	0	0	0	0
0.0002387817418	2.948041996e-09	2.072363876e-15	0	0	0	0	0	0	0	0	0
0.0001901956325	1.888753216e-09	5.792546008e-15	0	0	0	0	0	0	0	0	0
0.0001374304737	1.012749668e-09	2.205992746e-15	0	0	0	0	0	0	0	0	0
8.480516521e-05	4.25872514e-10	0	0	0	0	0	0	0	0	0	0
3.977841612e-05	1.282385359e-10	0	0	0	0	0	0	0	0	0	0
2.366232882e-05	2.734761544e-11	0	0	0	0	0	0	0	0	0	0
4.324873721e-05	1.414670429e-11	0	0	0	0	0	0	0	0	0	0
7.35162062e-05	2.739447648e-11	0	0	0	0	0	0	0	0	0	0
0.0001261438486	1.124135536e-10	0	0	0	0	0	0	0	0	0	0
0.0002068466324	4.277682687e-10	0	0	0	0	0	0	0	0	0	0
0.000309289083	1.124075164e-09	4.262661801e-15	0	0	0	0	0	0	0	0	0
0.0004216643974	2.272559678e-09	8.056894945e-15	0	0	0	0	0	0	0	0	0
0.0005305157831	3.80184088e-09	1.852666635e-15	0	0	0	0	0	0	0	0	0
0.0006232684659	5.493731426e-09	2.072152394e-15	0	0	0	0	0	0	0	0	0
0.0006901676628	7.053128135e-09	1.924714475e-15	0	0	0	0	0	0	0	0	0
0.0007254219835	8.166997238e-09	5.94081146e-15	0	0	0	0	0	0	0	0	0
0.0007275266198	8.6433772e-09	2.546905292e-15	0	0	0	0	0	0	0	0	0
0.0006988697088	8.402853139e-09	7.613685799e-15	0	0	0	0	0	0	0	0	0
0.0006448365663	7.55055172e-09	1.888703329e-15	0	0	0	0	0	0	0	0	0
0.0005727970115	6.284191624e-09	2.98661735e-15	0	0	0	0	0	0	0	0	0
0.0004911896275	4.857283007e-09	2.498718309e-15	0	0	0	0	0	0	0	0	0
0.0004089884313	3.499141876e-09	1.500645083e-15	0	0	0	0	0	0	0	0	0
0.0003355265559	2.383815902e-09	4.022746385e-15	0	0	0	0	0	0	0	0	0
0.0002805723533	1.643762904e-09	4.570538612e-15	0	0	0	0	0	0	0	0	0
0.0002523307961	1.419649913e-09	4.971089966e-15	0	0	0	0	0	0	0	0	0
0.0002521497207	1.680213731e-09	6.417775315e-15	0	0	0	0	0	0	0	0	0
0.0002720836698	2.208934264e-09	9.131861528e-15	0	0	0	0	0	0	0	0	0
0.0003012467486	2.858790253e-09	1.175670924e-14	0	0	0	0	0	0	0	0	0
0.0003314195447	3.569153893e-09	1.600795312e-14	0	0	0	0	0	0	0	0	0
0.0003575030405	4.274173993e-09	1.902787321e-14	0	0	0	0	0	0	0	0	0
0.0003764302399	4.930695221e-09	2.037413845e-14	0	0	0	0	0	0	0	0	0
0.0003864811372	5.485452727e-09	2.294948597e-14	0	0	0	0	0	0	0	0	0
0.0003869731612	5.876909064e-09	2.441133114e-14	0	0	0	0	0	0	0	0	0
0.0003781482503	6.049861836e-09	2.558985425e-14	0	0	0	0	0	0	0	0	0
0.0003609034777	5.956503679e-09	2.448918853e-14	0	0	0	0	0	0	0	0	0
0.0003364254588	5.568612783e-09	2.285681788e-14	0	0	0	0	0	0	0	0	0
0.0003057558841	4.890246602e-09	1.992548196e-14	0	0	0	0	0	0	0	0	0
0.0002694588397	3.98051584e-09	1.608939283e-14	0	0	0	0	0	0	0	0	0
0.000227781482	2.95275922e-09	1.151841181e-14	0	0	0	0	0	0	0	0	0
0.0001811990061	1.946390074e-09	9.077939751e-15	0	0	0	0	0	0	0	0	0
0.0001312439321	1.103437259e-09	4.412206722e-15	0	0	0	0	0	0	0	0	0
8.151125375e-05	5.177003653e-10	0	0	0	0	0	0	0	0	0	0
4.011810697e-05	1.878713475e-10	0	0	0	0	0	0	0	0	0	0
3.292703966e-05	4.478645045e-11	0	0	0	0	0	0	0	0	0	0
5.780589201e-05	2.396516834e-11	0	0	0	0	0	0	0	0	0	0
9.103159499e-05	5.978777892e-11	0	0	0	0	0	0	0	0	0	0
0.0001407383141	1.888905407e-10	0	0	0	0	0	0	0	0	0	0
0.0002142244644	5.121186571e-10	0	0	0	0	0	0	0	0	0	0
0.0003086008049	1.176513616e-09	5.349281527e-15	0	0	0	0	0	0	0	0	0
0.0004143406299	2.263169142e-09	8.922989677e-15	0	0	0	0	0	0	0	0	0
0.0005193082708	3.731769197e-09	1.455140174e-14	0	0	0	0	0	0	0	0	0
0.0006115900074	5.423481058e-09	2.181647435e-14	0	0	0	0	0	0	0	0	0
0.0006813198256	7.061686917e-09	2.683664432e-14	0	0	0	0	0	0	0	0	0
0.0007218848027	8.333801345e-09	3.082734832e-14	0	0	0	0	0	0	0	0	0
0.0007304623918	9.014296792e-09	3.18896336e-14	0	0	0	0	0	0	0	0	0
0.0007078909287	8.933619681e-09	3.030036413e-14	0	0	0	0	0	0	0	0	0
0.0006581270662	8.194942746e-09	2.689988098e-14	0	0	0	0	0	0	0	0	0
0.0005875370735	6.93650556e-09	2.266495953e-14	0	0	0	0	0	0	0	0	0
0.0005041528003	5.437827592e-09	1.795696168e-14	0	0	0	0	0	0	0	0	0
0.0004172570859	3.936049998e-09	1.219870368e-14	0	0	0	0	0	0	0	0	0
0.0003374008102	2.638374027e-09	8.877299863e-15	0	0	0	0	0	0	0	0	0
0.0002766884821	1.679437518e-09	5.273827409e-15	0	0	0	0	0	0	0	0	0
0.0002466393418	1.162522261e-09	4.245542477e-15	0	0	0	0	0	0	0	0	0
0.0002498683712	1.177138824e-09	7.803812719e-15	0	0	0	0	0	0	0	0	0
0.0002757599767	1.582963802e-09	1.936534817e-15	0	0	0	0	0	0	0	0	0
0.0003105122356	2.196185745e-09	3.89312348e-15	0	0	0	0	0	0	0	0	0
0.0003448871604	2.941454131e-09	5.126316707e-15	0	0	0	0	0	0	0	0	0
0.0003739121593	3.773604664e-09	2.363836797e-15	0	0	0	0	0	0	0	0	0
0.0003951124213	4.633795738e-09	6.424291778e-15	0	0	0	0	0	0	0	0	0
0.0004074073513	5.457011283e-09	5.984803399e-15	0	0	0	0	0	0	0	0	0
0.0004107613425	6.173249115e-09	4.135261987e-15	0	0	0	0	0	0	0	0	0
0.0004058330237	6.691410769e-09	4.818354043e-15	0	0	0	0	0	0	0	0	0
0.0003936539874	6.916897586e-09	5.173246851e-15	0	0	0	0	0	0	0	0	0
0.0003750547097	6.779207076e-09	6.280646169e-15	0	0	0	0	0	0	0	0	0
0.0003501643888	6.224890589e-09	6.354505631e-15	0	0	0	0	0	0	0	0	0
0.0003182701964	5.280853352e-09	3.451441458e-15	0	0	0	0	0	0	0	0	0
0.0002781395787	4.057890187e-09	7.111342658e-15	0	0	0	0	0	0	0	0	0
0.0002291384689	2.73901488e-09	2.61284568e-15	0	0	0	0	0	0	0	0	0
0.0001723756492	1.556000172e-09	1.207489166e-15	0	0	0	0	0	0	0	0	0
0.000112122008	6.92473276e-10	0	0	0	0	0	0	0	0	0	0
5.886221381e-05	2.104587403e-10	0	0	0	0	0	0	0	0	0	0
4.37151273e-05	3.394268823e-11	0	0	0	0	0	0	0	0	0	0
7.11432936e-05	2.913094408e-11	0	0	0	0	0	0	0	0	0	0
0.0001065555741	5.074757358e-11	0	0	0	0	0	0	0	0	0	0
0.0001596501896	1.195241354e-10	0	0	0	0	0	0	0	0	0	0
0.0002454340465	4.429844188e-10	0	0	0	0	0	0	0	0	0	0
0.0003626666027	1.283792467e-09	6.496154947e-15	0	0	0	0	0	0	0	0	0
0.0004979799176	2.793478336e-09	8.889853418e-15	0	0	0	0	0	0	0	0	0
0.0006335257633	4.907281425e-09	8.578035845e-15	0	0	0	0	0	0	0	0	0
0.0007514457014	7.329804899e-09	3.794535908e-15	0	0	0	0	0	0	0	0	0
0.000836919516	9.600341976e-09	4.865653339e-15	0	0	0	0	0	0	0	0	0
0.0008802889812	1.121211522e-08	3.583556926e-15	0	0	0	0	0	0	0	0	0
0.0008780210008	1.180879281e-08	3.999059767e-15	0	0	0	0	0	0	0	0	0
0.0008326562952	1.130695926e-08	3.465947627e-15	0	0	0	0	0	0	0	0	0
0.0007518533649	9.870819725e-09	2.348903995e-15	0	0	0	0	0	0	0	0	0
0.0006469279255	7.889783824e-09	4.250640131e-15	0	0	0	0	0	0	0	0	0
0.0005312419991	5.76163086e-09	2.588236633e-15	0	0	0	0	0	0	0	0	0
0.0004190960691	3.861773492e-09	6.480085897e-15	0	0	0	0	0	0	0	0	0
0.0003254151662	2.438119845e-09	5.837213519e-15	0	0	0	0	0	0	0	0	0
0.0002652599607	1.672454011e-09	6.286202838e-15	0	0	0	0	0	0	0	0	0
0.0002477077554	1.709195081e-09	7.786974421e-15	0	0	0	0	0	0	0	0	0
0.0002652097152	2.31993033e-09	1.075837077e-14	0	0	0	0	0	0	0	0	0
0.0003005266173	3.200980237e-09	1.403543235e-14	0	0	0	0	0	0	0	0	0
0.000340921046	4.226905324e-09	1.828881571e-14	0	0	0	0	0	0	0	0	0
0.0003796535623	5.316665366e-09	2.249117405e-14	0	0	0	0	0	0	0	0	0
0.0004128239802	6.402455279e-09	2.721638923e-14	0	0	0	0	0	0	0	0	0
0.0004376217251	7.403705045e-09	3.174646382e-14	0	0	0	0	0	0	0	0	0
0.0004520168166	8.228269808e-09	3.52752287e-14	0	0	0	0	0	0	0	0	0
0.0004549409043	8.808863907e-09	3.787873537e-14	0	0	0	0	0	0	0	0	0
0.0004462925569	9.024018758e-09	3.891986804e-14	0	0	0	0	0	0	0	0	0
0.0004267819956	8.801066628e-09	3.682449481e-14	0	0	0	0	0	0	0	0	0
0.0003974445342	8.088905522e-09	3.393040691e-14	0	0	0	0	0	0	0	0	0
0.0003591427436	6.931130988e-09	2.876056931e-14	0	0	0	0	0	0	0	0	0
0.0003123384798	5.419057299e-09	2.225031842e-14	0	0	0	0	0	0	0	0	0
0.0002574659024	3.790857118e-09	1.537341928e-14	0	0	0	0	0	0	0	0	0
0.0001959185699	2.291396279e-09	8.529343101e-15	0	0	0	0	0	0	0	0	0
0.0001311854743	1.147166782e-09	4.286584385e-15	0	0	0	0	0	0	0	0	0
7.028330857e-05	4.468396669e-10	0	0	0	0	0	0	0	0	0	0
3.123144964e-05	1.21936153e-10	0	0	0	0	0	0	0	0	0	0
4.712254395e-05	2.334527777e-11	0	0	0	0	0	0	0	0	0	0
8.117273784e-05	4.755058283e-11	0	0	0	0	0	0	0	0	0	0
0.0001348601816	1.831325401e-10	0	0	0	0	0	0	0	0	0	0
0.0002227508715	5.697069283e-10	0	0	0	0	0	0	0	0	0	0
0.0003425935998	1.429599003e-09	6.71202525e-15	0	0	0	0	0	0	0	0	0
0.0004808456879	2.9262065e-09	1.227413378e-14	0	0	0	0	0	0	0	0	0
0.0006197689142	5.009198441e-09	2.157218627e-14	0	0	0	0	0	0	0	0	0
0.0007416765176	7.455300486e-09	3.072194301e-14	0	0	0	0	0	0	0	0	0
0.0008318805033	9.774791629e-09	3.926719692e-14	0	0	0	0	0	0	0	0	0
0.000880992226	1.151756589e-08	4.462875898e-14	0	0	0	0	0	0	0	0	0
0.0008855466843	1.228087591e-08	4.53477163e-14	0	0	0	0	0	0	0	0	0
0.0008479145404	1.198681486e-08	4.270126003e-14	0	0	0	0	0	0	0	0	0
0.0007750897803	1.070824584e-08	3.683226941e-14	0	0	0	0	0	0	0	0	0
0.0006772134869	8.790486756e-09	2.938799249e-14	0	0	0	0	0	0	0	0	0
0.0005659639638	6.635789453e-09	2.050102499e-14	0	0	0	0	0	0	0	0	0
0.0004535141363	4.600834336e-09	1.409164242e-14	0	0	0	0	0	0	0	0	0
0.0003521739484	2.94895646e-09	8.68637544e-15	0	0	0	0	0	0	0	0	0
0.0002751453487	1.793104409e-09	6.02511855e-15	0	0	0	0	0	0	0	0	0
0.0002356959649	1.231455654e-09	3.767575081e-15	0	0	0	0	0	0	0	0	0
0.0002377517183	1.323457498e-09	2.417437516e-15	0	0	0	0	0	0	0	0	0
0.0002685220668	1.84864611e-09	7.138780899e-15	0	0	0	0	0	0	0	0	0
0.000311621243	2.600009533e-09	4.312337677e-15	0	0	0	0	0	0	0	0	0
0.000356671576	3.492424049e-09	7.147542996e-15	0	0	0	0	0	0	0	0	0
0.0003978502926	4.465126567e-09	4.169079865e-15	0	0	0	0	0	0	0	0	0
0.0004313104576	5.448634295e-09	3.84531168e-15	0	0	0	0	0	0	0	0	0
0.0004542840937	6.36482174e-09	6.195698899e-15	0	0	0	0	0	0	0	0	0
0.0004651296259	7.131846699e-09	4.783807793e-15	0	0	0	0	0	0	0	0	0
0.0004634387162	7.660634963e-09	1.103974102e-14	0	0	0	0	0	0	0	0	0
0.0004499858191	7.859481464e-09	5.468140898e-15	0	0	0	0	0	0	0	0	0
0.0004262540908	7.649862657e-09	8.985957181e-15	0	0	0	0	0	0	0	0	0
0.0003938049781	6.994088314e-09	8.258293278e-15	0	0	0	0	0	0	0	0	0
0.0003536093972	5.92198529e-09	4.926779679e-15	0	0	0	0	0	0	0	0	0
0.0003058791441	4.555337176e-09	6.57124471e-15	0	0	0	0	0	0	0	0	0
0.0002506094367	3.10101136e-09	2.757025878e-15	0	0	0	0	0	0	0	0	0
0.0001888353759	1.791790489e-09	1.786923949e-15	0	0	0	0	0	0	0	0	0
0.000124128073	8.294793579e-10	0	0	0	0	0	0	0	0	0	0
6.508242407e-05	2.812585592e-10	0	0	0	0	0	0	0	0	0	0
3.938203189e-05	6.665741266e-11	0	0	0	0	0	0	0	0	0	0
6.61722795e-05	3.380301987e-11	0	0	0	0	0	0	0	0	0	0
0.0001051853666	5.83115241e-11	0	0	0	0	0	0	0	0	0	0
0.0001628842317	1.289486574e-10	0	0	0	0	0	0	0	0	0	0
0.0002536649354	4.274967585e-10	0	0	0	0	0	0	0	0	0	0
0.0003763416238	1.229555883e-09	3.147455257e-15	0	0	0	0	0	0	0	0	0
0.000517703535	2.716726147e-09	4.252152164e-15	0	0	0	0	0	0	0	0	0
0.0006597523976	4.84498115e-09	1.919087844e-15	0	0	0	0	0	0	0	0	0
0.0007842321362	7.350847497e-09	2.630915656e-15	0	0	0	0	0	0	0	0	0
0.0008758048839	9.758309722e-09	3.449049543e-15	0	0	0	0	0	0	0	0	0
0.0009241935815	1.152681494e-08	4.953723445e-15	0	0	0	0	0	0	0	0	0
0.0009252396961	1.224664962e-08	3.452853324e-15	0	0	0	0	0	0	0	0	0
0.0008808396477	1.178471846e-08	3.126615305e-15	0	0	0	0	0	0	0	0	0
0.0007980680863	1.028506627e-08	3.116205012e-15	0	0	0	0	0	0	0	0	0
0.0006878011045	8.15708856e-09	8.669469735e-15	0	0	0	0	0	0	0	0	0
0.0005631697658	5.849754114e-09	1.701950715e-15	0	0	0	0	0	0	0	0	0
0.0004383764709	3.782561707e-09	1.601721907e-15	0	0	0	0	0	0	0	0	0
0.000328662317	2.214445002e-09	3.737960703e-15	0	0	0	0	0	0	0	0	0
0.0002514889609	1.245605843e-09	2.68569789e-15	0	0	0	0	0	0	0	0	0
0.0002235679915	9.942564764e-10	0	0	0	0	0	0	0	0	0	0
0.0002425124192	1.425121765e-09	5.635781607e-15	0	0	0	0	0	0	0	0	0
0.0002860990795	2.225677634e-09	9.882152749e-15	0	0	0	0	0	0	0	0	0
0.0003367863651	3.27003807e-09	1.476156273e-14	0	0	0	0	0	0	0	0	0
0.0003861949206	4.486204772e-09	1.969885984e-14	0	0	0	0	0	0	0	0	0
0.0004298314613	5.807155986e-09	2.470486807e-14	0	0	0	0	0	0	0	0	0
0.000464515132	7.14994703e-09	3.054433793e-14	0	0	0	0	0	0	0	0	0
0.0004878778261	8.408995437e-09	3.640906169e-14	0	0	0	0	0	0	0	0	0
0.0004986218263	9.459968099e-09	4.032305065e-14	0	0	0	0	0	0	0	0	0
0.0004966309791	1.018187503e-08	4.340498114e-14	0	0	0	0	0	0	0	0	0
0.000482762752	1.044892731e-08	4.42939478e-14	0	0	0	0	0	0	0	0	0
0.0004582481335	1.013796861e-08	4.249402679e-14	0	0	0	0	0	0	0	0	0
0.0004239793831	9.201994471e-09	3.813701725e-14	0	0	0	0	0	0	0	0	0
0.0003800973671	7.703241499e-09	3.159309109e-14	0	0	0	0	0	0	0	0	0
0.0003261708264	5.814703252e-09	2.383231557e-14	0	0	0	0	0	0	0	0	0
0.000262253079	3.849969915e-09	1.494487451e-14	0	0	0	0	0	0	0	0	0
0.000190492459	2.146936648e-09	7.823267565e-15	0	0	0	0	0	0	0	0	0
0.0001168444248	9.516390616e-10	0	0	0	0	0	0	0	0	0	0
5.532463608e-05	3.075602942e-10	0	0	0	0	0	0	0	0	0	0
4.819335495e-05	6.213354423e-11	0	0	0	0	0	0	0	0	0	0
8.380354744e-05	4.030162293e-11	0	0	0	0	0	0	0	0	0	0
0.0001314926855	1.147794907e-10	0	0	0	0	0	0	0	0	0	0
0.0002111875176	4.001721187e-10	0	0	0	0	0	0	0	0	0	0
0.0003332011865	1.156546306e-09	5.331849039e-15	0	0	0	0	0	0	0	0	0
0.0004873253909	2.677635868e-09	1.145549862e-14	0	0	0	0	0	0	0	0	0
0.0006532623747	5.055226513e-09	2.254791691e-14	0	0	0	0	0	0	0	0	0
0.000808102526	8.070490381e-09	3.531952185e-14	0	0	0	0	0	0	0	0	0
0.0009309725577	1.11380703e-08	4.772322687e-14	0	0	0	0	0	0	0	0	0
0.001006418882	1.365224562e-08	5.675643798e-14	0	0	0	0	0	0	0	0	0
0.001026450783	1.496581309e-08	5.967631591e-14	0	0	0	0	0	0	0	0	0
0.0009910156814	1.480927305e-08	5.66888816e-14	0	0	0	0	0	0	0	0	0
0.0009072237949	1.327103377e-08	4.956289626e-14	0	0	0	0	0	0	0	0	0
0.0007876006867	1.083453972e-08	3.767231164e-14	0	0	0	0	0	0	0	0	0
0.0006478959616	8.0486452e-09	2.706004132e-14	0	0	0	0	0	0	0	0	0
0.0005050591091	5.402450385e-09	1.705974779e-14	0	0	0	0	0	0	0	0	0
0.00037618937	3.319594172e-09	9.615755693e-15	0	0	0	0	0	0	0	0	0
0.000279083297	1.923222015e-09	5.368920711e-15	0	0	0	0	0	0	0	0	0
0.0002313332371	1.335691811e-09	2.744575312e-15	0	0	0	0	0	0	0	0	0
0.0002360072093	1.602501634e-09	2.234047815e-15	0	0	0	0	0	0	0	0	0
0.000272944777	2.382343393e-09	2.261946679e-15	0	0	0	0	0	0	0	0	0
0.000322209784	3.433886955e-09	2.969809808e-15	0	0	0	0	0	0	0	0	0
0.0003741105184	4.649809972e-09	3.746369018e-15	0	0	0	0	0	0	0	0	0
0.0004235277238	5.948016096e-09	5.108500386e-15	0	0	0	0	0	0	0	0	0
0.0004663547951	7.233793713e-09	8.615671817e-15	0	0	0	0	0	0	0	0	0
0.0004988331758	8.41086874e-09	7.082940358e-15	0	0	0	0	0	0	0	0	0
0.0005180270741	9.368786148e-09	8.051859467e-15	0	0	0	0	0	0	0	0	0
0.0005223942365	1.000250284e-08	7.453597637e-15	0	0	0	0	0	0	0	0	0
0.0005118346196	1.019821428e-08	1.067090157e-14	0	0	0	0	0	0	0	0	0
0.0004874804302	9.870940035e-09	9.892275194e-15	0	0	0	0	0	0	0	0	0
0.0004510215449	8.972209912e-09	6.993146974e-15	0	0	0	0	0	0	0	0	0
0.0004039921585	7.549339411e-09	6.521328175e-15	0	0	0	0	0	0	0	0	0
0.0003474857163	5.762868171e-09	4.619302044e-15	0	0	0	0	0	0	0	0	0
0.0002824019882	3.870047451e-09	2.686251625e-15	0	0	0	0	0	0	0	0	0
0.000210629524	2.194428516e-09	4.333060127e-15	0	0	0	0	0	0	0	0	0
0.0001364861394	9.80578531e-10	0	0	0	0	0	0	0	0	0	0
6.857671847e-05	3.085894146e-10	0	0	0	0	0	0	0	0	0	0
3.22544969e-05	5.612358954e-11	0	0	0	0	0	0	0	0	0	0
5.837618828e-05	2.356780777e-11	0	0	0	0	0	0	0	0	0	0
0.0001011132398	5.153870585e-11	0	0	0	0	0	0	0	0	0	0
0.0001716882828	1.69067786e-10	0	0	0	0	0	0	0	0	0	0
0.0002837501818	6.350655365e-10	0	0	0	0	0	0	0	0	0	0
0.0004310499328	1.774760521e-09	4.30843269e-15	0	0	0	0	0	0	0	0	0
0.0005961728322	3.761900595e-09	4.905110703e-15	0	0	0	0	0	0	0	0	0
0.0007576994172	6.50324383e-09	6.441180528e-15	0	0	0	0	0	0	0	0	0
0.0008947845243	9.576854637e-09	5.228182612e-15	0	0	0	0	0	0	0	0	0
0.0009906017965	1.236348797e-08	4.573715959e-15	0	0	0	0	0	0	0	0	0
0.001034652425	1.419658566e-08	5.048881797e-15	0	0	0	0	0	0	0	0	0
0.001023777672	1.465235996e-08	4.378784435e-15	0	0	0	0	0	0	0	0	0
0.0009617975404	1.366686475e-08	5.367865789e-15	0	0	0	0	0	0	0	0	0
0.0008582682151	1.155564376e-08	4.611901543e-15	0	0	0	0	0	0	0	0	0
0.0007266700127	8.838478814e-09	2.346948065e-15	0	0	0	0	0	0	0	0	0
0.000582458624	6.093097345e-09	1.611228336e-15	0	0	0	0	0	0	0	0	0
0.0004415499001	3.77193907e-09	1.165281303e-15	0	0	0	0	0	0	0	0	0
0.0003201513889	2.105417503e-09	1.856691314e-15	0	0	0	0	0	0	0	0	0
0.0002364386558	1.164183499e-09	2.484711641e-15	0	0	0	0	0	0	0	0	0
0.0002079012856	1.03960494e-09	4.454737433e-15	0	0	0	0	0	0	0	0	0
0.0002298117424	1.566162294e-09	6.152410805e-15	0	0	0	0	0	0	0	0	0
0.0002768118248	2.413881538e-09	1.086382891e-14	0	0	0	0	0	0	0	0	0
0.0003317394396	3.482588704e-09	1.483281137e-14	0	0	0	0	0	0	0	0	0
0.0003871270503	4.707480997e-09	2.103059135e-14	0	0	0	0	0	0	0	0	0
0.0004383825991	6.014965487e-09	2.571621257e-14	0	0	0	0	0	0	0	0	0
0.0004813779527	7.325251656e-09	3.108915431e-14	0	0	0	0	0	0	0	0	0
0.000512510809	8.553940302e-09	3.622310426e-14	0	0	0	0	0	0	0	0	0
0.0005293355064	9.585916035e-09	4.057715036e-14	0	0	0	0	0	0	0	0	0
0.0005309785115	1.030673903e-08	4.375303372e-14	0	0	0	0	0	0	0	0	0
0.0005180452091	1.05974282e-08	4.462616753e-14	0	0	0	0	0	0	0	0	0
0.0004921271275	1.035586372e-08	4.368596336e-14	0	0	0	0	0	0	0	0	0
0.000454958211	9.494408276e-09	3.901036912e-14	0	0	0	0	0	0	0	0	0
0.0004077042838	8.054481238e-09	3.234840216e-14	0	0	0	0	0	0	0	0	0
0.0003507435539	6.194142255e-09	2.484049048e-14	0	0	0	0	0	0	0	0	0
0.0002843356034	4.205183198e-09	1.67831379e-14	0	0	0	0	0	0	0	0	0
0.0002101699165	2.417204886e-09	9.044700964e-15	0	0	0	0	0	0	0	0	0
0.0001331646613	1.115419672e-09	4.403367708e-15	0	0	0	0	0	0	0	0	0
6.460097705e-05	3.797669701e-10	0	0	0	0	0	0	0	0	0	0
4.192304542e-05	8.110533613e-11	0	0	0	0	0	0	0	0	0	0
7.609964338e-05	3.846612815e-11	0	0	0	0	0	0	0	0	0	0
0.000123801366	1.008422339e-10	0	0	0	0	0	0	0	0	0	0
0.0002033150413	3.550875551e-10	0	0	0	0	0	0	0	0	0	0
0.0003286701278	1.091898311e-09	4.091237763e-15	0	0	0	0	0	0	0	0	0
0.0004915467116	2.667320463e-09	1.098625277e-14	0	0	0	0	0	0	0	0	0
0.0006714938483	5.253576753e-09	2.248573681e-14	0	0	0	0	0	0	0	0	0
0.0008439269708	8.666137847e-09	3.703517934e-14	0	0	0	0	0	0	0	0	0
0.0009851106278	1.225221442e-08	5.169719249e-14	0	0	0	0	0	0	0	0	0
0.001076304541	1.525750083e-08	6.259289394e-14	0	0	0	0	0	0	0	0	0
0.001106494383	1.689750233e-08	6.720406291e-14	0	0	0	0	0	0	0	0	0
0.001073545443	1.675358437e-08	6.457655777e-14	0	0	0	0	0	0	0	0	0
0.0009839835058	1.492062531e-08	5.668714417e-14	0	0	0	0	0	0	0	0	0
0.0008512910497	1.19840936e-08	4.356423174e-14	0	0	0	0	0	0	0	0	0
0.0006933763513	8.620194549e-09	2.951592889e-14	0	0	0	0	0	0	0	0	0
0.0005298032166	5.517266213e-09	1.801844183e-14	0	0	0	0	0	0	0	0	0
0.0003797440915	3.126494649e-09	9.536763402e-15	0	0	0	0	0	0	0	0	0
0.0002621289936	1.576181406e-09	4.54940042e-15	0	0	0	0	0	0	0	0	0
0.0001980687795	8.028829037e-10	0	0	0	0	0	0	0	0	0	0
0.0001979614721	8.068810277e-10	0	0	0	0	0	0	0	0	0	0
0.0002386529082	1.384540462e-09	2.196987022e-15	0	0	0	0	0	0	0	0	0
0.0002946271102	2.309245142e-09	1.062757643e-14	0	0	0	0	0	0	0	0	0
0.0003552570581	3.5133616e-09	2.481842772e-15	0	0	0	0	0	0	0	0	0
0.0004152025196	4.924219935e-09	3.722514815e-15	0	0	0	0	0	0	0	0	0
0.000469575963	6.442982897e-09	7.309737806e-15	0	0	0	0	0	0	0	0	0
0.0005136488063	7.961891672e-09	1.198597502e-14	0	0	0	0	0	0	0	0	0
0.0005436316307	9.349397523e-09	8.387727161e-15	0	0	0	0	0	0	0	0	0
0.0005573437421	1.047373695e-08	1.019478427e-14	0	0	0	0	0	0	0	0	0
0.0005544351935	1.11802589e-08	1.031608891e-14	0	0	0	0	0	0	0	0	0
0.0005360558319	1.134312994e-08	1.315070076e-14	0	0	0	0	0	0	0	0	0
0.0005041985627	1.085028341e-08	9.325375818e-15	0	0	0	0	0	0	0	0	0
0.0004608246136	9.665986321e-09	8.563177264e-15	0	0	0	0	0	0	0	0	0
0.0004071094504	7.886722412e-09	8.390995474e-15	0	0	0	0	0	0	0	0	0
0.0003434978095	5.748976022e-09	4.546636824e-15	0	0	0	0	0	0	0	0	0
0.000270668535	3.608801877e-09	2.588571584e-15	0	0	0	0	0	0	0	0	0
0.0001912728335	1.844748321e-09	4.322903899e-15	0	0	0	0	0	0	0	0	0
0.0001119711167	6.96939616e-10	0	0	0	0	0	0	0	0	0	0
4.91060393e-05	1.591203242e-10	0	0	0	0	0	0	0	0	0	0
5.227068189e-05	2.214088817e-11	0	0	0	0	0	0	0	0	0	0
9.420254611e-05	4.526604116e-11	0	0	0	0	0	0	0	0	0	0
0.0001540449876	1.201579493e-10	0	0	0	0	0	0	0	0	0	0
0.0002545150221	4.489563309e-10	0	0	0	0	0	0	0	0	0	0
0.0004003694902	1.437031983e-09	1.481279691e-15	0	0	0	0	0	0	0	0	0
0.0005764680376	3.396147841e-09	1.494455522e-15	0	0	0	0	0	0	0	0	0
0.0007588317545	6.314278198e-09	2.54914013e-15	0	0	0	0	0	0	0	0	0
0.0009216797621	9.785285007e-09	4.611399027e-15	0	0	0	0	0	0	0	0	0
0.001042447106	1.30620675e-08	4.677192059e-15	0	0	0	0	0	0	0	0	0
0.001105537747	1.53368079e-08	6.119884658e-15	0	0	0	0	0	0	0	0	0
0.001104425442	1.603207387e-08	5.259971539e-15	0	0	0	0	0	0	0	0	0
0.001041907291	1.502167864e-08	4.119340907e-15	0	0	0	0	0	0	0	0	0
0.0009288492842	1.264375949e-08	3.403474429e-15	0	0	0	0	0	0	0	0	0
0.000781681808	9.550706053e-09	3.375669135e-15	0	0	0	0	0	0	0	0	0
0.0006195543263	6.450714325e-09	2.666848254e-15	0	0	0	0	0	0	0	0	0
0.000461684028	3.882818717e-09	4.838759115e-15	0	0	0	0	0	0	0	0	0
0.0003262286939	2.091632557e-09	2.53290744e-15	0	0	0	0	0	0	0	0	0
0.0002316230324	1.108420204e-09	1.872940807e-15	0	0	0	0	0	0	0	0	0
0.0001954600649	9.89758164e-10	0	0	0	0	0	0	0	0	0	0
0.0002135745627	1.573193275e-09	6.312869311e-15	0	0	0	0	0	0	0	0	0
0.0002596062954	2.526183868e-09	1.385544544e-14	0	0	0	0	0	0	0	0	0
0.0003164674062	3.739859197e-09	1.682174767e-14	0	0	0	0	0	0	0	0	0
0.0003772463771	5.132411465e-09	2.19584608e-14	0	0	0	0	0	0	0	0	0
0.0004370420753	6.633467355e-09	2.888622918e-14	0	0	0	0	0	0	0	0	0
0.0004906621235	8.136297549e-09	3.470933733e-14	0	0	0	0	0	0	0	0	0
0.0005330180831	9.544875795e-09	4.032314321e-14	0	0	0	0	0	0	0	0	0
0.0005601859209	1.075462945e-08	4.562399722e-14	0	0	0	0	0	0	0	0	0
0.0005700441143	1.16434475e-08	4.935358291e-14	0	0	0	0	0	0	0	0	0
0.0005624592319	1.208877172e-08	5.002060124e-14	0	0	0	0	0	0	0	0	0
0.0005389663187	1.196345074e-08	5.074417133e-14	0	0	0	0	0	0	0	0	0
0.0005019861194	1.120051165e-08	4.635721179e-14	0	0	0	0	0	0	0	0	0
0.0004538381054	9.781458373e-09	4.043237204e-14	0	0	0	0	0	0	0	0	0
0.0003959628853	7.818488489e-09	3.197622614e-14	0	0	0	0	0	0	0	0	0
0.0003289401935	5.591007057e-09	2.365976123e-14	0	0	0	0	0	0	0	0	0
0.0002536610476	3.445139018e-09	1.508967732e-14	0	0	0	0	0	0	0	0	0
0.0001732345837	1.74453127e-09	6.870442111e-15	0	0	0	0	0	0	0	0	0
9.537849766e-05	6.763238226e-10	0	0	0	0	0	0	0	0	0	0
4.251545646e-05	1.782765005e-10	0	0	0	0	0	0	0	0	0	0
6.309200888e-05	3.583586349e-11	0	0	0	0	0	0	0	0	0	0
0.0001093036647	6.979253409e-11	0	0	0	0	0	0	0	0	0	0
0.0001780720974	2.372397608e-10	0	0	0	0	0	0	0	0	0	0
0.0002908354473	7.810381299e-10	0	0	0	0	0	0	0	0	0	0
0.0004478145215	2.096958222e-09	8.05448428e-15	0	0	0	0	0	0	0	0	0
0.0006316842114	4.483465879e-09	1.872280032e-14	0	0	0	0	0	0	0	0	0
0.0008176832418	7.861386791e-09	3.301122945e-14	0	0	0	0	0	0	0	0	0
0.0009800617546	1.174358985e-08	4.901887949e-14	0	0	0	0	0	0	0	0	0
0.001096789854	1.532491075e-08	6.29171065e-14	0	0	0	0	0	0	0	0	0
0.001153076585	1.76942892e-08	7.022971969e-14	0	0	0	0	0	0	0	0	0
0.001143194992	1.827196822e-08	6.994108536e-14	0	0	0	0	0	0	0	0	0
0.001070738053	1.692499743e-08	6.286199594e-14	0	0	0	0	0	0	0	0	0
0.00094724912	1.412168132e-08	5.059381074e-14	0	0	0	0	0	0	0	0	0
0.0007898142699	1.059265768e-08	3.680180373e-14	0	0	0	0	0	0	0	0	0
0.0006181532586	7.091566555e-09	2.352433496e-14	0	0	0	0	0	0	0	0	0
0.0004520207094	4.213138695e-09	1.506934558e-14	0	0	0	0	0	0	0	0	0
0.0003099899023	2.206426645e-09	6.760356051e-15	0	0	0	0	0	0	0	0	0
0.0002118874265	1.054618825e-09	3.607399429e-15	0	0	0	0	0	0	0	0	0
0.0001790683786	6.906774485e-10	0	0	0	0	0	0	0	0	0	0
0.0002058146951	1.060568789e-09	8.858668644e-15	0	0	0	0	0	0	0	0	0
0.0002599881915	1.874183964e-09	3.866311793e-15	0	0	0	0	0	0	0	0	0
0.0003240730038	3.028400229e-09	7.080129987e-15	0	0	0	0	0	0	0	0	0
0.0003915347439	4.465740708e-09	4.336712393e-15	0	0	0	0	0	0	0	0	0
0.000457196465	6.100897889e-09	5.046250376e-15	0	0	0	0	0	0	0	0	0
0.0005154522674	7.828360687e-09	7.519384442e-15	0	0	0	0	0	0	0	0	0
0.0005610729551	9.527067348e-09	1.142408003e-14	0	0	0	0	0	0	0	0	0
0.0005902831022	1.104950456e-08	1.17459286e-14	0	0	0	0	0	0	0	0	0
0.0006012881904	1.223839592e-08	1.26977867e-14	0	0	0	0	0	0	0	0	0
0.000594314721	1.292234237e-08	1.308192952e-14	0	0	0	0	0	0	0	0	0
0.0005710482923	1.293014982e-08	1.38943364e-14	0	0	0	0	0	0	0	0	0
0.0005336901087	1.214556646e-08	1.464850167e-14	0	0	0	0	0	0	0	0	0
0.0004839550011	1.05609789e-08	1.137494496e-14	0	0	0	0	0	0	0	0	0
0.0004224550525	8.31904425e-09	8.66687874e-15	0	0	0	0	0	0	0	0	0
0.000349239188	5.773332285e-09	1.006352262e-14	0	0	0	0	0	0	0	0	0
0.000265481113	3.381219361e-09	4.698694835e-15	0	0	0	0	0	0	0	0	0
0.000175825112	1.567109654e-09	3.871245099e-15	0	0	0	0	0	0	0	0	0
9.14221634e-05	5.231548508e-10	0	0	0	0	0	0	0	0	0	0
4.554412727e-05	1.160738657e-10	0	0	0	0	0	0	0	0	0	0
7.579862462e-05	4.41765247e-11	0	0	0	0	0	0	0	0	0	0
0.0001259691143	7.965470599e-11	0	0	0	0	0	0	0	0	0	0
0.0002107692024	2.592614686e-10	0	0	0	0	0	0	0	0	0	0
0.0003512499663	1.007894318e-09	1.706566659e-15	0	0	0	0	0	0	0	0	0
0.0005389866962	2.812150838e-09	3.96815234e-15	0	0	0	0	0	0	0	0	0
0.0007488935646	5.889534973e-09	2.526737738e-15	0	0	0	0	0	0	0	0	0
0.0009501775857	9.951982851e-09	4.573770945e-15	0	0	0	0	0	0	0	0	0
0.001113068117	1.421445621e-08	5.692242671e-15	0	0	0	0	0	0	0	0	0
0.001214239545	1.761384507e-08	6.427034407e-15	0	0	0	0	0	0	0	0	0
0.001240598709	1.920390455e-08	6.455331785e-15	0	0	0	0	0	0	0	0	0
0.001190946883	1.860253981e-08	8.795726665e-15	0	0	0	0	0	0	0	0	0
0.001075386137	1.602421131e-08	9.214079175e-15	0	0	0	0	0	0	0	0	0
0.0009125936622	1.227006231e-08	3.45085066e-15	0	0	0	0	0	0	0	0	0
0.0007259034082	8.27421951e-09	5.224607727e-15	0	0	0	0	0	0	0	0	0
0.000538998253	4.870426204e-09	6.323595923e-15	0	0	0	0	0	0	0	0	0
0.0003727272763	2.467509926e-09	1.870792164e-15	0	0	0	0	0	0	0	0	0
0.0002448639101	1.086997032e-09	1.552931586e-15	0	0	0	0	0	0	0	0	0
0.0001743855518	5.404679721e-10	0	0	0	0	0	0	0	0	0	0
0.0001732659538	7.626792493e-10	0	0	0	0	0	0	0	0	0	0
0.0002178087457	1.504947394e-09	6.938441125e-15	0	0	0	0	0	0	0	0	0
0.0002812901217	2.64499302e-09	1.16125682e-14	0	0	0	0	0	0	0	0	0
0.0003529921018	4.130444886e-09	1.751517959e-14	0	0	0	0	0	0	0	0	0
0.0004266587515	5.884338444e-09	2.553517041e-14	0	0	0	0	0	0	0	0	0
0.0004958284227	7.781420085e-09	3.342614646e-14	0	0	0	0	0	0	0	0	0
0.0005541457817	9.676754866e-09	4.104314541e-14	0	0	0	0	0	0	0	0	0
0.0005964028669	1.140405104e-08	4.806986737e-14	0	0	0	0	0	0	0	0	0
0.0006193310177	1.281040928e-08	5.381298185e-14	0	0	0	0	0	0	0	0	0
0.0006218637516	1.373146411e-08	5.747657024e-14	0	0	0	0	0	0	0	0	0
0.0006050116375	1.397707403e-08	5.81312693e-14	0	0	0	0	0	0	0	0	0
0.0005712062267	1.347801166e-08	5.550336891e-14	0	0	0	0	0	0	0	0	0
0.0005232919504	1.213843304e-08	4.988816249e-14	0	0	0	0	0	0	0	0	0
0.0004635040177	1.007185879e-08	4.070777477e-14	0	0	0	0	0	0	0	0	0
0.0003930378418	7.535076656e-09	3.038366872e-14	0	0	0	0	0	0	0	0	0
0.0003128079543	4.913428493e-09	1.919354677e-14	0	0	0	0	0	0	0	0	0
0.0002252497744	2.686427459e-09	1.042860817e-14	0	0	0	0	0	0	0	0	0
0.0001367838573	1.152756785e-09	8.6906498e-15	0	0	0	0	0	0	0	0	0
6.259707175e-05	3.559065868e-10	0	0	0	0	0	0	0	0	0	0
5.272898253e-05	6.899898253e-11	0	0	0	0	0	0	0	0	0	0
9.616991583e-05	5.547767502e-11	0	0	0	0	0	0	0	0	0	0
0.0001574459298	1.737033839e-10	0	0	0	0	0	0	0	0	0	0
0.0002604384235	5.958859278e-10	0	0	0	0	0	0	0	0	0	0
0.0004136413712	1.694485314e-09	6.448862863e-15	0	0	0	0	0	0	0	0	0
0.0006021219038	3.815873929e-09	1.589574798e-14	0	0	0	0	0	0	0	0	0
0.0007999267818	7.030881775e-09	3.099073089e-14	0	0	0	0	0	0	0	0	0
0.0009785703067	1.086351542e-08	4.729116932e-14	0	0	0	0	0	0	0	0	0
0.001112794469	1.454019885e-08	6.262459391e-14	0	0	0	0	0	0	0	0	0
0.001184851217	1.720449814e-08	7.205808132e-14	0	0	0	0	0	0	0	0	0
0.001186964772	1.812727649e-08	7.273435549e-14	0	0	0	0	0	0	0	0	0
0.001121763592	1.708653111e-08	6.659786927e-14	0	0	0	0	0	0	0	0	0
0.001000805681	1.447571142e-08	5.434862051e-14	0	0	0	0	0	0	0	0	0
0.0008417951478	1.098170284e-08	3.929801735e-14	0	0	0	0	0	0	0	0	0
0.0006652191124	7.459520279e-09	2.582501736e-14	0	0	0	0	0	0	0	0	0
0.00049136028	4.510937119e-09	1.562025514e-14	0	0	0	0	0	0	0	0	0
0.0003385565557	2.401472398e-09	7.227081623e-15	0	0	0	0	0	0	0	0	0
0.0002249832331	1.154790892e-09	5.439118486e-15	0	0	0	0	0	0	0	0	0
0.0001731546687	6.73401016e-10	0	0	0	0	0	0	0	0	0	0
0.000189536854	9.874528784e-10	0	0	0	0	0	0	0	0	0	0
0.0002430040947	1.84475729e-09	5.78147823e-15	0	0	0	0	0	0	0	0	0
0.000310416768	3.103097134e-09	2.994032876e-15	0	0	0	0	0	0	0	0	0
0.000383556659	4.680708105e-09	7.600068609e-15	0	0	0	0	0	0	0	0	0
0.0004568395742	6.468599471e-09	5.509940076e-15	0	0	0	0	0	0	0	0	0
0.0005240627289	8.338005937e-09	6.752342541e-15	0	0	0	0	0	0	0	0	0
0.0005790993011	1.014168163e-08	8.614914351e-15	0	0	0	0	0	0	0	0	0
0.0006170990242	1.173956416e-08	1.120703842e-14	0	0	0	0	0	0	0	0	0
0.0006352949761	1.298351924e-08	1.291846794e-14	0	0	0	0	0	0	0	0	0
0.0006332847365	1.372148792e-08	1.375817401e-14	0	0	0	0	0	0	0	0	0
0.0006126140255	1.379693298e-08	1.498374976e-14	0	0	0	0	0	0	0	0	0
0.0005759574841	1.311182368e-08	1.392117263e-14	0	0	0	0	0	0	0	0	0
0.0005259513246	1.162212089e-08	1.463187998e-14	0	0	0	0	0	0	0	0	0
0.0004642654864	9.443966141e-09	1.111596571e-14	0	0	0	0	0	0	0	0	0
0.0003914216351	6.863782495e-09	8.549566285e-15	0	0	0	0	0	0	0	0	0
0.0003080448209	4.303827785e-09	4.870904981e-15	0	0	0	0	0	0	0	0	0
0.0002170891824	2.207058868e-09	4.730554306e-15	0	0	0	0	0	0	0	0	0
0.00012662026	8.503961219e-10	0	0	0	0	0	0	0	0	0	0
5.846878532e-05	2.177947737e-10	0	0	0	0	0	0	0	0	0	0
6.832737364e-05	4.996342019e-11	0	0	0	0	0	0	0	0	0	0
0.0001165897537	7.21147777e-11	0	0	0	0	0	0	0	0	0	0
0.0001849224278	1.605665876e-10	0	0	0	0	0	0	0	0	0	0
0.0003003053434	5.446730856e-10	0	0	0	0	0	0	0	0	0	0
0.0004687249218	1.733109782e-09	5.169237017e-15	0	0	0	0	0	0	0	0	0
0.0006725878221	4.130731824e-09	7.620800308e-15	0	0	0	0	0	0	0	0	0
0.0008839998255	7.768509767e-09	3.678526076e-15	0	0	0	0	0	0	0	0	0
0.001072938222	1.216797901e-08	6.044137984e-15	0	0	0	0	0	0	0	0	0
0.00121298949	1.639741839e-08	6.999968764e-15	0	0	0	0	0	0	0	0	0
0.001285476838	1.93528917e-08	7.139713843e-15	0	0	0	0	0	0	0	0	0
0.00128201198	2.026115372e-08	7.323833192e-15	0	0	0	0	0	0	0	0	0
0.001205052883	1.888067525e-08	7.998233479e-15	0	0	0	0	0	0	0	0	0
0.001066720702	1.567381966e-08	5.654775214e-15	0	0	0	0	0	0	0	0	0
0.00088625631	1.154087722e-08	3.996458453e-15	0	0	0	0	0	0	0	0	0
0.0006866723577	7.467533202e-09	1.974986442e-15	0	0	0	0	0	0	0	0	0
0.0004914172947	4.179216821e-09	1.144083969e-15	0	0	0	0	0	0	0	0	0
0.0003225852955	1.999123225e-09	6.068998784e-15	0	0	0	0	0	0	0	0	0
0.0002040598373	8.746176632e-10	0	0	0	0	0	0	0	0	0	0
0.0001666458244	7.476272086e-10	0	0	0	0	0	0	0	0	0	0
0.0002034771394	1.451820531e-09	6.55006582e-15	0	0	0	0	0	0	0	0	0
0.0002688866227	2.668975787e-09	1.259789065e-14	0	0	0	0	0	0	0	0	0
0.0003439723809	4.317600655e-09	1.898939183e-14	0	0	0	0	0	0	0	0	0
0.000423196752	6.303743441e-09	2.769332747e-14	0	0	0	0	0	0	0	0	0
0.0005009944268	8.487622793e-09	3.715231744e-14	0	0	0	0	0	0	0	0	0
0.0005706162388	1.071474356e-08	4.689144732e-14	0	0	0	0	0	0	0	0	0
0.0006257113064	1.279403862e-08	5.485558209e-14	0	0	0	0	0	0	0	0	0
0.0006616517381	1.455094023e-08	6.169723132e-14	0	0	0	0	0	0	0	0	0
0.0006760765614	1.577444422e-08	6.65387938e-14	0	0	0	0	0	0	0	0	0
0.0006688104625	1.62576366e-08	6.767124489e-14	0	0	0	0	0	0	0	0	0
0.0006412793432	1.583200174e-08	6.508547515e-14	0	0	0	0	0	0	0	0	0
0.0005956402691	1.445655213e-08	5.954111109e-14	0	0	0	0	0	0	0	0	0
0.0005339065922	1.217334139e-08	4.87748359e-14	0	0	0	0	0	0	0	0	0
0.0004575784701	9.245696312e-09	3.696724276e-14	0	0	0	0	0	0	0	0	0
0.000368271795	6.151246031e-09	2.362987269e-14	0	0	0	0	0	0	0	0	0
0.0002694442014	3.441809238e-09	1.359390436e-14	0	0	0	0	0	0	0	0	0
0.0001685835192	1.52481023e-09	5.400530405e-15	0	0	0	0	0	0	0	0	0
8.016613625e-05	4.926921542e-10	0	0	0	0	0	0	0	0	0	0
4.460450159e-05	9.947241923e-11	0	0	0	0	0	0	0	0	0	0
7.966803833e-05	4.624860993e-11	0	0	0	0	0	0	0	0	0	0
0.0001394442918	1.646553913e-10	0	0	0	0	0	0	0	0	0	0
0.0002514536226	6.222109257e-10	0	0	0	0	0	0	0	0	0	0
0.0004243998299	1.867794215e-09	7.712001233e-15	0	0	0	0	0	0	0	0	0
0.0006398203996	4.334402126e-09	1.912304126e-14	0	0	0	0	0	0	0	0	0
0.0008680130771	8.141786421e-09	3.726431546e-14	0	0	0	0	0	0	0	0	0
0.001076116667	1.280440142e-08	5.764818993e-14	0	0	0	0	0	0	0	0	0
0.001234351381	1.733352961e-08	7.634081596e-14	0	0	0	0	0	0	0	0	0
0.001321096521	2.058023127e-08	8.803920653e-14	0	0	0	0	0	0	0	0	0
0.001326095658	2.164857923e-08	9.01853127e-14	0	0	0	0	0	0	0	0	0
0.001251461166	2.024362133e-08	8.083248242e-14	0	0	0	0	0	0	0	0	0
0.001110430534	1.688287152e-08	6.591427815e-14	0	0	0	0	0	0	0	0	0
0.0009242755805	1.249443738e-08	4.685892039e-14	0	0	0	0	0	0	0	0	0
0.0007181565919	8.158324122e-09	3.08461483e-14	0	0	0	0	0	0	0	0	0
0.0005169099432	4.632005981e-09	1.576500449e-14	0	0	0	0	0	0	0	0	0
0.0003420543334	2.26453998e-09	7.28784629e-15	0	0	0	0	0	0	0	0	0
0.0002127646363	9.562011561e-10	0	0	0	0	0	0	0	0	0	0
0.000153050047	4.721698909e-10	0	0	0	0	0	0	0	0	0	0
0.000171086891	7.643507663e-10	0	0	0	0	0	0	0	0	0	0
0.000228728253	1.607734295e-09	1.013079733e-15	0	0	0	0	0	0	0	0	0
0.0003013997362	2.901103056e-09	2.117287062e-15	0	0	0	0	0	0	0	0	0
0.0003815192838	4.56301517e-09	4.846519376e-15	0	0	0	0	0	0	0	0	0
0.000462864714	6.462086398e-09	5.666133713e-15	0	0	0	0	0	0	0	0	0
0.0005381943413	8.420611091e-09	1.037051111e-14	0	0	0	0	0	0	0	0	0
0.0006005392797	1.026769175e-08	1.125627717e-14	0	0	0	0	0	0	0	0	0
0.000644411588	1.183589425e-08	1.426527583e-14	0	0	0	0	0	0	0	0	0
0.000666485838	1.294557647e-08	1.537272671e-14	0	0	0	0	0	0	0	0	0
0.0006657000188	1.345750102e-08	1.684197307e-14	0	0	0	0	0	0	0	0	0
0.0006430490495	1.325157737e-08	1.68504508e-14	0	0	0	0	0	0	0	0	0
0.0006009123368	1.227006648e-08	1.605461683e-14	0	0	0	0	0	0	0	0	0
0.0005422094599	1.054833968e-08	1.51068345e-14	0	0	0	0	0	0	0	0	0
0.000469742001	8.274998833e-09	1.109964394e-14	0	0	0	0	0	0	0	0	0
0.0003859753313	5.765655524e-09	8.633164938e-15	0	0	0	0	0	0	0	0	0
0.000293903318	3.439127404e-09	5.76904242e-15	0	0	0	0	0	0	0	0	0
0.0001985582387	1.662120775e-09	2.667690179e-15	0	0	0	0	0	0	0	0	0
0.0001089283823	6.000935684e-10	0	0	0	0	0	0	0	0	0	0
4.502422929e-05	1.485703563e-10	0	0	0	0	0	0	0	0	0	0
5.698022171e-05	3.550231553e-11	0	0	0	0	0	0	0	0	0	0
0.0001043398901	5.599840041e-11	0	0	0	0	0	0	0	0	0	0
0.0001829010755	1.752571272e-10	0	0	0	0	0	0	0	0	0	0
0.0003135085238	6.99746825e-10	0	0	0	0	0	0	0	0	0	0
0.000492019051	2.077614501e-09	8.689985362e-15	0	0	0	0	0	0	0	0	0
0.0006979498658	4.606361285e-09	1.971038663e-15	0	0	0	0	0	0	0	0	0
0.0009040910358	8.21649253e-09	1.069356929e-14	0	0	0	0	0	0	0	0	0
0.001082460518	1.233942355e-08	1.130149169e-14	0	0	0	0	0	0	0	0	0
0.001209185336	1.606574505e-08	8.022137451e-15	0	0	0	0	0	0	0	0	0
0.001268129722	1.839172839e-08	7.568672166e-15	0	0	0	0	0	0	0	0	0
0.001252982595	1.871837594e-08	7.507174305e-15	0	0	0	0	0	0	0	0	0
0.001167569097	1.695316071e-08	5.879629393e-15	0	0	0	0	0	0	0	0	0
0.001024618729	1.368331986e-08	6.919979168e-15	0	0	0	0	0	0	0	0	0
0.0008432951683	9.736050229e-09	4.755971658e-15	0	0	0	0	0	0	0	0	0
0.00064606797	6.049959773e-09	5.293036663e-15	0	0	0	0	0	0	0	0	0
0.0004555777937	3.202694267e-09	4.410985682e-15	0	0	0	0	0	0	0	0	0
0.0002929536776	1.419491859e-09	7.37469453e-16	0	0	0	0	0	0	0	0	0
0.0001810570769	5.833851012e-10	0	0	0	0	0	0	0	0	0	0
0.0001499566148	6.16588264e-10	0	0	0	0	0	0	0	0	0	0
0.0001889591354	1.288950492e-09	5.615139659e-15	0	0	0	0	0	0	0	0	0
0.0002536087551	2.392327594e-09	1.035750689e-14	0	0	0	0	0	0	0	0	0
0.0003283733375	3.875849426e-09	1.736090933e-14	0	0	0	0	0	0	0	0	0
0.000408466081	5.652134537e-09	2.598373783e-14	0	0	0	0	0	0	0	0	0
0.0004880135133	7.597509793e-09	3.351232215e-14	0	0	0	0	0	0	0	0	0
0.0005599184163	9.58450541e-09	4.048464434e-14	0	0	0	0	0	0	0	0	0
0.0006176818054	1.145127504e-08	4.813810983e-14	0	0	0	0	0	0	0	0	0
0.0006565979102	1.307104261e-08	5.402363082e-14	0	0	0	0	0	0	0	0	0
0.000674226285	1.425457098e-08	5.867482964e-14	0	0	0	0	0	0	0	0	0
0.0006703057937	1.485006811e-08	6.024920842e-14	0	0	0	0	0	0	0	0	0
0.0006462994472	1.470255112e-08	5.916635827e-14	0	0	0	0	0	0	0	0	0
0.0006045660913	1.373728986e-08	5.524699819e-14	0	0	0	0	0	0	0	0	0
