4.798624536e-08	3.167965877e-12	0	0	0	0	0	0	0	0	0	0
1.067509407e-07	1.350674729e-13	0	0	0	0	0	0	0	0	0	0
1.026275091e-06	3.820799975e-13	0	0	0	0	0	0	0	0	0	0
6.077849302e-06	1.983453613e-12	0	0	0	0	0	0	0	0	0	0
3.000414828e-05	9.394303669e-12	0	0	0	0	0	0	0	0	0	0
0.0001347041722	6.050959369e-11	0	0	0	0	0	0	0	0	0	0
0.0005714151846	3.307531617e-09	2.032603548e-15	0	0	0	0	0	0	0	0	0
0.00154184745	4.740708644e-08	2.319178792e-14	0	0	0	0	0	0	0	0	0
0.001066958628	1.732315508e-08	9.996868749e-15	0	0	0	0	0	0	0	0	0
0.0008936468042	1.391875826e-08	6.462778871e-15	0	0	0	0	0	0	0	0	0
0.0006929473358	1.021217652e-08	7.221275484e-15	0	0	0	0	0	0	0	0	0
0.0005036154534	6.697048554e-09	1.027542563e-14	0	0	0	0	0	0	0	0	0
0.000358349347	3.808894078e-09	1.553736478e-15	0	0	0	0	0	0	0	0	0
0.0002735896373	1.812733531e-09	5.843659948e-15	0	0	0	0	0	0	0	0	0
0.0002387905488	6.775386775e-10	0	0	0	0	0	0	0	0	0	0
0.0002266222595	2.336486791e-10	0	0	0	0	0	0	0	0	0	0
0.0002180002386	2.268661485e-10	0	0	0	0	0	0	0	0	0	0
0.0002057451167	2.424430326e-10	0	0	0	0	0	0	0	0	0	0
0.0001878376165	2.273696142e-10	0	0	0	0	0	0	0	0	0	0
0.0001646976998	1.990622389e-10	0	0	0	0	0	0	0	0	0	0
0.0001389749906	1.573886765e-10	0	0	0	0	0	0	0	0	0	0
0.0001149827319	1.108052017e-10	0	0	0	0	0	0	0	0	0	0
9.693273696e-05	9.148177007e-11	0	0	0	0	0	0	0	0	0	0
8.656957564e-05	1.141173296e-10	0	0	0	0	0	0	0	0	0	0
8.245688015e-05	1.326439488e-10	0	0	0	0	0	0	0	0	0	0
8.203444464e-05	1.28115487e-10	0	0	0	0	0	0	0	0	0	0
8.336491331e-05	1.120687849e-10	0	0	0	0	0	0	0	0	0	0
8.497855907e-05	1.023672358e-10	0	0	0	0	0	0	0	0	0	0
8.566376505e-05	1.052079732e-10	0	0	0	0	0	0	0	0	0	0
8.495935162e-05	1.149574024e-10	0	0	0	0	0	0	0	0	0	0
8.34384238e-05	1.24925704e-10	0	0	0	0	0	0	0	0	0	0
8.21960127e-05	1.310573777e-10	0	0	0	0	0	0	0	0	0	0
8.205309097e-05	1.312761759e-10	0	0	0	0	0	0	0	0	0	0
8.327505408e-05	1.247647019e-10	0	0	0	0	0	0	0	0	0	0
8.590891816e-05	1.12178037e-10	0	0	0	0	0	0	0	0	0	0
8.997254753e-05	9.71493185e-11	0	0	0	0	0	0	0	0	0	0
9.514169856e-05	8.894121992e-11	0	0	0	0	0	0	0	0	0	0
0.0001005278892	1.017054186e-10	0	0	0	0	0	0	0	0	0	0
0.0001050997566	1.45106161e-10	0	0	0	0	0	0	0	0	0	0
0.0001084236964	2.284526724e-10	0	0	0	0	0	0	0	0	0	0
0.0001112468616	3.673868567e-10	0	0	0	0	0	0	0	0	0	0
0.0001153980844	5.762539157e-10	0	0	0	0	0	0	0	0	0	0
0.0001228619979	8.61297882e-10	0	0	0	0	0	0	0	0	0	0
0.0001344968574	1.219498576e-09	9.114369052e-15	0	0	0	0	0	0	0	0	0
0.0001495544847	1.63742583e-09	1.48424404e-14	0	0	0	0	0	0	0	0	0
0.0001663404595	2.096159769e-09	1.250184953e-14	0	0	0	0	0	0	0	0	0
0.0001831968489	2.568762433e-09	1.070353559e-14	0	0	0	0	0	0	0	0	0
0.0001989321857	3.024966545e-09	1.360501625e-14	0	0	0	0	0	0	0	0	0
0.0002128394773	3.42882885e-09	1.59419934e-14	0	0	0	0	0	0	0	0	0
0.0002244438084	3.745393867e-09	1.648516273e-14	0	0	0	0	0	0	0	0	0
0.0002332432886	3.937775764e-09	1.922632142e-14	0	0	0	0	0	0	0	0	0
0.0002385942578	3.979003515e-09	1.788379369e-14	0	0	0	0	0	0	0	0	0
0.0002397927188	3.849289849e-09	1.674707856e-14	0	0	0	0	0	0	0	0	0
0.0002361758063	3.551693528e-09	1.589585407e-14	0	0	0	0	0	0	0	0	0
0.000227369931	3.105553501e-09	1.339411358e-14	0	0	0	0	0	0	0	0	0
0.0002135363974	2.560322637e-09	1.063529292e-14	0	0	0	0	0	0	0	0	0
0.0001956300799	1.973549547e-09	1.359934115e-14	0	0	0	0	0	0	0	0	0
0.0001757689062	1.413570877e-09	8.016903849e-15	0	0	0	0	0	0	0	0	0
0.0001572601641	9.321586764e-10	0	0	0	0	0	0	0	0	0	0
0.0001438355978	5.608580364e-10	0	0	0	0	0	0	0	0	0	0
0.0001373803058	3.073042046e-10	0	0	0	0	0	0	0	0	0	0
0.0001359097217	1.682106784e-10	0	0	0	0	0	0	0	0	0	0
0.0001347516167	1.28701606e-10	0	0	0	0	0	0	0	0	0	0
0.0001299818305	1.27013973e-10	0	0	0	0	0	0	0	0	0	0
0.0001210281395	1.216286544e-10	0	0	0	0	0	0	0	0	0	0
0.0001115298842	1.115749327e-10	0	0	0	0	0	0	0	0	0	0
0.0001080707534	1.021089175e-10	0	0	0	0	0	0	0	0	0	0
0.0001153188441	1.0636873e-10	0	0	0	0	0	0	0	0	0	0
0.000131410685	1.600636804e-10	0	0	0	0	0	0	0	0	0	0
0.0001511455057	2.988902837e-10	0	0	0	0	0	0	0	0	0	0
0.000170905674	5.702351093e-10	0	0	0	0	0	0	0	0	0	0
0.0001896934541	1.009188175e-09	4.668947946e-15	0	0	0	0	0	0	0	0	0
0.0002081931801	1.612053843e-09	6.944347508e-15	0	0	0	0	0	0	0	0	0
0.0002275269871	2.33181468e-09	5.380401634e-15	0	0	0	0	0	0	0	0	0
0.0002484112352	3.085401115e-09	8.402240073e-15	0	0	0	0	0	0	0	0	0
0.0002711236448	3.823049395e-09	7.188576557e-15	0	0	0	0	0	0	0	0	0
0.0002960123072	4.478322055e-09	8.307063987e-15	0	0	0	0	0	0	0	0	0
0.0003240916716	5.067709981e-09	1.364399896e-14	0	0	0	0	0	0	0	0	0
0.0003572059967	5.611255855e-09	1.157643172e-14	0	0	0	0	0	0	0	0	0
0.0003974529214	6.097594019e-09	1.372053988e-14	0	0	0	0	0	0	0	0	0
0.0004458216657	6.504690002e-09	1.740300495e-14	0	0	0	0	0	0	0	0	0
0.0005007051929	6.729377317e-09	2.143010535e-14	0	0	0	0	0	0	0	0	0
0.0005571082525	6.616300615e-09	2.643514261e-14	0	0	0	0	0	0	0	0	0
0.0006071653562	6.186218135e-09	3.005355638e-14	0	0	0	0	0	0	0	0	0
0.0006416361728	5.362059858e-09	3.321460338e-14	0	0	0	0	0	0	0	0	0
0.0006522265669	4.395032274e-09	3.177426748e-14	0	0	0	0	0	0	0	0	0
0.0006339924174	3.595723025e-09	2.811091564e-14	0	0	0	0	0	0	0	0	0
0.0005872881099	3.131758499e-09	2.236638825e-14	0	0	0	0	0	0	0	0	0
0.0005186116901	2.784839302e-09	1.348662542e-14	0	0	0	0	0	0	0	0	0
0.0004400351284	2.373940037e-09	7.57647165e-15	0	0	0	0	0	0	0	0	0
0.0003668305902	1.915020929e-09	2.816251801e-15	0	0	0	0	0	0	0	0	0
0.0003130240818	1.630276242e-09	1.244385748e-15	0	0	0	0	0	0	0	0	0
0.0002848383295	1.651096909e-09	2.351443568e-15	0	0	0	0	0	0	0	0	0
0.0002772995607	1.774933649e-09	3.460467396e-15	0	0	0	0	0	0	0	0	0
0.0002800725381	1.791156982e-09	3.30497224e-15	0	0	0	0	0	0	0	0	0
0.0002850439184	1.65660742e-09	2.266547679e-15	0	0	0	0	0	0	0	0	0
0.0002877696806	1.435640693e-09	1.486107229e-15	0	0	0	0	0	0	0	0	0
0.0002857980572	1.181563356e-09	1.270305287e-15	0	0	0	0	0	0	0	0	0
0.0002776345297	9.285930103e-10	0	0	0	0	0	0	0	0	0	0
0.0002627020888	6.972818803e-10	0	0	0	0	0	0	0	0	0	0
0.0002415617406	4.951159769e-10	0	0	0	0	0	0	0	0	0	0
0.0002159077636	3.334218327e-10	0	0	0	0	0	0	0	0	0	0
0.0001883814638	2.1637212e-10	0	0	0	0	0	0	0	0	0	0
0.0001625356925	1.525489677e-10	0	0	0	0	0	0	0	0	0	0
0.0001429834687	1.79031119e-10	0	0	0	0	0	0	0	0	0	0
0.0001346866639	3.008978279e-10	0	0	0	0	0	0	0	0	0	0
0.0001396451306	4.683225754e-10	0	0	0	0	0	0	0	0	0	0
0.0001540927072	6.451444084e-10	0	0	0	0	0	0	0	0	0	0
0.0001711278681	7.884529753e-10	0	0	0	0	0	0	0	0	0	0
0.0001846228877	8.617008851e-10	0	0	0	0	0	0	0	0	0	0
0.0001906859124	8.40672161e-10	0	0	0	0	0	0	0	0	0	0
0.0001878105843	7.366428213e-10	0	0	0	0	0	0	0	0	0	0
0.0001765946586	5.76999002e-10	0	0	0	0	0	0	0	0	0	0
0.0001592526763	4.042722549e-10	0	0	0	0	0	0	0	0	0	0
0.0001389849356	2.494676017e-10	0	0	0	0	0	0	0	0	0	0
0.000119334131	1.352790564e-10	0	0	0	0	0	0	0	0	0	0
0.0001036093742	7.063924062e-11	0	0	0	0	0	0	0	0	0	0
9.434951881e-05	5.561529541e-11	0	0	0	0	0	0	0	0	0	0
9.267526618e-05	6.808286588e-11	0	0	0	0	0	0	0	0	0	0
9.807427639e-05	8.97881715e-11	0	0	0	0	0	0	0	0	0	0
0.000108833257	1.175934168e-10	0	0	0	0	0	0	0	0	0	0
0.0001226423994	1.465587344e-10	0	0	0	0	0	0	0	0	0	0
0.0001369338714	1.697719676e-10	0	0	0	0	0	0	0	0	0	0
0.0001491510985	1.810418793e-10	0	0	0	0	0	0	0	0	0	0
0.0001571709303	1.773174288e-10	0	0	0	0	0	0	0	0	0	0
0.000159756357	1.585035294e-10	0	0	0	0	0	0	0	0	0	0
0.000156873007	1.352311875e-10	0	0	0	0	0	0	0	0	0	0
0.0001498516809	1.182228827e-10	0	0	0	0	0	0	0	0	0	0
0.0001413695945	1.270520916e-10	0	0	0	0	0	0	0	0	0	0
0.0001351065037	1.684439345e-10	0	0	0	0	0	0	0	0	0	0
0.0001348998781	2.545961386e-10	0	0	0	0	0	0	0	0	0	0
0.0001429268196	4.133204263e-10	0	0	0	0	0	0	0	0	0	0
0.00015830714	6.608410027e-10	0	0	0	0	0	0	0	0	0	0
0.0001775639682	9.828376343e-10	0	0	0	0	0	0	0	0	0	0
0.0001960921556	1.32582101e-09	3.646431353e-15	0	0	0	0	0	0	0	0	0
0.0002092826561	1.607140133e-09	3.631095234e-15	0	0	0	0	0	0	0	0	0
0.000213221422	1.735776035e-09	9.878665498e-15	0	0	0	0	0	0	0	0	0
0.0002053431549	1.649909171e-09	1.933744707e-15	0	0	0	0	0	0	0	0	0
0.0001851622958	1.355315743e-09	4.658031712e-15	0	0	0	0	0	0	0	0	0
0.0001549614866	9.361387605e-10	0	0	0	0	0	0	0	0	0	0
0.0001205409037	5.282283027e-10	0	0	0	0	0	0	0	0	0	0
9.183785902e-05	2.502623781e-10	0	0	0	0	0	0	0	0	0	0
8.061010978e-05	1.425233729e-10	0	0	0	0	0	0	0	0	0	0
8.868844664e-05	1.364571869e-10	0	0	0	0	0	0	0	0	0	0
0.0001092512328	1.716024288e-10	0	0	0	0	0	0	0	0	0	0
0.0001424819727	2.570922941e-10	0	0	0	0	0	0	0	0	0	0
0.0001900811804	4.275823808e-10	0	0	0	0	0	0	0	0	0	0
0.0002451192818	7.370535856e-10	0	0	0	0	0	0	0	0	0	0
0.0002930911062	1.154328286e-09	2.332091638e-15	0	0	0	0	0	0	0	0	0
0.0003183156614	1.502174108e-09	1.138583268e-14	0	0	0	0	0	0	0	0	0
0.0003103176366	1.578269798e-09	1.020259272e-14	0	0	0	0	0	0	0	0	0
0.0002687892219	1.329015275e-09	6.588999043e-15	0	0	0	0	0	0	0	0	0
0.0002059824605	8.936434232e-10	0	0	0	0	0	0	0	0	0	0
0.0001458937338	5.075839835e-10	0	0	0	0	0	0	0	0	0	0
0.0001152793615	3.166096627e-10	0	0	0	0	0	0	0	0	0	0
0.0001130398548	2.687535273e-10	0	0	0	0	0	0	0	0	0	0
0.0001154686868	2.748196621e-10	0	0	0	0	0	0	0	0	0	0
0.0001227049954	3.767219083e-10	0	0	0	0	0	0	0	0	0	0
0.0001509530878	7.278458863e-10	0	0	0	0	0	0	0	0	0	0
0.0001982200863	1.33503765e-09	2.066301208e-15	0	0	0	0	0	0	0	0	0
0.0002474184046	1.944470433e-09	1.091976587e-15	0	0	0	0	0	0	0	0	0
0.000284434014	2.173733737e-09	1.869976008e-15	0	0	0	0	0	0	0	0	0
0.000302535297	1.82223631e-09	8.62162856e-16	0	0	0	0	0	0	0	0	0
0.0003021403917	1.175458842e-09	2.431511045e-15	0	0	0	0	0	0	0	0	0
0.0002897950048	1.065946362e-09	4.574450845e-15	0	0	0	0	0	0	0	0	0
0.0002757131147	1.357465693e-09	6.128102701e-15	0	0	0	0	0	0	0	0	0
0.0002685416929	1.953581768e-09	2.603922639e-15	0	0	0	0	0	0	0	0	0
0.000269036136	3.433834814e-09	9.7008908e-15	0	0	0	0	0	0	0	0	0
0.0002697903442	5.212394121e-09	4.147329024e-15	0	0	0	0	0	0	0	0	0
0.0002624415073	6.377580264e-09	8.936449735e-15	0	0	0	0	0	0	0	0	0
0.0002455146216	6.34041776e-09	1.370802917e-15	0	0	0	0	0	0	0	0	0
0.0002290824581	5.049940477e-09	5.262605939e-15	0	0	0	0	0	0	0	0	0
0.0002323305081	2.954525035e-09	1.51859322e-15	0	0	0	0	0	0	0	0	0
0.0002664178633	1.140654056e-09	7.95330323e-16	0	0	0	0	0	0	0	0	0
0.00032310632	1.541602699e-09	9.31877919e-16	0	0	0	0	0	0	0	0	0
0.0003896159006	1.474071138e-09	1.241780143e-15	0	0	0	0	0	0	0	0	0
0.0004601983829	1.768340328e-09	1.706978869e-15	0	0	0	0	0	0	0	0	0
0.0005350292632	6.761638208e-09	5.967737667e-15	0	0	0	0	0	0	0	0	0
0.0006150749941	1.471527283e-08	4.020301206e-15	0	0	0	0	0	0	0	0	0
0.0006983953774	2.498193114e-08	4.383870916e-15	0	0	0	0	0	0	0	0	0
0.0007796528269	3.637877931e-08	7.222130695e-15	0	0	0	0	0	0	0	0	0
0.0008521260117	4.745737581e-08	7.342750035e-15	0	0	0	0	0	0	0	0	0
0.0009102584075	5.685403646e-08	9.875487406e-15	0	0	0	0	0	0	0	0	0
0.0009515354849	6.31493208e-08	9.712703216e-15	0	0	0	0	0	0	0	0	0
0.0009772916314	6.567360252e-08	1.049679585e-14	0	0	0	0	0	0	0	0	0
0.0009920631483	6.448775943e-08	1.242135975e-14	0	0	0	0	0	0	0	0	0
0.001001322571	5.969618648e-08	1.035113046e-14	0	0	0	0	0	0	0	0	0
0.00100808645	5.205941667e-08	9.639932078e-15	0	0	0	0	0	0	0	0	0
0.001009534859	4.241764364e-08	1.20102559e-14	0	0	0	0	0	0	0	0	0
0.0009959891106	3.175114211e-08	8.155053221e-15	0	0	0	0	0	0	0	0	0
0.0009537376509	2.14865501e-08	7.54506744e-15	0	0	0	0	0	0	0	0	0
0.0008707821136	1.280427352e-08	5.75745853e-15	0	0	0	0	0	0	0	0	0
0.000743353793	6.538249077e-09	7.096536044e-15	0	0	0	0	0	0	0	0	0
0.0005803139888	2.756693708e-09	2.791256748e-15	0	0	0	0	0	0	0	0	0
0.0004034896595	8.921919921e-10	0	0	0	0	0	0	0	0	0	0
0.0002443216309	2.468873436e-10	0	0	0	0	0	0	0	0	0	0
0.0001414373675	1.464025686e-10	0	0	0	0	0	0	0	0	0	0
0.0001216049402	1.105969111e-10	0	0	0	0	0	0	0	0	0	0
0.0001383978518	1.004213342e-10	0	0	0	0	0	0	0	0	0	0
0.0001553359603	9.154382644e-11	0	0	0	0	0	0	0	0	0	0
0.0001748848397	1.210939415e-10	0	0	0	0	0	0	0	0	0	0
0.0001975993073	3.013206271e-10	0	0	0	0	0	0	0	0	0	0
0.0002154751621	6.559459757e-10	0	0	0	0	0	0	0	0	0	0
0.0002214333518	1.00255311e-09	3.410647339e-15	0	0	0	0	0	0	0	0	0
0.0002140769264	1.18753772e-09	6.316913172e-15	0	0	0	0	0	0	0	0	0
0.0001969585067	1.167673643e-09	5.97631751e-15	0	0	0	0	0	0	0	0	0
0.0001761852852	9.966954752e-10	0	0	0	0	0	0	0	0	0	0
0.0001581037287	7.675477364e-10	0	0	0	0	0	0	0	0	0	0
0.0001476172459	5.535669217e-10	0	0	0	0	0	0	0	0	0	0
0.0001468153099	3.905048032e-10	0	0	0	0	0	0	0	0	0	0
0.0001540178359	2.791356051e-10	0	0	0	0	0	0	0	0	0	0
0.0001644004615	2.072637516e-10	0	0	0	0	0	0	0	0	0	0
0.0001721806149	1.618645396e-10	0	0	0	0	0	0	0	0	0	0
0.0001728152223	1.31708016e-10	0	0	0	0	0	0	0	0	0	0
0.0001643281508	1.079430529e-10	0	0	0	0	0	0	0	0	0	0
0.0001477172911	8.744717243e-11	0	0	0	0	0	0	0	0	0	0
0.0001264859539	7.353111593e-11	0	0	0	0	0	0	0	0	0	0
0.0001056517465	7.305092242e-11	0	0	0	0	0	0	0	0	0	0
9.055644699e-05	9.64335807e-11	0	0	0	0	0	0	0	0	0	0
8.553472352e-05	1.622023292e-10	0	0	0	0	0	0	0	0	0	0
9.1665113e-05	2.892049482e-10	0	0	0	0	0	0	0	0	0	0
0.0001058216844	4.811746156e-10	0	0	0	0	0	0	0	0	0	0
0.0001226809988	7.140632697e-10	0	0	0	0	0	0	0	0	0	0
0.0001369245199	9.339166167e-10	0	0	0	0	0	0	0	0	0	0
0.0001443483304	1.075450166e-09	6.371593927e-15	0	0	0	0	0	0	0	0	0
0.0001426907711	1.089903404e-09	5.790226431e-15	0	0	0	0	0	0	0	0	0
0.0001320233608	9.713488025e-10	0	0	0	0	0	0	0	0	0	0
0.0001145531317	7.603226305e-10	0	0	0	0	0	0	0	0	0	0
9.42729972e-05	5.221534458e-10	0	0	0	0	0	0	0	0	0	0
7.795320157e-05	3.206976925e-10	0	0	0	0	0	0	0	0	0	0
7.735572185e-05	1.919725286e-10	0	0	0	0	0	0	0	0	0	0
9.997402259e-05	1.611002908e-10	0	0	0	0	0	0	0	0	0	0
0.0001381701191	2.430481594e-10	0	0	0	0	0	0	0	0	0	0
0.0001803886876	3.887493669e-10	0	0	0	0	0	0	0	0	0	0
0.0002165631545	5.381128759e-10	0	0	0	0	0	0	0	0	0	0
0.0002383194645	6.380318201e-10	0	0	0	0	0	0	0	0	0	0
0.0002404965502	6.438626806e-10	0	0	0	0	0	0	0	0	0	0
0.0002228752896	5.522883714e-10	0	0	0	0	0	0	0	0	0	0
0.0001909278126	3.925400795e-10	0	0	0	0	0	0	0	0	0	0
0.0001552683571	2.168560995e-10	0	0	0	0	0	0	0	0	0	0
0.0001308402941	1.327577464e-10	0	0	0	0	0	0	0	0	0	0
0.0001348493356	3.46825541e-10	0	0	0	0	0	0	0	0	0	0
0.0001754189862	1.044292167e-09	6.592374352e-15	0	0	0	0	0	0	0	0	0
0.0002468122588	2.677131787e-09	1.464705511e-14	0	0	0	0	0	0	0	0	0
0.0003390003072	5.707407778e-09	2.858320058e-14	0	0	0	0	0	0	0	0	0
0.000439901465	1.017609399e-08	5.175768696e-14	0	0	0	0	0	0	0	0	0
0.0005348044069	1.534733051e-08	7.504691391e-14	0	0	0	0	0	0	0	0	0
0.0006072752241	1.963253371e-08	9.568757134e-14	0	0	0	0	0	0	0	0	0
0.0006409530291	2.119809953e-08	1.017866915e-13	0	0	0	0	0	0	0	0	0
0.0006224056684	1.894379844e-08	8.96367225e-14	0	0	0	0	0	0	0	0	0
0.0005455544657	1.356862133e-08	6.334193284e-14	0	0	0	0	0	0	0	0	0
0.0004175363691	7.39869964e-09	3.366143638e-14	0	0	0	0	0	0	0	0	0
0.0002654390464	2.8281794e-09	1.313019034e-14	0	0	0	0	0	0	0	0	0
0.0001475400889	6.849175332e-10	0	0	0	0	0	0	0	0	0	0
0.0001313708109	1.603462205e-10	0	0	0	0	0	0	0	0	0	0
0.0001513841652	3.291530922e-10	0	0	0	0	0	0	0	0	0	0
0.0002405432975	1.290169864e-09	9.148416541e-15	0	0	0	0	0	0	0	0	0
0.0004906734574	3.153047754e-09	2.316941745e-14	0	0	0	0	0	0	0	0	0
0.0008457189922	5.248938748e-09	6.924921418e-14	0	0	0	0	0	0	0	0	0
0.001217229168	6.816375772e-09	1.400602217e-13	0	0	0	0	0	0	0	0	0
0.001516377254	8.212042276e-09	2.148930726e-13	0	0	0	0	0	0	0	0	0
0.001674231508	1.198514298e-08	2.601360157e-13	0	0	0	0	0	0	0	0	0
0.001662822316	2.170599393e-08	2.556282715e-13	0	0	0	0	0	0	0	0	0
0.001505172086	3.528198961e-08	2.124396569e-13	0	0	0	0	0	0	0	0	0
0.001266995472	4.707121207e-08	1.564406631e-13	0	0	0	0	0	0	0	0	0
0.001032671043	5.288183213e-08	1.075690431e-13	0	0	0	0	0	0	0	0	0
0.0008721849715	5.201463868e-08	7.567407345e-14	0	0	0	0	0	0	0	0	0
0.0008061485083	4.627651857e-08	5.821150547e-14	0	0	0	0	0	0	0	0	0
0.0008005661004	3.790084209e-08	4.526810781e-14	0	0	0	0	0	0	0	0	0
0.0008073956924	2.806011468e-08	3.437114201e-14	0	0	0	0	0	0	0	0	0
0.0007955240164	1.78245638e-08	2.436365905e-14	0	0	0	0	0	0	0	0	0
0.0007526451845	8.551196281e-09	1.603694279e-14	0	0	0	0	0	0	0	0	0
0.0006800006819	2.486204439e-09	7.090019338e-15	0	0	0	0	0	0	0	0	0
0.0005879038014	3.240797538e-09	2.002176561e-15	0	0	0	0	0	0	0	0	0
0.0004916088638	3.176757019e-09	3.329866906e-15	0	0	0	0	0	0	0	0	0
0.0004081769495	3.548154085e-09	2.835022237e-15	0	0	0	0	0	0	0	0	0
0.0003553699993	6.922407804e-09	4.973077561e-15	0	0	0	0	0	0	0	0	0
0.0003466583279	1.016719794e-08	8.786091511e-15	0	0	0	0	0	0	0	0	0
0.0003764362104	1.194606885e-08	1.087512141e-14	0	0	0	0	0	0	0	0	0
0.0004186896228	1.219218141e-08	1.471045899e-14	0	0	0	0	0	0	0	0	0
0.0004451328938	1.164759916e-08	1.63515167e-14	0	0	0	0	0	0	0	0	0
0.0004384217078	1.076806556e-08	1.503788548e-14	0	0	0	0	0	0	0	0	0
0.0003967305402	9.793733148e-09	1.158648094e-14	0	0	0	0	0	0	0	0	0
0.0003332824361	8.490780914e-09	7.303577108e-15	0	0	0	0	0	0	0	0	0
0.0002704271303	6.744256062e-09	5.218091535e-15	0	0	0	0	0	0	0	0	0
0.0002289106442	4.625765667e-09	5.643772727e-15	0	0	0	0	0	0	0	0	0
0.000216046671	2.563626174e-09	4.330968503e-15	0	0	0	0	0	0	0	0	0
0.0002251179806	1.107976973e-09	1.831585723e-15	0	0	0	0	0	0	0	0	0
0.000245458441	6.342841711e-10	0	0	0	0	0	0	0	0	0	0
0.0002663863462	6.43023335e-10	0	0	0	0	0	0	0	0	0	0
0.0002779153618	7.449657054e-10	0	0	0	0	0	0	0	0	0	0
0.0002738227762	9.181822219e-10	0	0	0	0	0	0	0	0	0	0
0.0002541414965	9.874278399e-10	0	0	0	0	0	0	0	0	0	0
0.0002246735767	9.119445622e-10	0	0	0	0	0	0	0	0	0	0
0.0001941110219	7.713317762e-10	0	0	0	0	0	0	0	0	0	0
0.0001715631591	6.41013395e-10	0	0	0	0	0	0	0	0	0	0
0.000166077231	5.75264126e-10	0	0	0	0	0	0	0	0	0	0
0.0001821716744	6.019992654e-10	0	0	0	0	0	0	0	0	0	0
0.0002118702308	6.891951251e-10	0	0	0	0	0	0	0	0	0	0
0.0002392549817	7.524426022e-10	0	0	0	0	0	0	0	0	0	0
0.0002517521021	7.278825646e-10	0	0	0	0	0	0	0	0	0	0
0.0002458972387	6.023431678e-10	0	0	0	0	0	0	0	0	0	0
0.0002272603836	4.527235546e-10	0	0	0	0	0	0	0	0	0	0
0.0002048221125	3.437966367e-10	0	0	0	0	0	0	0	0	0	0
0.0001837210793	2.657301036e-10	0	0	0	0	0	0	0	0	0	0
0.0001652868286	2.09687856e-10	0	0	0	0	0	0	0	0	0	0
0.0001555918074	2.833713188e-10	0	0	0	0	0	0	0	0	0	0
0.0001674777708	6.215414697e-10	0	0	0	0	0	0	0	0	0	0
0.0002036985227	1.216889437e-09	8.494660643e-15	0	0	0	0	0	0	0	0	0
0.0002508486927	2.006302926e-09	5.799572802e-15	0	0	0	0	0	0	0	0	0
0.000293589061	2.806225781e-09	8.763118962e-15	0	0	0	0	0	0	0	0	0
0.0003213409171	3.37805051e-09	6.133293038e-15	0	0	0	0	0	0	0	0	0
0.0003287368683	3.525008268e-09	7.68722099e-15	0	0	0	0	0	0	0	0	0
0.0003150381359	3.197301386e-09	8.135827992e-15	0	0	0	0	0	0	0	0	0
0.000283856432	2.513102082e-09	5.029099674e-15	0	0	0	0	0	0	0	0	0
0.0002432209739	1.697065598e-09	7.712466102e-15	0	0	0	0	0	0	0	0	0
0.0002054642055	9.773142543e-10	0	0	0	0	0	0	0	0	0	0
0.0001844682944	4.907063387e-10	0	0	0	0	0	0	0	0	0	0
0.0001854090865	2.58352391e-10	0	0	0	0	0	0	0	0	0	0
0.0001986892134	2.234442186e-10	0	0	0	0	0	0	0	0	0	0
0.0002111700286	2.806570589e-10	0	0	0	0	0	0	0	0	0	0
0.0002154691072	3.477515455e-10	0	0	0	0	0	0	0	0	0	0
0.0002095464707	3.853221114e-10	0	0	0	0	0	0	0	0	0	0
0.0001940879728	3.741639956e-10	0	0	0	0	0	0	0	0	0	0
0.0001718305941	3.185514571e-10	0	0	0	0	0	0	0	0	0	0
0.0001492917271	2.44362915e-10	0	0	0	0	0	0	0	0	0	0
0.0001384132196	1.827253488e-10	0	0	0	0	0	0	0	0	0	0
0.0001507535063	1.656141845e-10	0	0	0	0	0	0	0	0	0	0
0.0001846962922	2.339826174e-10	0	0	0	0	0	0	0	0	0	0
0.0002279862631	4.195323512e-10	0	0	0	0	0	0	0	0	0	0
0.0002670271352	7.203721069e-10	0	0	0	0	0	0	0	0	0	0
0.0002897570415	1.066894006e-09	2.898397172e-15	0	0	0	0	0	0	0	0	0
0.0002882624428	1.346061028e-09	1.359499434e-15	0	0	0	0	0	0	0	0	0
0.0002620281008	1.469199566e-09	4.064354336e-15	0	0	0	0	0	0	0	0	0
0.0002193508809	1.459904771e-09	3.261448989e-15	0	0	0	0	0	0	0	0	0
0.0001764471518	1.486112246e-09	6.5933418e-15	0	0	0	0	0	0	0	0	0
0.0001611979225	1.756481844e-09	1.811655205e-15	0	0	0	0	0	0	0	0	0
0.0002111594748	2.389842788e-09	2.983247443e-15	0	0	0	0	0	0	0	0	0
0.0003294690961	3.269398962e-09	1.990370622e-15	0	0	0	0	0	0	0	0	0
0.0004874994133	3.87882196e-09	4.432142175e-15	0	0	0	0	0	0	0	0	0
0.000645722854	3.437026117e-09	3.264983253e-15	0	0	0	0	0	0	0	0	0
0.0007574870543	1.575435878e-09	5.760179209e-15	0	0	0	0	0	0	0	0	0
0.0007807524749	1.758849561e-09	4.608313478e-15	0	0	0	0	0	0	0	0	0
0.0006959672766	3.677948382e-09	4.093193257e-15	0	0	0	0	0	0	0	0	0
0.0005213724956	3.472965987e-09	5.977989046e-15	0	0	0	0	0	0	0	0	0
0.0003177945659	1.243438609e-09	4.60975492e-15	0	0	0	0	0	0	0	0	0
0.0001839463087	1.795269879e-09	8.483243936e-15	0	0	0	0	0	0	0	0	0
0.0001764546025	3.452126452e-09	2.926024593e-15	0	0	0	0	0	0	0	0	0
0.0002069761499	3.19864246e-09	4.041149151e-15	0	0	0	0	0	0	0	0	0
0.0002866683167	2.474772366e-09	3.302224167e-15	0	0	0	0	0	0	0	0	0
0.0004371576297	3.585056207e-09	1.814995086e-15	0	0	0	0	0	0	0	0	0
0.0006067247364	5.212041058e-09	7.432264251e-15	0	0	0	0	0	0	0	0	0
0.0007413175674	6.996689928e-09	3.054807142e-15	0	0	0	0	0	0	0	0	0
0.0008057529052	8.246719676e-09	4.394947209e-15	0	0	0	0	0	0	0	0	0
0.0007842626147	8.157625478e-09	5.330442895e-15	0	0	0	0	0	0	0	0	0
0.000682081729	7.04078975e-09	2.524264095e-15	0	0	0	0	0	0	0	0	0
0.0005283349672	5.226201561e-09	3.680831196e-15	0	0	0	0	0	0	0	0	0
0.0003753573623	3.599549718e-09	3.206568275e-15	0	0	0	0	0	0	0	0	0
0.000275311885	4.301528278e-09	4.88368078e-15	0	0	0	0	0	0	0	0	0
0.0002167255127	4.164692891e-09	4.337685436e-15	0	0	0	0	0	0	0	0	0
0.0001941742077	1.501544843e-09	9.382307792e-15	0	0	0	0	0	0	0	0	0
0.0003842409583	2.803123436e-09	6.951170309e-15	0	0	0	0	0	0	0	0	0
0.0007585622581	4.774001953e-09	5.258944463e-15	0	0	0	0	0	0	0	0	0
0.001199642729	5.935126856e-09	1.262197997e-14	0	0	0	0	0	0	0	0	0
0.001602144404	9.577638741e-09	2.279131976e-14	0	0	0	0	0	0	0	0	0
0.001868591158	1.520306958e-08	2.863850081e-14	0	0	0	0	0	0	0	0	0
0.001933748723	2.212971341e-08	2.915267521e-14	0	0	0	0	0	0	0	0	0
0.001787534626	2.949866906e-08	2.529619533e-14	0	0	0	0	0	0	0	0	0
0.001480244797	3.399903815e-08	1.784860479e-14	0	0	0	0	0	0	0	0	0
0.001104782453	3.314949357e-08	1.030691354e-14	0	0	0	0	0	0	0	0	0
0.0007628531797	2.722242921e-08	7.232718744e-15	0	0	0	0	0	0	0	0	0
0.0005312768264	1.970587357e-08	3.83903342e-15	0	0	0	0	0	0	0	0	0
0.0004300494856	1.33972838e-08	3.294613732e-15	0	0	0	0	0	0	0	0	0
0.0004090788783	9.211731546e-09	4.185464078e-15	0	0	0	0	0	0	0	0	0
0.0004063312932	6.587637237e-09	5.563333464e-15	0	0	0	0	0	0	0	0	0
0.0003897571957	4.673197895e-09	1.704414039e-15	0	0	0	0	0	0	0	0	0
0.0003482253978	3.01482997e-09	2.532443749e-15	0	0	0	0	0	0	0	0	0
0.00028423546	1.613297316e-09	3.277932002e-15	0	0	0	0	0	0	0	0	0
0.0002119838524	6.719244342e-10	0	0	0	0	0	0	0	0	0	0
0.0001534638979	2.1673229e-10	0	0	0	0	0	0	0	0	0	0
0.0001268429863	9.879577986e-11	0	0	0	0	0	0	0	0	0	0
0.0001269089099	1.106463664e-10	0	0	0	0	0	0	0	0	0	0
0.0001377570557	1.396046853e-10	0	0	0	0	0	0	0	0	0	0
0.0001548010399	1.857199552e-10	0	0	0	0	0	0	0	0	0	0
0.0001757278283	2.498534569e-10	0	0	0	0	0	0	0	0	0	0
0.0001940264815	3.037391205e-10	0	0	0	0	0	0	0	0	0	0
0.0002030319098	3.244406203e-10	0	0	0	0	0	0	0	0	0	0
0.0001990428567	3.065230595e-10	0	0	0	0	0	0	0	0	0	0
0.0001826250768	2.5565098e-10	0	0	0	0	0	0	0	0	0	0
0.0001612312769	1.762019063e-10	0	0	0	0	0	0	0	0	0	0
0.0001513328572	1.416818374e-10	0	0	0	0	0	0	0	0	0	0
0.0001671947094	4.27020629e-10	0	0	0	0	0	0	0	0	0	0
0.0002020101764	1.032329081e-09	8.14598803e-15	0	0	0	0	0	0	0	0	0
0.0002386753536	1.851033327e-09	1.710275352e-15	0	0	0	0	0	0	0	0	0
0.0002652631787	2.645934142e-09	6.022202276e-15	0	0	0	0	0	0	0	0	0
0.0002763217521	3.158336115e-09	8.673875729e-15	0	0	0	0	0	0	0	0	0
0.0002707635052	3.24367169e-09	1.249613937e-14	0	0	0	0	0	0	0	0	0
0.0002505279174	2.925957617e-09	5.067095736e-15	0	0	0	0	0	0	0	0	0
0.0002199008941	2.34937766e-09	1.460453587e-14	0	0	0	0	0	0	0	0	0
0.0001851973392	1.69267162e-09	3.459201331e-15	0	0	0	0	0	0	0	0	0
0.000154479947	1.098984643e-09	2.583919875e-15	0	0	0	0	0	0	0	0	0
0.0001359406154	6.42335806e-10	0	0	0	0	0	0	0	0	0	0
0.0001329646702	3.418278796e-10	0	0	0	0	0	0	0	0	0	0
0.0001404546698	1.834276475e-10	0	0	0	0	0	0	0	0	0	0
0.0001499922784	1.334793531e-10	0	0	0	0	0	0	0	0	0	0
0.0001555088986	1.321090453e-10	0	0	0	0	0	0	0	0	0	0
0.0001541288968	1.384839112e-10	0	0	0	0	0	0	0	0	0	0
0.0001456306906	1.404398235e-10	0	0	0	0	0	0	0	0	0	0
0.000132436823	1.354052311e-10	0	0	0	0	0	0	0	0	0	0
0.0001201685325	1.214382427e-10	0	0	0	0	0	0	0	0	0	0
0.000116730044	1.079430307e-10	0	0	0	0	0	0	0	0	0	0
0.0001268379868	1.191406066e-10	0	0	0	0	0	0	0	0	0	0
0.0001467804823	1.693142541e-10	0	0	0	0	0	0	0	0	0	0
0.0001685546425	2.416916745e-10	0	0	0	0	0	0	0	0	0	0
0.0001853573509	3.112630601e-10	0	0	0	0	0	0	0	0	0	0
0.0001929551981	3.552663908e-10	0	0	0	0	0	0	0	0	0	0
0.0001896057821	3.621283393e-10	0	0	0	0	0	0	0	0	0	0
0.000175797797	3.294270561e-10	0	0	0	0	0	0	0	0	0	0
0.0001540859594	2.671628818e-10	0	0	0	0	0	0	0	0	0	0
0.0001286284967	1.877703556e-10	0	0	0	0	0	0	0	0	0	0
0.0001049726479	1.157152272e-10	0	0	0	0	0	0	0	0	0	0
8.98489912e-05	9.718487743e-11	0	0	0	0	0	0	0	0	0	0
8.936525541e-05	1.712771764e-10	0	0	0	0	0	0	0	0	0	0
0.0001036400598	3.188376041e-10	0	0	0	0	0	0	0	0	0	0
0.0001269028023	5.328750853e-10	0	0	0	0	0	0	0	0	0	0
0.0001527327581	7.941441307e-10	0	0	0	0	0	0	0	0	0	0
0.0001758109947	1.071018279e-09	3.372706527e-15	0	0	0	0	0	0	0	0	0
0.0001920495243	1.295526138e-09	1.216587514e-14	0	0	0	0	0	0	0	0	0
0.0001991632074	1.413225601e-09	4.175936828e-15	0	0	0	0	0	0	0	0	0
0.0001973763945	1.364123823e-09	1.247344911e-15	0	0	0	0	0	0	0	0	0
0.0001900959936	1.112685763e-09	8.673829555e-15	0	0	0	0	0	0	0	0	0
0.0001843113376	7.162255504e-10	0	0	0	0	0	0	0	0	0	0
0.0001894240231	4.103426396e-10	0	0	0	0	0	0	0	0	0	0
0.0002124083892	4.731187925e-10	0	0	0	0	0	0	0	0	0	0
0.0002532654229	5.659864743e-10	0	0	0	0	0	0	0	0	0	0
0.0003075236864	1.431991954e-09	1.73900608e-15	0	0	0	0	0	0	0	0	0
0.0003717646017	3.904193748e-09	7.350091653e-15	0	0	0	0	0	0	0	0	0
0.0004467540631	8.344485205e-09	1.20805168e-14	0	0	0	0	0	0	0	0	0
0.0005386428952	1.519258723e-08	2.398303895e-14	0	0	0	0	0	0	0	0	0
0.0006576836717	2.471158118e-08	3.889942036e-14	0	0	0	0	0	0	0	0	0
0.0008133741962	3.661421687e-08	6.668194934e-14	0	0	0	0	0	0	0	0	0
0.001007761817	4.959734777e-08	1.025004309e-13	0	0	0	0	0	0	0	0	0
0.001230524373	6.128998963e-08	1.520563037e-13	0	0	0	0	0	0	0	0	0
0.001457610509	6.799998165e-08	2.104526648e-13	0	0	0	0	0	0	0	0	0
0.00165290268	6.653137349e-08	2.579294204e-13	0	0	0	0	0	0	0	0	0
0.001773119892	5.608632794e-08	2.851222642e-13	0	0	0	0	0	0	0	0	0
0.001776941136	3.930249379e-08	2.793193662e-13	0	0	0	0	0	0	0	0	0
0.001638231689	2.16536362e-08	2.27692239e-13	0	0	0	0	0	0	0	0	0
0.001360581076	8.820991075e-09	1.523201446e-13	0	0	0	0	0	0	0	0	0
0.0009860888377	2.501677495e-09	8.047736175e-14	0	0	0	0	0	0	0	0	0
0.0005915902603	8.614700001e-10	0	0	0	0	0	0	0	0	0	0
0.0002711529986	4.757671942e-10	0	0	0	0	0	0	0	0	0	0
0.0001239613741	1.16984084e-10	0	0	0	0	0	0	0	0	0	0
0.0001201248095	2.575053643e-10	0	0	0	0	0	0	0	0	0	0
0.0001339323366	1.795315321e-10	0	0	0	0	0	0	0	0	0	0
0.0002293269126	4.716648838e-10	0	0	0	0	0	0	0	0	0	0
0.0003640653952	2.280257062e-09	1.421319916e-14	0	0	0	0	0	0	0	0	0
0.0004788030471	5.963301202e-09	2.683568312e-14	0	0	0	0	0	0	0	0	0
0.0005475107353	1.002686623e-08	4.623422636e-14	0	0	0	0	0	0	0	0	0
0.000563490329	1.262000044e-08	5.48984428e-14	0	0	0	0	0	0	0	0	0
0.0005307917447	1.267063978e-08	5.15785784e-14	0	0	0	0	0	0	0	0	0
0.0004596079451	1.047830041e-08	4.222585505e-14	0	0	0	0	0	0	0	0	0
0.0003641835734	7.210454387e-09	3.024138698e-14	0	0	0	0	0	0	0	0	0
0.0002614524127	4.100095832e-09	1.420571514e-14	0	0	0	0	0	0	0	0	0
0.0001697598601	1.905266565e-09	7.712397689e-15	0	0	0	0	0	0	0	0	0
0.0001074161486	7.256350907e-10	0	0	0	0	0	0	0	0	0	0
8.539624696e-05	2.484174769e-10	0	0	0	0	0	0	0	0	0	0
9.161787756e-05	9.473039883e-11	0	0	0	0	0	0	0	0	0	0
0.0001134172042	8.164557649e-11	0	0	0	0	0	0	0	0	0	0
0.0001482727126	1.637586692e-10	0	0	0	0	0	0	0	0	0	0
0.0001864748307	2.93485622e-10	0	0	0	0	0	0	0	0	0	0
0.0002137398713	4.122615135e-10	0	0	0	0	0	0	0	0	0	0
0.0002196003748	4.65192848e-10	0	0	0	0	0	0	0	0	0	0
0.0002015135758	4.396579243e-10	0	0	0	0	0	0	0	0	0	0
0.000165461818	3.601665344e-10	0	0	0	0	0	0	0	0	0	0
0.0001238796122	2.776014225e-10	0	0	0	0	0	0	0	0	0	0
9.111053187e-05	2.141137818e-10	0	0	0	0	0	0	0	0	0	0
7.452218637e-05	1.664927524e-10	0	0	0	0	0	0	0	0	0	0
6.813394899e-05	1.273334419e-10	0	0	0	0	0	0	0	0	0	0
6.665319764e-05	9.443035942e-11	0	0	0	0	0	0	0	0	0	0
7.522116084e-05	8.384809568e-11	0	0	0	0	0	0	0	0	0	0
9.578617957e-05	1.399166748e-10	0	0	0	0	0	0	0	0	0	0
0.0001207484146	2.529697414e-10	0	0	0	0	0	0	0	0	0	0
0.0001423327191	4.021418199e-10	0	0	0	0	0	0	0	0	0	0
0.0001569017492	5.918193601e-10	0	0	0	0	0	0	0	0	0	0
0.0001646770045	8.374431157e-10	0	0	0	0	0	0	0	0	0	0
0.0001683304136	1.1366959e-09	2.784461182e-15	0	0	0	0	0	0	0	0	0
0.0001710080711	1.45908374e-09	3.468737102e-15	0	0	0	0	0	0	0	0	0
0.0001746004753	1.757360571e-09	1.605333752e-15	0	0	0	0	0	0	0	0	0
0.0001792622462	1.980559716e-09	4.639561523e-15	0	0	0	0	0	0	0	0	0
0.0001843176409	2.091278738e-09	6.636763471e-15	0	0	0	0	0	0	0	0	0
0.0001891318631	2.070495608e-09	1.038983507e-14	0	0	0	0	0	0	0	0	0
0.0001932083337	1.923474425e-09	9.112096083e-15	0	0	0	0	0	0	0	0	0
0.0001958702029	1.675605664e-09	9.565099838e-15	0	0	0	0	0	0	0	0	0
0.0001961021897	1.368838809e-09	5.616555212e-15	0	0	0	0	0	0	0	0	0
0.0001932049974	1.04848849e-09	3.95464095e-15	0	0	0	0	0	0	0	0	0
0.0001874170121	7.540734553e-10	0	0	0	0	0	0	0	0	0	0
0.0001801941777	5.138612258e-10	0	0	0	0	0	0	0	0	0	0
0.0001736727909	3.452282814e-10	0	0	0	0	0	0	0	0	0	0
0.0001694941443	2.579150411e-10	0	0	0	0	0	0	0	0	0	0
0.0001678684756	2.333490043e-10	0	0	0	0	0	0	0	0	0	0
0.0001676328241	2.242513815e-10	0	0	0	0	0	0	0	0	0	0
0.0001672477212	2.033089311e-10	0	0	0	0	0	0	0	0	0	0
0.0001656778768	1.8036934e-10	0	0	0	0	0	0	0	0	0	0
0.0001625623845	1.871366461e-10	0	0	0	0	0	0	0	0	0	0
0.000157927343	2.322023475e-10	0	0	0	0	0	0	0	0	0	0
0.0001518419243	2.873009835e-10	0	0	0	0	0	0	0	0	0	0
0.0001445235914	3.241823652e-10	0	0	0	0	0	0	0	0	0	0
0.0001367861867	3.338070995e-10	0	0	0	0	0	0	0	0	0	0
0.0001302800984	3.167745844e-10	0	0	0	0	0	0	0	0	0	0
0.0001269649849	2.86371742e-10	0	0	0	0	0	0	0	0	0	0
0.0001276943321	2.613844827e-10	0	0	0	0	0	0	0	0	0	0
0.0001313979962	2.588769747e-10	0	0	0	0	0	0	0	0	0	0
0.0001360589621	2.8006309e-10	0	0	0	0	0	0	0	0	0	0
0.0001401802011	3.161375305e-10	0	0	0	0	0	0	0	0	0	0
0.0001431990143	3.666719451e-10	0	0	0	0	0	0	0	0	0	0
0.0001456594939	4.573244667e-10	0	0	0	0	0	0	0	0	0	0
0.0001514964815	6.697277262e-10	0	0	0	0	0	0	0	0	0	0
0.0001728478573	1.127842949e-09	8.72451472e-16	0	0	0	0	0	0	0	0	0
0.0002270620912	1.962173469e-09	9.726491942e-15	0	0	0	0	0	0	0	0	0
0.0003213446491	3.271066598e-09	6.874645395e-15	0	0	0	0	0	0	0	0	0
0.0004486783292	5.067012094e-09	3.147507925e-15	0	0	0	0	0	0	0	0	0
0.00059435142	7.184502031e-09	4.304459551e-15	0	0	0	0	0	0	0	0	0
0.0007397181038	9.340857954e-09	8.065618803e-15	0	0	0	0	0	0	0	0	0
0.0008646357356	1.107766833e-08	9.253827983e-15	0	0	0	0	0	0	0	0	0
0.0009507981866	1.201514403e-08	7.162355816e-15	0	0	0	0	0	0	0	0	0
0.0009853111511	1.185809321e-08	1.092652058e-14	0	0	0	0	0	0	0	0	0
0.0009638756236	1.06513632e-08	6.588922873e-15	0	0	0	0	0	0	0	0	0
0.0008922111341	8.531716355e-09	4.908440518e-15	0	0	0	0	0	0	0	0	0
0.0007854306697	6.191249159e-09	4.127715843e-15	0	0	0	0	0	0	0	0	0
0.0006649547715	4.401844175e-09	3.124175156e-15	0	0	0	0	0	0	0	0	0
0.0005537178387	3.589549973e-09	4.828107128e-15	0	0	0	0	0	0	0	0	0
0.0004700070242	3.373164084e-09	2.259256917e-15	0	0	0	0	0	0	0	0	0
0.0004209771534	3.398619973e-09	2.749604493e-15	0	0	0	0	0	0	0	0	0
0.000400752544	4.00477506e-09	2.019520417e-15	0	0	0	0	0	0	0	0	0
0.0003971835952	5.277189114e-09	5.951748216e-15	0	0	0	0	0	0	0	0	0
0.0003999712778	6.714414001e-09	4.371352728e-15	0	0	0	0	0	0	0	0	0
0.0004028709806	7.862964573e-09	3.763750528e-15	0	0	0	0	0	0	0	0	0
0.0004022702423	8.481666883e-09	3.865043105e-15	0	0	0	0	0	0	0	0	0
0.0003959025869	8.495020015e-09	2.775479312e-15	0	0	0	0	0	0	0	0	0
0.0003822464825	7.879100506e-09	1.91615638e-15	0	0	0	0	0	0	0	0	0
0.0003604396746	6.732584596e-09	5.006542222e-15	0	0	0	0	0	0	0	0	0
0.0003303921096	5.214412268e-09	1.255484214e-15	0	0	0	0	0	0	0	0	0
0.0002932435157	3.584773512e-09	2.722572658e-15	0	0	0	0	0	0	0	0	0
0.0002523042289	2.110398399e-09	3.518195202e-15	0	0	0	0	0	0	0	0	0
0.0002143580145	1.075840274e-09	4.193481749e-15	0	0	0	0	0	0	0	0	0
0.0001901255437	6.000087664e-10	0	0	0	0	0	0	0	0	0	0
0.0001891566625	4.118733069e-10	0	0	0	0	0	0	0	0	0	0
0.0002094423405	5.994042033e-10	0	0	0	0	0	0	0	0	0	0
0.0002390239338	1.193970971e-09	3.850067073e-15	0	0	0	0	0	0	0	0	0
0.0002667516352	1.79321118e-09	4.318202051e-15	0	0	0	0	0	0	0	0	0
0.0002860256504	2.159961118e-09	4.073715945e-15	0	0	0	0	0	0	0	0	0
0.0002938562307	2.215890872e-09	4.13117514e-15	0	0	0	0	0	0	0	0	0
0.0002895456864	1.982616738e-09	1.566659144e-15	0	0	0	0	0	0	0	0	0
0.0002737988183	1.572115891e-09	5.351844594e-15	0	0	0	0	0	0	0	0	0
0.0002483263631	1.114594985e-09	4.447131196e-15	0	0	0	0	0	0	0	0	0
0.0002158037723	7.191904174e-10	0	0	0	0	0	0	0	0	0	0
0.0001799562859	4.361062453e-10	0	0	0	0	0	0	0	0	0	0
0.000145556146	2.672772229e-10	0	0	0	0	0	0	0	0	0	0
0.0001181868914	1.706955099e-10	0	0	0	0	0	0	0	0	0	0
0.0001030701694	1.131215594e-10	0	0	0	0	0	0	0	0	0	0
0.0001023271401	8.530797696e-11	0	0	0	0	0	0	0	0	0	0
0.000113450579	8.458970357e-11	0	0	0	0	0	0	0	0	0	0
0.0001322589806	1.029468008e-10	0	0	0	0	0	0	0	0	0	0
0.0001550559979	1.305385512e-10	0	0	0	0	0	0	0	0	0	0
0.0001783321183	1.665023366e-10	0	0	0	0	0	0	0	0	0	0
0.0001986625737	2.464418647e-10	0	0	0	0	0	0	0	0	0	0
0.0002133167646	4.178332828e-10	0	0	0	0	0	0	0	0	0	0
0.0002209051588	6.756624497e-10	0	0	0	0	0	0	0	0	0	0
0.0002215949152	9.787076395e-10	0	0	0	0	0	0	0	0	0	0
0.0002168481532	1.271480491e-09	8.877245294e-15	0	0	0	0	0	0	0	0	0
0.0002088954141	1.501089051e-09	5.246699642e-15	0	0	0	0	0	0	0	0	0
0.0002001815117	1.630585782e-09	6.804103623e-15	0	0	0	0	0	0	0	0	0
0.0001928623714	1.645914469e-09	3.415744825e-15	0	0	0	0	0	0	0	0	0
0.0001883617041	1.557783337e-09	5.142093762e-15	0	0	0	0	0	0	0	0	0
0.0001868247648	1.399425889e-09	3.876098608e-15	0	0	0	0	0	0	0	0	0
0.0001867885331	1.218043266e-09	2.549780892e-15	0	0	0	0	0	0	0	0	0
0.0001855901338	1.055559186e-09	8.728498442e-15	0	0	0	0	0	0	0	0	0
0.0001803676321	9.243175648e-10	0	0	0	0	0	0	0	0	0	0
0.0001692326468	7.983512382e-10	0	0	0	0	0	0	0	0	0	0
0.0001521962368	6.495685075e-10	0	0	0	0	0	0	0	0	0	0
0.0001318032234	4.771617631e-10	0	0	0	0	0	0	0	0	0	0
0.0001133340914	3.104040581e-10	0	0	0	0	0	0	0	0	0	0
0.0001034171283	1.943773973e-10	0	0	0	0	0	0	0	0	0	0
0.000105174794	1.530277542e-10	0	0	0	0	0	0	0	0	0	0
0.0001148735415	1.568076964e-10	0	0	0	0	0	0	0	0	0	0
0.0001266725431	1.743067308e-10	0	0	0	0	0	0	0	0	0	0
0.0001372093542	2.008774419e-10	0	0	0	0	0	0	0	0	0	0
0.0001453610777	2.323553634e-10	0	0	0	0	0	0	0	0	0	0
0.0001501428835	2.562981573e-10	0	0	0	0	0	0	0	0	0	0
0.0001497668833	2.573426804e-10	0	0	0	0	0	0	0	0	0	0
0.0001426795945	2.273928956e-10	0	0	0	0	0	0	0	0	0	0
0.0001298789935	1.792089827e-10	0	0	0	0	0	0	0	0	0	0
0.0001167665346	1.564563881e-10	0	0	0	0	0	0	0	0	0	0
0.0001117553218	2.037317451e-10	0	0	0	0	0	0	0	0	0	0
0.0001187512712	3.073704815e-10	0	0	0	0	0	0	0	0	0	0
0.0001327018741	4.562132568e-10	0	0	0	0	0	0	0	0	0	0
0.0001468168149	6.517284567e-10	0	0	0	0	0	0	0	0	0	0
0.0001583027059	9.003274848e-10	0	0	0	0	0	0	0	0	0	0
0.0001675884947	1.203026844e-09	8.513423594e-15	0	0	0	0	0	0	0	0	0
0.00017517931	1.51910054e-09	4.733077036e-15	0	0	0	0	0	0	0	0	0
0.0001796511082	1.744530558e-09	9.218668091e-15	0	0	0	0	0	0	0	0	0
0.0001781807353	1.739453917e-09	8.027145751e-15	0	0	0	0	0	0	0	0	0
0.0001687590616	1.43948781e-09	1.072527294e-14	0	0	0	0	0	0	0	0	0
0.0001525773613	9.174743581e-10	0	0	0	0	0	0	0	0	0	0
0.0001357285965	3.788931844e-10	0	0	0	0	0	0	0	0	0	0
0.0001284261347	1.284153479e-10	0	0	0	0	0	0	0	0	0	0
0.0001368496537	2.339094422e-10	0	0	0	0	0	0	0	0	0	0
0.0001552405573	6.085316477e-10	0	0	0	0	0	0	0	0	0	0
0.0001728370325	1.222177234e-09	7.617589167e-15	0	0	0	0	0	0	0	0	0
0.0001825444638	1.861038146e-09	1.213818534e-15	0	0	0	0	0	0	0	0	0
0.0001825271138	2.339846774e-09	7.32415755e-15	0	0	0	0	0	0	0	0	0
0.0001748312012	2.577438323e-09	2.155013106e-15	0	0	0	0	0	0	0	0	0
0.0001632389932	2.552018025e-09	4.810729494e-15	0	0	0	0	0	0	0	0	0
0.0001514165882	2.288393408e-09	2.672405747e-15	0	0	0	0	0	0	0	0	0
0.0001433922772	1.819550674e-09	5.810229512e-15	0	0	0	0	0	0	0	0	0
0.0001465523117	1.238648719e-09	1.737217687e-15	0	0	0	0	0	0	0	0	0
0.0001714929263	8.543817332e-10	0	0	0	0	0	0	0	0	0	0
0.0002231767672	9.615632034e-10	0	0	0	0	0	0	0	0	0	0
0.0002969982157	1.339407731e-09	1.233483815e-15	0	0	0	0	0	0	0	0	0
0.0003845011758	2.778889578e-09	3.920559835e-15	0	0	0	0	0	0	0	0	0
0.0004777883832	6.336460563e-09	1.14765567e-14	0	0	0	0	0	0	0	0	0
0.0005716778222	1.239198181e-08	1.954668619e-14	0	0	0	0	0	0	0	0	0
0.0006653136318	2.11416735e-08	3.180115017e-14	0	0	0	0	0	0	0	0	0
0.0007629692723	3.265806473e-08	5.177635262e-14	0	0	0	0	0	0	0	0	0
0.0008730487173	4.64398652e-08	7.443387668e-14	0	0	0	0	0	0	0	0	0
0.00100415665	6.141624932e-08	1.108781414e-13	0	0	0	0	0	0	0	0	0
0.00115915953	7.55921381e-08	1.515137021e-13	0	0	0	0	0	0	0	0	0
0.001330109689	8.600320317e-08	2.013785163e-13	0	0	0	0	0	0	0	0	0
0.001496788533	8.978600447e-08	2.499409049e-13	0	0	0	0	0	0	0	0	0
0.001629175255	8.497843634e-08	2.910724328e-13	0	0	0	0	0	0	0	0	0
0.001693752136	7.217110232e-08	2.955139016e-13	0	0	0	0	0	0	0	0	0
0.001662286311	5.46232765e-08	2.795560671e-13	0	0	0	0	0	0	0	0	0
0.00152176219	3.693302525e-08	2.236149899e-13	0	0	0	0	0	0	0	0	0
0.001281924343	2.258632356e-08	1.604087951e-13	0	0	0	0	0	0	0	0	0
0.0009767038651	1.279253876e-08	9.135091615e-14	0	0	0	0	0	0	0	0	0
0.0006570446801	6.664147564e-09	4.329917381e-14	0	0	0	0	0	0	0	0	0
0.0003768074912	3.023071434e-09	1.591559297e-14	0	0	0	0	0	0	0	0	0
0.0001790421631	1.095742108e-09	8.964216062e-15	0	0	0	0	0	0	0	0	0
9.209311579e-05	3.040176707e-10	0	0	0	0	0	0	0	0	0	0
8.787346458e-05	1.13896708e-10	0	0	0	0	0	0	0	0	0	0
9.862672677e-05	1.749044933e-10	0	0	0	0	0	0	0	0	0	0
0.0001208304206	3.858944133e-10	0	0	0	0	0	0	0	0	0	0
0.0001492096292	7.098960243e-10	0	0	0	0	0	0	0	0	0	0
0.0001698986906	1.025552047e-09	4.891651591e-15	0	0	0	0	0	0	0	0	0
0.0001761553986	1.210608896e-09	9.732604606e-15	0	0	0	0	0	0	0	0	0
0.0001689290896	1.211643171e-09	7.94316696e-15	0	0	0	0	0	0	0	0	0
0.0001532256947	1.071191006e-09	8.297284844e-15	0	0	0	0	0	0	0	0	0
0.0001356349242	8.721673202e-10	0	0	0	0	0	0	0	0	0	0
0.0001229857236	6.836894624e-10	0	0	0	0	0	0	0	0	0	0
0.0001206331446	5.365648694e-10	0	0	0	0	0	0	0	0	0	0
0.0001289850311	4.409333819e-10	0	0	0	0	0	0	0	0	0	0
0.0001428836822	3.959362042e-10	0	0	0	0	0	0	0	0	0	0
0.0001555533587	3.858814498e-10	0	0	0	0	0	0	0	0	0	0
0.0001618688738	3.896557346e-10	0	0	0	0	0	0	0	0	0	0
0.000159501337	3.95844784e-10	0	0	0	0	0	0	0	0	0	0
0.0001492936844	4.115600986e-10	0	0	0	0	0	0	0	0	0	0
0.0001349949172	4.498565901e-10	0	0	0	0	0	0	0	0	0	0
0.0001219414408	5.126176801e-10	0	0	0	0	0	0	0	0	0	0
0.0001141862779	5.904414618e-10	0	0	0	0	0	0	0	0	0	0
0.0001117785342	6.655752411e-10	0	0	0	0	0	0	0	0	0	0
0.0001117892626	7.1859994e-10	0	0	0	0	0	0	0	0	0	0
0.0001119207613	7.326091811e-10	0	0	0	0	0	0	0	0	0	0
0.0001120937917	7.070908793e-10	0	0	0	0	0	0	0	0	0	0
0.0001132646508	6.571895615e-10	0	0	0	0	0	0	0	0	0	0
0.000115495369	6.057814622e-10	0	0	0	0	0	0	0	0	0	0
0.0001173273967	5.613115445e-10	0	0	0	0	0	0	0	0	0	0
0.0001168255814	5.091755396e-10	0	0	0	0	0	0	0	0	0	0
0.0001130232453	4.335736402e-10	0	0	0	0	0	0	0	0	0	0
0.0001067601324	3.361295764e-10	0	0	0	0	0	0	0	0	0	0
0.0001006655092	2.359412666e-10	0	0	0	0	0	0	0	0	0	0
9.805267091e-05	1.580254019e-10	0	0	0	0	0	0	0	0	0	0
0.0001006940581	1.22695859e-10	0	0	0	0	0	0	0	0	0	0
0.0001073140384	1.2544209e-10	0	0	0	0	0	0	0	0	0	0
0.0001147150578	1.404055395e-10	0	0	0	0	0	0	0	0	0	0
0.0001198838323	1.504347324e-10	0	0	0	0	0	0	0	0	0	0
0.0001210315194	1.484379867e-10	0	0	0	0	0	0	0	0	0	0
0.0001178596948	1.342180047e-10	0	0	0	0	0	0	0	0	0	0
0.000111492281	1.113072552e-10	0	0	0	0	0	0	0	0	0	0
0.0001041507502	8.554314175e-11	0	0	0	0	0	0	0	0	0	0
9.836769071e-05	6.227748368e-11	0	0	0	0	0	0	0	0	0	0
9.587031024e-05	4.721286878e-11	0	0	0	0	0	0	0	0	0	0
9.710030956e-05	5.228312749e-11	0	0	0	0	0	0	0	0	0	0
0.0001017775323	9.650102962e-11	0	0	0	0	0	0	0	0	0	0
0.0001094177301	1.904554022e-10	0	0	0	0	0	0	0	0	0	0
0.0001187008646	3.302149573e-10	0	0	0	0	0	0	0	0	0	0
0.0001271843652	4.867661294e-10	0	0	0	0	0	0	0	0	0	0
0.0001322147751	6.091704899e-10	0	0	0	0	0	0	0	0	0	0
0.0001326780076	6.562230351e-10	0	0	0	0	0	0	0	0	0	0
0.0001298836298	6.278876816e-10	0	0	0	0	0	0	0	0	0	0
0.0001266227156	5.533761531e-10	0	0	0	0	0	0	0	0	0	0
0.0001246305679	4.665184162e-10	0	0	0	0	0	0	0	0	0	0
0.0001244173668	3.826662104e-10	0	0	0	0	0	0	0	0	0	0
0.0001311024753	3.156702905e-10	0	0	0	0	0	0	0	0	0	0
0.0001588047563	2.984206438e-10	0	0	0	0	0	0	0	0	0	0
0.0002173412324	3.821856756e-10	0	0	0	0	0	0	0	0	0	0
0.0002996353701	5.909486025e-10	0	0	0	0	0	0	0	0	0	0
0.0003894242676	9.227953943e-10	0	0	0	0	0	0	0	0	0	0
0.0004692243915	1.393287736e-09	3.38943871e-15	0	0	0	0	0	0	0	0	0
0.0005244698123	2.048882744e-09	5.771331743e-15	0	0	0	0	0	0	0	0	0
0.0005468161737	2.899323193e-09	3.92494649e-15	0	0	0	0	0	0	0	0	0
0.000536335921	3.860545258e-09	3.764799806e-15	0	0	0	0	0	0	0	0	0
0.0005015059978	4.695879449e-09	7.164686048e-15	0	0	0	0	0	0	0	0	0
0.0004565929959	5.179280344e-09	5.661267283e-15	0	0	0	0	0	0	0	0	0
0.0004166332658	5.217114178e-09	2.70221481e-15	0	0	0	0	0	0	0	0	0
0.0003911078665	4.7772914e-09	5.327606045e-15	0	0	0	0	0	0	0	0	0
0.000380054219	4.069026102e-09	7.66497496e-15	0	0	0	0	0	0	0	0	0
0.0003762663066	3.211600772e-09	5.048996783e-15	0	0	0	0	0	0	0	0	0
0.0003712740617	2.341815453e-09	2.768972361e-15	0	0	0	0	0	0	0	0	0
0.000359357948	1.567280745e-09	3.780193893e-15	0	0	0	0	0	0	0	0	0
0.0003385311566	9.763152564e-10	0	0	0	0	0	0	0	0	0	0
0.0003101075041	6.846442364e-10	0	0	0	0	0	0	0	0	0	0
0.0002778801932	6.546411393e-10	0	0	0	0	0	0	0	0	0	0
0.0002471594072	6.730444494e-10	0	0	0	0	0	0	0	0	0	0
0.0002235255714	6.806737951e-10	0	0	0	0	0	0	0	0	0	0
0.0002107284561	7.012965633e-10	0	0	0	0	0	0	0	0	0	0
0.0002082895344	7.572315164e-10	0	0	0	0	0	0	0	0	0	0
0.0002113849347	8.546241367e-10	0	0	0	0	0	0	0	0	0	0
0.0002137851093	9.797129925e-10	0	0	0	0	0	0	0	0	0	0
0.000211036104	1.122292432e-09	5.332185256e-15	0	0	0	0	0	0	0	0	0
0.0002019202741	1.23385106e-09	4.056356024e-15	0	0	0	0	0	0	0	0	0
0.0001882507469	1.251262477e-09	3.337249065e-15	0	0	0	0	0	0	0	0	0
0.0001735837134	1.137675853e-09	1.75889004e-15	0	0	0	0	0	0	0	0	0
0.0001614810468	9.013047253e-10	0	0	0	0	0	0	0	0	0	0
0.0001542062654	6.143714118e-10	0	0	0	0	0	0	0	0	0	0
0.000152355931	3.922658528e-10	0	0	0	0	0	0	0	0	0	0
0.000154940328	3.173994628e-10	0	0	0	0	0	0	0	0	0	0
0.0001596101059	3.262513712e-10	0	0	0	0	0	0	0	0	0	0
0.000163309059	3.625652227e-10	0	0	0	0	0	0	0	0	0	0
0.0001634243762	4.2633193e-10	0	0	0	0	0	0	0	0	0	0
0.0001587884198	4.953157072e-10	0	0	0	0	0	0	0	0	0	0
0.0001501139791	5.424456924e-10	0	0	0	0	0	0	0	0	0	0
0.0001398354409	5.622769332e-10	0	0	0	0	0	0	0	0	0	0
0.0001316120709	5.599691974e-10	0	0	0	0	0	0	0	0	0	0
0.0001293550108	5.489802249e-10	0	0	0	0	0	0	0	0	0	0
0.0001351304904	5.391646565e-10	0	0	0	0	0	0	0	0	0	0
0.000146894693	5.409539845e-10	0	0	0	0	0	0	0	0	0	0
0.0001589696283	5.512191304e-10	0	0	0	0	0	0	0	0	0	0
0.000164980202	5.505767709e-10	0	0	0	0	0	0	0	0	0	0
0.0001607559548	5.221041252e-10	0	0	0	0	0	0	0	0	0	0
0.000146189618	4.65914259e-10	0	0	0	0	0	0	0	0	0	0
0.0001256853102	4.05715325e-10	0	0	0	0	0	0	0	0	0	0
0.0001065890925	3.692660665e-10	0	0	0	0	0	0	0	0	0	0
9.478551272e-05	3.593335764e-10	0	0	0	0	0	0	0	0	0	0
8.997663861e-05	3.623351802e-10	0	0	0	0	0	0	0	0	0	0
8.805886247e-05	3.676468014e-10	0	0	0	0	0	0	0	0	0	0
8.755007594e-05	3.695500392e-10	0	0	0	0	0	0	0	0	0	0
9.035949421e-05	3.675681187e-10	0	0	0	0	0	0	0	0	0	0
9.749364035e-05	3.648763147e-10	0	0	0	0	0	0	0	0	0	0
0.000106457117	3.64113443e-10	0	0	0	0	0	0	0	0	0	0
0.0001133004746	3.609596164e-10	0	0	0	0	0	0	0	0	0	0
0.0001152649838	3.444523601e-10	0	0	0	0	0	0	0	0	0	0
0.0001116985304	3.053492322e-10	0	0	0	0	0	0	0	0	0	0
0.0001038373202	2.453052971e-10	0	0	0	0	0	0	0	0	0	0
9.412601919e-05	1.748794231e-10	0	0	0	0	0	0	0	0	0	0
8.526504083e-05	1.092635098e-10	0	0	0	0	0	0	0	0	0	0
7.931504715e-05	6.088359314e-11	0	0	0	0	0	0	0	0	0	0
7.738878225e-05	4.006239265e-11	0	0	0	0	0	0	0	0	0	0
8.017542125e-05	5.044992949e-11	0	0	0	0	0	0	0	0	0	0
8.802339139e-05	9.037741629e-11	0	0	0	0	0	0	0	0	0	0
0.0001000176554	1.543537612e-10	0	0	0	0	0	0	0	0	0	0
0.0001135676819	2.29006662e-10	0	0	0	0	0	0	0	0	0	0
0.0001253547148	2.964797709e-10	0	0	0	0	0	0	0	0	0	0
0.0001326301025	3.431379516e-10	0	0	0	0	0	0	0	0	0	0
0.0001341190335	3.626778802e-10	0	0	0	0	0	0	0	0	0	0
0.0001302652392	3.585575666e-10	0	0	0	0	0	0	0	0	0	0
0.0001229962249	3.417236341e-10	0	0	0	0	0	0	0	0	0	0
0.0001150907888	3.234215823e-10	0	0	0	0	0	0	0	0	0	0
0.0001093363697	3.105951621e-10	0	0	0	0	0	0	0	0	0	0
0.0001075270901	3.074134827e-10	0	0	0	0	0	0	0	0	0	0
0.0001097337912	3.117531158e-10	0	0	0	0	0	0	0	0	0	0
0.0001145399683	3.208329455e-10	0	0	0	0	0	0	0	0	0	0
0.0001200891539	3.320340121e-10	0	0	0	0	0	0	0	0	0	0
0.0001250492814	3.428839662e-10	0	0	0	0	0	0	0	0	0	0
0.0001289781984	3.541073837e-10	0	0	0	0	0	0	0	0	0	0
0.0001322508295	3.61633242e-10	0	0	0	0	0	0	0	0	0	0
0.0001357175438	3.642631884e-10	0	0	0	0	0	0	0	0	0	0
0.0001402857584	3.582692242e-10	0	0	0	0	0	0	0	0	0	0
0.0001464556075	3.445245585e-10	0	0	0	0	0	0	0	0	0	0
0.0001540169304	3.238390162e-10	0	0	0	0	0	0	0	0	0	0
0.0001620471962	2.997087188e-10	0	0	0	0	0	0	0	0	0	0
0.0001692620691	2.758193403e-10	0	0	0	0	0	0	0	0	0	0
0.0001745978964	2.509804801e-10	0	0	0	0	0	0	0	0	0	0
0.0001776982838	2.349529012e-10	0	0	0	0	0	0	0	0	0	0
0.0001791088355	2.299255038e-10	0	0	0	0	0	0	0	0	0	0
0.0001800864783	2.408567832e-10	0	0	0	0	0	0	0	0	0	0
0.0001820990262	2.640612565e-10	0	0	0	0	0	0	0	0	0	0
0.0001862428784	3.006627085e-10	0	0	0	0	0	0	0	0	0	0
0.0001928363412	3.447067605e-10	0	0	0	0	0	0	0	0	0	0
0.0002013207379	3.905975721e-10	0	0	0	0	0	0	0	0	0	0
0.0002104119125	4.305833193e-10	0	0	0	0	0	0	0	0	0	0
0.0002184436954	4.530648743e-10	0	0	0	0	0	0	0	0	0	0
0.0002238162344	4.570665223e-10	0	0	0	0	0	0	0	0	0	0
0.0002254795126	4.424861796e-10	0	0	0	0	0	0	0	0	0	0
0.0002234263093	4.226435509e-10	0	0	0	0	0	0	0	0	0	0
0.0002192343675	4.309283626e-10	0	0	0	0	0	0	0	0	0	0
0.0002166645867	5.15905709e-10	0	0	0	0	0	0	0	0	0	0
0.0002216073802	7.014127755e-10	0	0	0	0	0	0	0	0	0	0
0.0002398831497	9.66969983e-10	0	0	0	0	0	0	0	0	0	0
0.0002729988673	1.277018827e-09	3.447591197e-15	0	0	0	0	0	0	0	0	0
0.000316217784	1.59040438e-09	8.085578091e-15	0	0	0	0	0	0	0	0	0
0.0003607165594	1.842856065e-09	1.245383388e-14	0	0	0	0	0	0	0	0	0
0.0003967874557	2.01453524e-09	1.250994402e-14	0	0	0	0	0	0	0	0	0
0.0004162298197	2.079880717e-09	1.180466378e-14	0	0	0	0	0	0	0	0	0
0.0004140961818	2.042966705e-09	1.160864034e-14	0	0	0	0	0	0	0	0	0
0.0003897558197	1.877360574e-09	1.45177516e-14	0	0	0	0	0	0	0	0	0
0.0003470708444	1.628883676e-09	1.323108009e-14	0	0	0	0	0	0	0	0	0
0.0002934806617	1.336744032e-09	6.540063719e-15	0	0	0	0	0	0	0	0	0
0.0002382231181	1.025312277e-09	5.583440682e-15	0	0	0	0	0	0	0	0	0
0.0001901169115	7.408201473e-10	0	0	0	0	0	0	0	0	0	0
0.0001552015767	5.122140985e-10	0	0	0	0	0	0	0	0	0	0
0.0001347306729	3.560729039e-10	0	0	0	0	0	0	0	0	0	0
0.0001253577729	2.674734647e-10	0	0	0	0	0	0	0	0	0	0
0.0001224278945	2.293348015e-10	0	0	0	0	0	0	0	0	0	0
0.0001229273175	2.183234792e-10	0	0	0	0	0	0	0	0	0	0
0.0001257051412	2.159324012e-10	0	0	0	0	0	0	0	0	0	0
0.0001304677474	2.114595333e-10	0	0	0	0	0	0	0	0	0	0
0.0001368883386	2.02837352e-10	0	0	0	0	0	0	0	0	0	0
0.0001441812812	1.907968189e-10	0	0	0	0	0	0	0	0	0	0
0.0001511243234	1.76605213e-10	0	0	0	0	0	0	0	0	0	0
0.0001563721927	1.616500508e-10	0	0	0	0	0	0	0	0	0	0
0.0001588023706	1.46208685e-10	0	0	0	0	0	0	0	0	0	0
0.0001577226528	1.296420688e-10	0	0	0	0	0	0	0	0	0	0
0.0001528636196	1.116612806e-10	0	0	0	0	0	0	0	0	0	0
0.0001443913921	9.281361926e-11	0	0	0	0	0	0	0	0	0	0
0.0001328592032	7.452803307e-11	0	0	0	0	0	0	0	0	0	0
0.0001192190041	5.895820902e-11	0	0	0	0	0	0	0	0	0	0
0.0001048339023	4.891009846e-11	0	0	0	0	0	0	0	0	0	0
9.149877035e-05	5.012116841e-11	0	0	0	0	0	0	0	0	0	0
8.130511919e-05	6.794251286e-11	0	0	0	0	0	0	0	0	0	0
7.604086067e-05	1.047358832e-10	0	0	0	0	0	0	0	0	0	0
7.622913625e-05	1.605095869e-10	0	0	0	0	0	0	0	0	0	0
8.058139031e-05	2.330848326e-10	0	0	0	0	0	0	0	0	0	0
8.687509186e-05	3.167938468e-10	0	0	0	0	0	0	0	0	0	0
9.301767763e-05	4.012114998e-10	0	0	0	0	0	0	0	0	0	0
9.753873704e-05	4.729752696e-10	0	0	0	0	0	0	0	0	0	0
9.964209078e-05	5.189670571e-10	0	0	0	0	0	0	0	0	0	0
9.911816996e-05	5.323211738e-10	0	0	0	0	0	0	0	0	0	0
9.630436394e-05	5.120840108e-10	0	0	0	0	0	0	0	0	0	0
9.193032119e-05	4.645519326e-10	0	0	0	0	0	0	0	0	0	0
8.694352512e-05	4.001160733e-10	0	0	0	0	0	0	0	0	0	0
8.228067399e-05	3.303337488e-10	0	0	0	0	0	0	0	0	0	0
7.863279666e-05	2.650547137e-10	0	0	0	0	0	0	0	0	0	0
7.627031051e-05	2.107831884e-10	0	0	0	0	0	0	0	0	0	0
7.49816876e-05	1.693325106e-10	0	0	0	0	0	0	0	0	0	0
7.421205397e-05	1.387544883e-10	0	0	0	0	0	0	0	0	0	0
7.334466632e-05	1.145602855e-10	0	0	0	0	0	0	0	0	0	0
7.209434668e-05	9.248656047e-11	0	0	0	0	0	0	0	0	0	0
7.092527117e-05	7.11814554e-11	0	0	0	0	0	0	0	0	0	0
7.14440874e-05	5.580912643e-11	0	0	0	0	0	0	0	0	0	0
7.635302879e-05	6.955253302e-11	0	0	0	0	0	0	0	0	0	0
8.835564856e-05	1.458964844e-10	0	0	0	0	0	0	0	0	0	0
0.0001086278739	3.204190547e-10	0	0	0	0	0	0	0	0	0	0
0.0001366401603	6.484145287e-10	0	0	0	0	0	0	0	0	0	0
0.0001709585829	1.189019702e-09	9.924244639e-15	0	0	0	0	0	0	0	0	0
0.0002097236706	1.981258683e-09	7.676211007e-15	0	0	0	0	0	0	0	0	0
0.0002506577881	3.011324524e-09	7.625764023e-15	0	0	0	0	0	0	0	0	0
0.0002909715739	4.189692982e-09	6.891404908e-15	0	0	0	0	0	0	0	0	0
0.0003273203655	5.333177856e-09	9.426544979e-15	0	0	0	0	0	0	0	0	0
0.000355836179	6.189609826e-09	3.792060714e-15	0	0	0	0	0	0	0	0	0
0.0003723194941	6.500475301e-09	2.422041726e-15	0	0	0	0	0	0	0	0	0
0.0003726403274	6.101975661e-09	9.800154649e-15	0	0	0	0	0	0	0	0	0
0.0003534803017	5.016840621e-09	7.511364282e-15	0	0	0	0	0	0	0	0	0
0.0003134680329	3.511459832e-09	1.89827446e-15	0	0	0	0	0	0	0	0	0
0.0002547300227	2.002054908e-09	7.057484774e-15	0	0	0	0	0	0	0	0	0
0.0001845884899	8.646431077e-10	0	0	0	0	0	0	0	0	0	0
0.000117234987	2.546311353e-10	0	0	0	0	0	0	0	0	0	0
7.381194832e-05	6.668703103e-11	0	0	0	0	0	0	0	0	0	0
6.154795087e-05	4.194709828e-11	0	0	0	0	0	0	0	0	0	0
6.018976668e-05	5.472745331e-11	0	0	0	0	0	0	0	0	0	0
0.0001063128472	1.193819665e-10	0	0	0	0	0	0	0	0	0	0
0.0002242182774	4.913785697e-10	0	0	0	0	0	0	0	0	0	0
0.0003925770352	1.837500114e-09	3.919441213e-15	0	0	0	0	0	0	0	0	0
0.0005916893437	5.250179805e-09	6.662343999e-15	0	0	0	0	0	0	0	0	0
0.0008021401066	1.218579859e-08	6.813369957e-15	0	0	0	0	0	0	0	0	0
0.001005649065	2.393768671e-08	1.048747754e-14	0	0	0	0	0	0	0	0	0
0.001186588679	4.074069852e-08	1.188477109e-14	0	0	0	0	0	0	0	0	0
0.001332944476	6.117825082e-08	1.603529447e-14	0	0	0	0	0	0	0	0	0
0.001436487544	8.196199968e-08	1.813800273e-14	0	0	0	0	0	0	0	0	0
0.001492716006	9.895726175e-08	1.97527585e-14	0	0	0	0	0	0	0	0	0
0.001500618277	1.083845681e-07	2.124019087e-14	0	0	0	0	0	0	0	0	0
0.00146239455	1.078193091e-07	2.112204897e-14	0	0	0	0	0	0	0	0	0
0.001383134762	9.777143003e-08	1.782627954e-14	0	0	0	0	0	0	0	0	0
0.001270156204	8.053183617e-08	1.471686253e-14	0	0	0	0	0	0	0	0	0
0.001132325375	6.000104206e-08	1.495734392e-14	0	0	0	0	0	0	0	0	0
0.0009792494102	4.000025672e-08	8.550185582e-15	0	0	0	0	0	0	0	0	0
0.0008205732023	2.338996488e-08	9.576297203e-15	0	0	0	0	0	0	0	0	0
0.0006655228173	1.163759849e-08	3.42609999e-15	0	0	0	0	0	0	0	0	0
0.0005226884165	4.891467676e-09	2.511987484e-15	0	0	0	0	0	0	0	0	0
0.0004001190764	2.361735272e-09	6.435741341e-15	0	0	0	0	0	0	0	0	0
0.0003052922165	1.754009913e-09	6.7616346e-15	0	0	0	0	0	0	0	0	0
0.000243617533	1.795701555e-09	7.270646067e-15	0	0	0	0	0	0	0	0	0
0.0002135990257	2.569439486e-09	7.719811202e-15	0	0	0	0	0	0	0	0	0
0.0002039507558	3.295466842e-09	2.187848375e-15	0	0	0	0	0	0	0	0	0
0.0002010786527	3.531947304e-09	4.212004192e-15	0	0	0	0	0	0	0	0	0
0.0001971033046	3.245932804e-09	1.196114192e-14	0	0	0	0	0	0	0	0	0
0.000190108718	2.613290968e-09	5.708115223e-15	0	0	0	0	0	0	0	0	0
0.0001812557856	1.86046247e-09	2.985636787e-15	0	0	0	0	0	0	0	0	0
0.0001723925781	1.173113964e-09	8.828013709e-15	0	0	0	0	0	0	0	0	0
0.0001647600188	6.6298936e-10	0	0	0	0	0	0	0	0	0	0
0.0001587979928	3.578898164e-10	0	0	0	0	0	0	0	0	0	0
0.0001545181003	2.239135622e-10	0	0	0	0	0	0	0	0	0	0
0.0001519070797	2.036214916e-10	0	0	0	0	0	0	0	0	0	0
0.000150904152	2.269052351e-10	0	0	0	0	0	0	0	0	0	0
0.0001511236969	2.56347817e-10	0	0	0	0	0	0	0	0	0	0
0.0001517634613	2.800429315e-10	0	0	0	0	0	0	0	0	0	0
0.0001518342132	2.930340611e-10	0	0	0	0	0	0	0	0	0	0
0.0001506191715	2.938996492e-10	0	0	0	0	0	0	0	0	0	0
0.0001479178991	2.835850843e-10	0	0	0	0	0	0	0	0	0	0
0.0001439981603	2.658885062e-10	0	0	0	0	0	0	0	0	0	0
0.0001392896289	2.450977798e-10	0	0	0	0	0	0	0	0	0	0
0.0001340915306	2.2530733e-10	0	0	0	0	0	0	0	0	0	0
0.0001285280881	2.106882275e-10	0	0	0	0	0	0	0	0	0	0
0.0001227388426	2.04517852e-10	0	0	0	0	0	0	0	0	0	0
0.0001171022647	2.091122527e-10	0	0	0	0	0	0	0	0	0	0
0.0001121768007	2.238800793e-10	0	0	0	0	0	0	0	0	0	0
0.0001084890501	2.455618102e-10	0	0	0	0	0	0	0	0	0	0
0.0001062990925	2.699371479e-10	0	0	0	0	0	0	0	0	0	0
0.0001056080443	2.930424796e-10	0	0	0	0	0	0	0	0	0	0
0.0001063442038	3.108867497e-10	0	0	0	0	0	0	0	0	0	0
0.0001084514045	3.216254682e-10	0	0	0	0	0	0	0	0	0	0
0.000111767821	3.231718903e-10	0	0	0	0	0	0	0	0	0	0
0.0001158672975	3.154070511e-10	0	0	0	0	0	0	0	0	0	0
0.0001200986369	2.993286672e-10	0	0	0	0	0	0	0	0	0	0
0.0001238094001	2.764729085e-10	0	0	0	0	0	0	0	0	0	0
0.0001265836157	2.496940303e-10	0	0	0	0	0	0	0	0	0	0
0.0001283780295	2.218701297e-10	0	0	0	0	0	0	0	0	0	0
0.000129490953	1.972143268e-10	0	0	0	0	0	0	0	0	0	0
0.0001304250689	1.799145848e-10	0	0	0	0	0	0	0	0	0	0
0.0001317089306	1.731140679e-10	0	0	0	0	0	0	0	0	0	0
0.0001337135896	1.766899803e-10	0	0	0	0	0	0	0	0	0	0
0.000136555606	1.858921309e-10	0	0	0	0	0	0	0	0	0	0
0.0001400455212	1.971814398e-10	0	0	0	0	0	0	0	0	0	0
0.0001438184372	2.103863713e-10	0	0	0	0	0	0	0	0	0	0
0.0001475366081	2.285696759e-10	0	0	0	0	0	0	0	0	0	0
0.0001510993662	2.680204882e-10	0	0	0	0	0	0	0	0	0	0
0.0001549616049	3.443380473e-10	0	0	0	0	0	0	0	0	0	0
0.000160270116	4.840123049e-10	0	0	0	0	0	0	0	0	0	0
0.0001689105524	7.198188612e-10	0	0	0	0	0	0	0	0	0	0
0.0001828937984	1.090914586e-09	6.469663546e-15	0	0	0	0	0	0	0	0	0
0.000203178942	1.627138403e-09	6.681937646e-15	0	0	0	0	0	0	0	0	0
0.00022859491	2.31970888e-09	1.127984563e-14	0	0	0	0	0	0	0	0	0
0.0002556738886	3.099955961e-09	1.742492164e-14	0	0	0	0	0	0	0	0	0
0.0002792850752	3.809092152e-09	1.744629838e-14	0	0	0	0	0	0	0	0	0
0.0002935945102	4.229692884e-09	1.724618949e-14	0	0	0	0	0	0	0	0	0
0.0002931506244	4.172343284e-09	1.782575837e-14	0	0	0	0	0	0	0	0	0
0.0002742328473	3.566287174e-09	1.939009791e-14	0	0	0	0	0	0	0	0	0
0.00023668144	2.561500424e-09	1.091836601e-14	0	0	0	0	0	0	0	0	0
0.0001864124702	1.482318848e-09	3.982034174e-15	0	0	0	0	0	0	0	0	0
0.0001388531757	6.493301552e-10	0	0	0	0	0	0	0	0	0	0
0.0001178512323	1.914400843e-10	0	0	0	0	0	0	0	0	0	0
0.0001280684657	8.50907693e-11	0	0	0	0	0	0	0	0	0	0
0.0001506608148	1.683056881e-10	0	0	0	0	0	0	0	0	0	0
0.0001927128775	4.763467541e-10	0	0	0	0	0	0	0	0	0	0
0.0002780963547	1.186761115e-09	3.406704195e-15	0	0	0	0	0	0	0	0	0
0.0004011772892	2.304542465e-09	1.499532675e-14	0	0	0	0	0	0	0	0	0
0.0005290015506	3.57395595e-09	2.140724162e-14	0	0	0	0	0	0	0	0	0
0.0006229460123	4.651591875e-09	3.641249183e-14	0	0	0	0	0	0	0	0	0
0.0006530070493	5.299630857e-09	3.566036733e-14	0	0	0	0	0	0	0	0	0
0.0006080378758	5.47258316e-09	3.502681781e-14	0	0	0	0	0	0	0	0	0
0.0005005147336	5.235420731e-09	2.991417308e-14	0	0	0	0	0	0	0	0	0
0.0003633413841	4.600639635e-09	1.656294262e-14	0	0	0	0	0	0	0	0	0
0.0002426381131	3.681809259e-09	1.120463438e-14	0	0	0	0	0	0	0	0	0
0.0001915391245	2.593755868e-09	1.069147991e-14	0	0	0	0	0	0	0	0	0
0.0002239526856	1.510117785e-09	7.374092167e-15	0	0	0	0	0	0	0	0	0
0.0002940383785	6.70089028e-10	0	0	0	0	0	0	0	0	0	0
0.0003727756398	1.00817518e-09	9.352472396e-15	0	0	0	0	0	0	0	0	0
0.0004454259309	2.414903039e-09	7.207404583e-15	0	0	0	0	0	0	0	0	0
0.0004996576646	4.173901036e-09	9.121529086e-15	0	0	0	0	0	0	0	0	0
0.0005278754651	6.570639574e-09	9.485192511e-15	0	0	0	0	0	0	0	0	0
0.0005303028555	1.1930882e-08	1.727583441e-14	0	0	0	0	0	0	0	0	0
0.000514316214	2.269393084e-08	2.790593175e-14	0	0	0	0	0	0	0	0	0
0.000489339399	3.796910656e-08	4.036774607e-14	0	0	0	0	0	0	0	0	0
0.0004597176046	5.363274403e-08	4.969494369e-14	0	0	0	0	0	0	0	0	0
0.0004236130907	6.378106419e-08	5.09421902e-14	0	0	0	0	0	0	0	0	0
0.0003883884526	6.423253034e-08	4.792784178e-14	0	0	0	0	0	0	0	0	0
0.0003994997473	5.234715646e-08	3.620745202e-14	0	0	0	0	0	0	0	0	0
0.0005199074759	3.200283926e-08	4.406561961e-14	0	0	0	0	0	0	0	0	0
0.00074007024	1.47741617e-08	6.955562996e-14	0	0	0	0	0	0	0	0	0
0.001001200577	2.273747323e-08	1.159202776e-13	0	0	0	0	0	0	0	0	0
0.001246673092	3.101388583e-08	1.750852672e-13	0	0	0	0	0	0	0	0	0
0.001432950369	2.878536993e-08	2.167067315e-13	0	0	0	0	0	0	0	0	0
0.001534762044	2.441831772e-08	2.337548342e-13	0	0	0	0	0	0	0	0	0
0.001547459846	3.562767923e-08	2.323244159e-13	0	0	0	0	0	0	0	0	0
0.001484179692	5.480544301e-08	2.021734889e-13	0	0	0	0	0	0	0	0	0
0.001368039126	6.878233948e-08	1.747864375e-13	0	0	0	0	0	0	0	0	0
0.00122326004	7.374341288e-08	1.352805236e-13	0	0	0	0	0	0	0	0	0
0.001068281537	6.955985512e-08	1.143965239e-13	0	0	0	0	0	0	0	0	0
0.0009137771085	5.903813629e-08	7.932901622e-14	0	0	0	0	0	0	0	0	0
0.0007645663649	4.562684482e-08	6.553800011e-14	0	0	0	0	0	0	0	0	0
0.0006233962674	3.216953135e-08	4.553816021e-14	0	0	0	0	0	0	0	0	0
0.0004941813435	2.063370042e-08	3.035560999e-14	0	0	0	0	0	0	0	0	0
0.0003830837294	1.195374641e-08	1.921668335e-14	0	0	0	0	0	0	0	0	0
0.0002964361362	6.117751312e-09	1.008057217e-14	0	0	0	0	0	0	0	0	0
0.0002358796667	2.690220496e-09	1.064603288e-14	0	0	0	0	0	0	0	0	0
0.0001947846129	1.007586599e-09	7.726767435e-15	0	0	0	0	0	0	0	0	0
0.0001644146271	3.667119166e-10	0	0	0	0	0	0	0	0	0	0
0.0001438399116	2.115923718e-10	0	0	0	0	0	0	0	0	0	0
0.0001386594584	1.817297164e-10	0	0	0	0	0	0	0	0	0	0
0.0001475365598	1.810938655e-10	0	0	0	0	0	0	0	0	0	0
