1.302691647e-08	1.000853668e-12	0	0	0	0	0	0	0	0	0	0
1.453691491e-08	1.296365199e-13	0	0	0	0	0	0	0	0	0	0
4.30104965e-08	8.411116953e-14	0	0	0	0	0	0	0	0	0	0
1.644719119e-07	6.515656763e-14	0	0	0	0	0	0	0	0	0	0
8.24327806e-07	2.626733628e-13	0	0	0	0	0	0	0	0	0	0
3.60244676e-06	1.145798389e-12	0	0	0	0	0	0	0	0	0	0
1.524973246e-05	4.828012536e-12	0	0	0	0	0	0	0	0	0	0
4.254995365e-05	1.710162312e-11	0	0	0	0	0	0	0	0	0	0
3.334454453e-05	1.045162207e-11	0	0	0	0	0	0	0	0	0	0
3.16842568e-05	9.928332319e-12	0	0	0	0	0	0	0	0	0	0
2.953171423e-05	9.219505544e-12	0	0	0	0	0	0	0	0	0	0
2.707047939e-05	8.411596304e-12	0	0	0	0	0	0	0	0	0	0
2.448605808e-05	7.547362732e-12	0	0	0	0	0	0	0	0	0	0
2.195279216e-05	6.70069923e-12	0	0	0	0	0	0	0	0	0	0
1.96219477e-05	5.89191959e-12	0	0	0	0	0	0	0	0	0	0
1.760019236e-05	5.169132204e-12	0	0	0	0	0	0	0	0	0	0
1.593845669e-05	4.522998053e-12	0	0	0	0	0	0	0	0	0	0
1.462750348e-05	3.938684544e-12	0	0	0	0	0	0	0	0	0	0
1.360717345e-05	3.413175974e-12	0	0	0	0	0	0	0	0	0	0
1.279244063e-05	2.94432732e-12	0	0	0	0	0	0	0	0	0	0
1.210250547e-05	2.518171796e-12	0	0	0	0	0	0	0	0	0	0
1.147916771e-05	2.158697449e-12	0	0	0	0	0	0	0	0	0	0
1.089700797e-05	1.891891497e-12	0	0	0	0	0	0	0	0	0	0
1.03584876e-05	1.749910388e-12	0	0	0	0	0	0	0	0	0	0
9.884401847e-06	1.737080518e-12	0	0	0	0	0	0	0	0	0	0
9.500388296e-06	1.816824932e-12	0	0	0	0	0	0	0	0	0	0
9.226551795e-06	1.930282709e-12	0	0	0	0	0	0	0	0	0	0
9.067946628e-06	2.021161723e-12	0	0	0	0	0	0	0	0	0	0
9.014670203e-06	2.062357706e-12	0	0	0	0	0	0	0	0	0	0
9.045957904e-06	2.045101623e-12	0	0	0	0	0	0	0	0	0	0
9.139159008e-06	1.994505831e-12	0	0	0	0	0	0	0	0	0	0
9.277460013e-06	1.986221866e-12	0	0	0	0	0	0	0	0	0	0
9.451925611e-06	2.101790023e-12	0	0	0	0	0	0	0	0	0	0
9.661479376e-06	2.441662542e-12	0	0	0	0	0	0	0	0	0	0
9.907436037e-06	2.987946568e-12	0	0	0	0	0	0	0	0	0	0
1.018733869e-05	3.674740032e-12	0	0	0	0	0	0	0	0	0	0
1.049274206e-05	4.422422609e-12	0	0	0	0	0	0	0	0	0	0
1.080849571e-05	5.153960924e-12	0	0	0	0	0	0	0	0	0	0
1.111348416e-05	5.770732054e-12	0	0	0	0	0	0	0	0	0	0
1.138749392e-05	6.199915606e-12	0	0	0	0	0	0	0	0	0	0
1.161529716e-05	6.382057276e-12	0	0	0	0	0	0	0	0	0	0
1.17929419e-05	6.302867179e-12	0	0	0	0	0	0	0	0	0	0
1.192938197e-05	5.965176563e-12	0	0	0	0	0	0	0	0	0	0
1.20484557e-05	5.407435821e-12	0	0	0	0	0	0	0	0	0	0
1.218759167e-05	4.732400155e-12	0	0	0	0	0	0	0	0	0	0
1.23912571e-05	4.074589647e-12	0	0	0	0	0	0	0	0	0	0
1.270324872e-05	3.5846647e-12	0	0	0	0	0	0	0	0	0	0
1.315468048e-05	3.396314198e-12	0	0	0	0	0	0	0	0	0	0
1.375448581e-05	3.547067834e-12	0	0	0	0	0	0	0	0	0	0
1.448159183e-05	3.941180363e-12	0	0	0	0	0	0	0	0	0	0
1.528839902e-05	4.467370184e-12	0	0	0	0	0	0	0	0	0	0
1.610398831e-05	5.048129126e-12	0	0	0	0	0	0	0	0	0	0
1.685054982e-05	5.627932591e-12	0	0	0	0	0	0	0	0	0	0
1.745160725e-05	6.146792078e-12	0	0	0	0	0	0	0	0	0	0
1.784327847e-05	6.549750812e-12	0	0	0	0	0	0	0	0	0	0
1.798426233e-05	6.736923966e-12	0	0	0	0	0	0	0	0	0	0
1.78624291e-05	6.615203512e-12	0	0	0	0	0	0	0	0	0	0
1.750176952e-05	6.057773689e-12	0	0	0	0	0	0	0	0	0	0
1.697872575e-05	5.017199088e-12	0	0	0	0	0	0	0	0	0	0
1.643990376e-05	3.839231723e-12	0	0	0	0	0	0	0	0	0	0
1.612076122e-05	4.544621643e-12	0	0	0	0	0	0	0	0	0	0
1.633857775e-05	8.685474809e-12	0	0	0	0	0	0	0	0	0	0
1.739618693e-05	1.548828401e-11	0	0	0	0	0	0	0	0	0	0
1.944978431e-05	2.477448574e-11	0	0	0	0	0	0	0	0	0	0
2.244310561e-05	3.668499523e-11	0	0	0	0	0	0	0	0	0	0
2.61688283e-05	5.122339297e-11	0	0	0	0	0	0	0	0	0	0
3.036635938e-05	6.824624201e-11	0	0	0	0	0	0	0	0	0	0
3.478526642e-05	8.712577922e-11	0	0	0	0	0	0	0	0	0	0
3.919794585e-05	1.072912697e-10	0	0	0	0	0	0	0	0	0	0
4.341190407e-05	1.276613741e-10	0	0	0	0	0	0	0	0	0	0
4.727140915e-05	1.472344459e-10	0	0	0	0	0	0	0	0	0	0
5.065784974e-05	1.649023232e-10	0	0	0	0	0	0	0	0	0	0
5.348988195e-05	1.797394633e-10	0	0	0	0	0	0	0	0	0	0
5.571889029e-05	1.911147181e-10	0	0	0	0	0	0	0	0	0	0
5.732467878e-05	1.985467664e-10	0	0	0	0	0	0	0	0	0	0
5.831081674e-05	2.01889402e-10	0	0	0	0	0	0	0	0	0	0
5.869962491e-05	2.01179564e-10	0	0	0	0	0	0	0	0	0	0
5.852350982e-05	1.969612197e-10	0	0	0	0	0	0	0	0	0	0
5.782381761e-05	1.895767201e-10	0	0	0	0	0	0	0	0	0	0
5.664471751e-05	1.795618058e-10	0	0	0	0	0	0	0	0	0	0
5.503309743e-05	1.675974755e-10	0	0	0	0	0	0	0	0	0	0
5.303694758e-05	1.540740165e-10	0	0	0	0	0	0	0	0	0	0
5.070683469e-05	1.396894121e-10	0	0	0	0	0	0	0	0	0	0
4.809777277e-05	1.247833551e-10	0	0	0	0	0	0	0	0	0	0
4.526950284e-05	1.097222137e-10	0	0	0	0	0	0	0	0	0	0
4.228890806e-05	9.501825145e-11	0	0	0	0	0	0	0	0	0	0
3.923335566e-05	8.075163948e-11	0	0	0	0	0	0	0	0	0	0
3.618546495e-05	6.727244701e-11	0	0	0	0	0	0	0	0	0	0
3.323418755e-05	5.471885762e-11	0	0	0	0	0	0	0	0	0	0
3.046918857e-05	4.329678835e-11	0	0	0	0	0	0	0	0	0	0
2.79709734e-05	3.310237723e-11	0	0	0	0	0	0	0	0	0	0
2.580018144e-05	2.432277735e-11	0	0	0	0	0	0	0	0	0	0
2.398712798e-05	1.71109204e-11	0	0	0	0	0	0	0	0	0	0
2.253175568e-05	1.164486479e-11	0	0	0	0	0	0	0	0	0	0
2.140591335e-05	8.264219897e-12	0	0	0	0	0	0	0	0	0	0
2.05726395e-05	7.043166669e-12	0	0	0	0	0	0	0	0	0	0
2.000400472e-05	7.117929209e-12	0	0	0	0	0	0	0	0	0	0
1.96918455e-05	7.363700724e-12	0	0	0	0	0	0	0	0	0	0
1.964706875e-05	7.266314037e-12	0	0	0	0	0	0	0	0	0	0
1.987729076e-05	6.800312014e-12	0	0	0	0	0	0	0	0	0	0
2.036931107e-05	6.249723528e-12	0	0	0	0	0	0	0	0	0	0
2.106855693e-05	6.219244532e-12	0	0	0	0	0	0	0	0	0	0
2.18890188e-05	7.259740294e-12	0	0	0	0	0	0	0	0	0	0
2.272404881e-05	9.37677123e-12	0	0	0	0	0	0	0	0	0	0
2.348194105e-05	1.215611989e-11	0	0	0	0	0	0	0	0	0	0
2.410593231e-05	1.526886178e-11	0	0	0	0	0	0	0	0	0	0
2.459589974e-05	1.843029661e-11	0	0	0	0	0	0	0	0	0	0
2.500798768e-05	2.149980025e-11	0	0	0	0	0	0	0	0	0	0
2.544921854e-05	2.434421381e-11	0	0	0	0	0	0	0	0	0	0
2.604967509e-05	2.690138826e-11	0	0	0	0	0	0	0	0	0	0
2.692655884e-05	2.924436501e-11	0	0	0	0	0	0	0	0	0	0
2.814195974e-05	3.13034612e-11	0	0	0	0	0	0	0	0	0	0
2.968608744e-05	3.322247548e-11	0	0	0	0	0	0	0	0	0	0
3.147671129e-05	3.497765225e-11	0	0	0	0	0	0	0	0	0	0
3.337820689e-05	3.66810588e-11	0	0	0	0	0	0	0	0	0	0
3.522848118e-05	3.821894528e-11	0	0	0	0	0	0	0	0	0	0
3.68667732e-05	3.956579951e-11	0	0	0	0	0	0	0	0	0	0
3.815115355e-05	4.057753927e-11	0	0	0	0	0	0	0	0	0	0
3.898393572e-05	4.12636151e-11	0	0	0	0	0	0	0	0	0	0
3.933873105e-05	4.152970853e-11	0	0	0	0	0	0	0	0	0	0
3.927199516e-05	4.131319114e-11	0	0	0	0	0	0	0	0	0	0
3.893891975e-05	4.111587544e-11	0	0	0	0	0	0	0	0	0	0
3.85704853e-05	4.1165307e-11	0	0	0	0	0	0	0	0	0	0
3.843644736e-05	4.14692407e-11	0	0	0	0	0	0	0	0	0	0
3.875630008e-05	4.267399977e-11	0	0	0	0	0	0	0	0	0	0
3.962363494e-05	4.51926239e-11	0	0	0	0	0	0	0	0	0	0
4.096773194e-05	4.905785512e-11	0	0	0	0	0	0	0	0	0	0
4.258092183e-05	5.457653744e-11	0	0	0	0	0	0	0	0	0	0
4.419216564e-05	6.131508271e-11	0	0	0	0	0	0	0	0	0	0
4.554866957e-05	6.958539822e-11	0	0	0	0	0	0	0	0	0	0
4.646341097e-05	7.891457782e-11	0	0	0	0	0	0	0	0	0	0
4.685236815e-05	8.865156967e-11	0	0	0	0	0	0	0	0	0	0
4.67288535e-05	9.847462274e-11	0	0	0	0	0	0	0	0	0	0
4.619800752e-05	1.082917139e-10	0	0	0	0	0	0	0	0	0	0
4.541589569e-05	1.166579284e-10	0	0	0	0	0	0	0	0	0	0
4.454391815e-05	1.232951214e-10	0	0	0	0	0	0	0	0	0	0
4.368491813e-05	1.27205015e-10	0	0	0	0	0	0	0	0	0	0
4.284127119e-05	1.281904518e-10	0	0	0	0	0	0	0	0	0	0
4.190932921e-05	1.25118535e-10	0	0	0	0	0	0	0	0	0	0
4.072848595e-05	1.183789064e-10	0	0	0	0	0	0	0	0	0	0
3.91720074e-05	1.074331965e-10	0	0	0	0	0	0	0	0	0	0
3.723034808e-05	9.380091836e-11	0	0	0	0	0	0	0	0	0	0
3.507141041e-05	7.839768349e-11	0	0	0	0	0	0	0	0	0	0
3.30374368e-05	6.253533915e-11	0	0	0	0	0	0	0	0	0	0
3.156224116e-05	4.76186877e-11	0	0	0	0	0	0	0	0	0	0
3.101700924e-05	3.489924844e-11	0	0	0	0	0	0	0	0	0	0
3.154240561e-05	2.497829305e-11	0	0	0	0	0	0	0	0	0	0
3.298763205e-05	1.881157336e-11	0	0	0	0	0	0	0	0	0	0
3.500964493e-05	1.627195356e-11	0	0	0	0	0	0	0	0	0	0
3.722001507e-05	1.637137709e-11	0	0	0	0	0	0	0	0	0	0
3.928065574e-05	1.731596569e-11	0	0	0	0	0	0	0	0	0	0
4.094026749e-05	1.806013504e-11	0	0	0	0	0	0	0	0	0	0
4.205619526e-05	1.823751367e-11	0	0	0	0	0	0	0	0	0	0
4.260425241e-05	1.785179192e-11	0	0	0	0	0	0	0	0	0	0
4.268105199e-05	1.771713175e-11	0	0	0	0	0	0	0	0	0	0
4.250453657e-05	1.969256408e-11	0	0	0	0	0	0	0	0	0	0
4.23961963e-05	2.582384267e-11	0	0	0	0	0	0	0	0	0	0
4.273770679e-05	3.782666767e-11	0	0	0	0	0	0	0	0	0	0
4.386935665e-05	5.456529673e-11	0	0	0	0	0	0	0	0	0	0
4.595405276e-05	7.710746667e-11	0	0	0	0	0	0	0	0	0	0
4.888452254e-05	1.01006628e-10	0	0	0	0	0	0	0	0	0	0
5.228939624e-05	1.254546127e-10	0	0	0	0	0	0	0	0	0	0
5.565843856e-05	1.467630643e-10	0	0	0	0	0	0	0	0	0	0
5.848849907e-05	1.607395211e-10	0	0	0	0	0	0	0	0	0	0
6.039208511e-05	1.623897199e-10	0	0	0	0	0	0	0	0	0	0
6.116834587e-05	1.549661332e-10	0	0	0	0	0	0	0	0	0	0
6.081740854e-05	1.360584961e-10	0	0	0	0	0	0	0	0	0	0
5.952360999e-05	1.091605568e-10	0	0	0	0	0	0	0	0	0	0
5.759453805e-05	7.980571725e-11	0	0	0	0	0	0	0	0	0	0
5.538163427e-05	5.17745544e-11	0	0	0	0	0	0	0	0	0	0
5.318565589e-05	2.94057461e-11	0	0	0	0	0	0	0	0	0	0
5.118290375e-05	1.654402077e-11	0	0	0	0	0	0	0	0	0	0
4.939368869e-05	1.522382066e-11	0	0	0	0	0	0	0	0	0	0
4.772830653e-05	1.8594215e-11	0	0	0	0	0	0	0	0	0	0
4.608779537e-05	2.143099388e-11	0	0	0	0	0	0	0	0	0	0
4.44809357e-05	2.277289057e-11	0	0	0	0	0	0	0	0	0	0
4.310426985e-05	2.265019559e-11	0	0	0	0	0	0	0	0	0	0
4.234443647e-05	2.155094504e-11	0	0	0	0	0	0	0	0	0	0
4.265619047e-05	1.975113496e-11	0	0	0	0	0	0	0	0	0	0
4.433651848e-05	1.802932373e-11	0	0	0	0	0	0	0	0	0	0
4.733245223e-05	1.669600397e-11	0	0	0	0	0	0	0	0	0	0
5.124819103e-05	1.995733659e-11	0	0	0	0	0	0	0	0	0	0
5.550830815e-05	3.297152614e-11	0	0	0	0	0	0	0	0	0	0
5.953532792e-05	5.420031206e-11	0	0	0	0	0	0	0	0	0	0
6.28546636e-05	8.003997162e-11	0	0	0	0	0	0	0	0	0	0
6.513427619e-05	1.072106194e-10	0	0	0	0	0	0	0	0	0	0
6.619848983e-05	1.315759093e-10	0	0	0	0	0	0	0	0	0	0
6.600802217e-05	1.49531819e-10	0	0	0	0	0	0	0	0	0	0
6.463799729e-05	1.595011565e-10	0	0	0	0	0	0	0	0	0	0
6.224407618e-05	1.600049432e-10	0	0	0	0	0	0	0	0	0	0
5.90107688e-05	1.517488357e-10	0	0	0	0	0	0	0	0	0	0
5.511761604e-05	1.364869512e-10	0	0	0	0	0	0	0	0	0	0
5.070843038e-05	1.166170578e-10	0	0	0	0	0	0	0	0	0	0
4.589290395e-05	9.487695931e-11	0	0	0	0	0	0	0	0	0	0
4.077601969e-05	7.347667386e-11	0	0	0	0	0	0	0	0	0	0
3.55329326e-05	5.4398238e-11	0	0	0	0	0	0	0	0	0	0
3.051754826e-05	3.867324481e-11	0	0	0	0	0	0	0	0	0	0
2.644646287e-05	2.769583366e-11	0	0	0	0	0	0	0	0	0	0
2.452159387e-05	2.204425464e-11	0	0	0	0	0	0	0	0	0	0
2.594603681e-05	2.156350797e-11	0	0	0	0	0	0	0	0	0	0
3.084231456e-05	2.766829854e-11	0	0	0	0	0	0	0	0	0	0
3.833880535e-05	4.003943371e-11	0	0	0	0	0	0	0	0	0	0
4.751889995e-05	5.939746612e-11	0	0	0	0	0	0	0	0	0	0
5.773961047e-05	8.567317307e-11	0	0	0	0	0	0	0	0	0	0
6.855286157e-05	1.205038531e-10	0	0	0	0	0	0	0	0	0	0
7.957835571e-05	1.631938953e-10	0	0	0	0	0	0	0	0	0	0
9.047653837e-05	2.159342145e-10	0	0	0	0	0	0	0	0	0	0
0.00010090816	2.74715564e-10	0	0	0	0	0	0	0	0	0	0
0.0001105487122	3.390976429e-10	0	0	0	0	0	0	0	0	0	0
0.0001190605355	4.030895959e-10	0	0	0	0	0	0	0	0	0	0
0.0001261081034	4.611659845e-10	0	0	0	0	0	0	0	0	0	0
0.0001313389176	5.069360753e-10	0	0	0	0	0	0	0	0	0	0
0.0001344098654	5.349265229e-10	0	0	0	0	0	0	0	0	0	0
0.0001349988174	5.40168056e-10	0	0	0	0	0	0	0	0	0	0
0.0001328833845	5.22014521e-10	0	0	0	0	0	0	0	0	0	0
0.0001279833205	4.819330277e-10	0	0	0	0	0	0	0	0	0	0
0.0001204258849	4.24854807e-10	0	0	0	0	0	0	0	0	0	0
0.0001105748742	3.570728136e-10	0	0	0	0	0	0	0	0	0	0
9.902534025e-05	2.86320287e-10	0	0	0	0	0	0	0	0	0	0
8.654679478e-05	2.186518519e-10	0	0	0	0	0	0	0	0	0	0
7.399212028e-05	1.594070649e-10	0	0	0	0	0	0	0	0	0	0
6.217524408e-05	1.104234385e-10	0	0	0	0	0	0	0	0	0	0
5.174296305e-05	7.276709385e-11	0	0	0	0	0	0	0	0	0	0
4.305912484e-05	4.519102578e-11	0	0	0	0	0	0	0	0	0	0
3.614440719e-05	2.602948021e-11	0	0	0	0	0	0	0	0	0	0
3.071025261e-05	1.363668764e-11	0	0	0	0	0	0	0	0	0	0
2.630912888e-05	6.489782704e-12	0	0	0	0	0	0	0	0	0	0
2.251453965e-05	3.70948683e-12	0	0	0	0	0	0	0	0	0	0
1.90512756e-05	3.335526108e-12	0	0	0	0	0	0	0	0	0	0
1.582099011e-05	2.954372433e-12	0	0	0	0	0	0	0	0	0	0
1.289138098e-05	2.181290496e-12	0	0	0	0	0	0	0	0	0	0
1.046986059e-05	1.637010062e-12	0	0	0	0	0	0	0	0	0	0
8.885942989e-06	2.061144526e-12	0	0	0	0	0	0	0	0	0	0
8.432562424e-06	2.970473706e-12	0	0	0	0	0	0	0	0	0	0
9.047677294e-06	3.812838794e-12	0	0	0	0	0	0	0	0	0	0
1.03286413e-05	4.401669397e-12	0	0	0	0	0	0	0	0	0	0
1.188697301e-05	4.719019278e-12	0	0	0	0	0	0	0	0	0	0
1.348488947e-05	4.792271951e-12	0	0	0	0	0	0	0	0	0	0
1.499180588e-05	4.687310617e-12	0	0	0	0	0	0	0	0	0	0
1.632333633e-05	4.483420695e-12	0	0	0	0	0	0	0	0	0	0
1.741383738e-05	4.290336593e-12	0	0	0	0	0	0	0	0	0	0
1.821449958e-05	4.201242915e-12	0	0	0	0	0	0	0	0	0	0
1.869520181e-05	4.310406286e-12	0	0	0	0	0	0	0	0	0	0
1.885472557e-05	4.769657155e-12	0	0	0	0	0	0	0	0	0	0
1.873188267e-05	5.793537917e-12	0	0	0	0	0	0	0	0	0	0
1.841272842e-05	7.65061366e-12	0	0	0	0	0	0	0	0	0	0
1.802983778e-05	1.04081959e-11	0	0	0	0	0	0	0	0	0	0
1.774495421e-05	1.410579656e-11	0	0	0	0	0	0	0	0	0	0
1.771908399e-05	1.868743261e-11	0	0	0	0	0	0	0	0	0	0
1.805519957e-05	2.397778312e-11	0	0	0	0	0	0	0	0	0	0
1.87623671e-05	2.974432218e-11	0	0	0	0	0	0	0	0	0	0
1.974838851e-05	3.56696209e-11	0	0	0	0	0	0	0	0	0	0
2.085609991e-05	4.137250563e-11	0	0	0	0	0	0	0	0	0	0
2.191751924e-05	4.645922567e-11	0	0	0	0	0	0	0	0	0	0
2.27796567e-05	5.052345099e-11	0	0	0	0	0	0	0	0	0	0
2.333147597e-05	5.32601109e-11	0	0	0	0	0	0	0	0	0	0
2.350365113e-05	5.447412424e-11	0	0	0	0	0	0	0	0	0	0
2.327409047e-05	5.408119667e-11	0	0	0	0	0	0	0	0	0	0
2.266164646e-05	5.213743996e-11	0	0	0	0	0	0	0	0	0	0
2.172391035e-05	4.885334979e-11	0	0	0	0	0	0	0	0	0	0
2.055276448e-05	4.447998328e-11	0	0	0	0	0	0	0	0	0	0
1.927007255e-05	3.934897208e-11	0	0	0	0	0	0	0	0	0	0
1.80247778e-05	3.380918488e-11	0	0	0	0	0	0	0	0	0	0
1.697881698e-05	2.816511722e-11	0	0	0	0	0	0	0	0	0	0
1.629041208e-05	2.271429302e-11	0	0	0	0	0	0	0	0	0	0
1.60715697e-05	1.765190116e-11	0	0	0	0	0	0	0	0	0	0
1.635614183e-05	1.315880212e-11	0	0	0	0	0	0	0	0	0	0
1.708966769e-05	9.376242884e-12	0	0	0	0	0	0	0	0	0	0
1.815691315e-05	6.443405183e-12	0	0	0	0	0	0	0	0	0	0
1.942328961e-05	4.681394407e-12	0	0	0	0	0	0	0	0	0	0
2.076458299e-05	4.345134566e-12	0	0	0	0	0	0	0	0	0	0
2.207748799e-05	5.01951178e-12	0	0	0	0	0	0	0	0	0	0
2.328118018e-05	5.987781256e-12	0	0	0	0	0	0	0	0	0	0
2.431475188e-05	6.923226838e-12	0	0	0	0	0	0	0	0	0	0
2.513246439e-05	7.702025391e-12	0	0	0	0	0	0	0	0	0	0
2.570322633e-05	8.305885409e-12	0	0	0	0	0	0	0	0	0	0
2.600648412e-05	8.713153414e-12	0	0	0	0	0	0	0	0	0	0
2.603492973e-05	8.937703671e-12	0	0	0	0	0	0	0	0	0	0
2.579040429e-05	8.92907605e-12	0	0	0	0	0	0	0	0	0	0
2.528596202e-05	8.677373893e-12	0	0	0	0	0	0	0	0	0	0
2.4545254e-05	8.163174783e-12	0	0	0	0	0	0	0	0	0	0
2.360380676e-05	7.357052872e-12	0	0	0	0	0	0	0	0	0	0
2.251166047e-05	6.314536202e-12	0	0	0	0	0	0	0	0	0	0
2.133697662e-05	5.231338208e-12	0	0	0	0	0	0	0	0	0	0
2.016974575e-05	4.723864467e-12	0	0	0	0	0	0	0	0	0	0
1.912325643e-05	5.80992635e-12	0	0	0	0	0	0	0	0	0	0
1.832746117e-05	8.496340459e-12	0	0	0	0	0	0	0	0	0	0
1.790985879e-05	1.231697054e-11	0	0	0	0	0	0	0	0	0	0
1.796046619e-05	1.695403417e-11	0	0	0	0	0	0	0	0	0	0
1.850314534e-05	2.218513701e-11	0	0	0	0	0	0	0	0	0	0
1.947944433e-05	2.785337155e-11	0	0	0	0	0	0	0	0	0	0
2.077754981e-05	3.380589441e-11	0	0	0	0	0	0	0	0	0	0
2.226309141e-05	3.989321408e-11	0	0	0	0	0	0	0	0	0	0
2.380894527e-05	4.587897879e-11	0	0	0	0	0	0	0	0	0	0
2.530784372e-05	5.159210891e-11	0	0	0	0	0	0	0	0	0	0
2.667970722e-05	5.682957905e-11	0	0	0	0	0	0	0	0	0	0
2.786757172e-05	6.150652165e-11	0	0	0	0	0	0	0	0	0	0
2.883893083e-05	6.544233002e-11	0	0	0	0	0	0	0	0	0	0
2.957532898e-05	6.854870008e-11	0	0	0	0	0	0	0	0	0	0
3.007428509e-05	7.081895786e-11	0	0	0	0	0	0	0	0	0	0
3.034004894e-05	7.219759255e-11	0	0	0	0	0	0	0	0	0	0
3.038241614e-05	7.272922042e-11	0	0	0	0	0	0	0	0	0	0
3.021284782e-05	7.246075734e-11	0	0	0	0	0	0	0	0	0	0
2.984162037e-05	7.144369052e-11	0	0	0	0	0	0	0	0	0	0
2.927800508e-05	6.970652549e-11	0	0	0	0	0	0	0	0	0	0
2.85303582e-05	6.732119074e-11	0	0	0	0	0	0	0	0	0	0
2.76064334e-05	6.442289896e-11	0	0	0	0	0	0	0	0	0	0
2.651648784e-05	6.09871028e-11	0	0	0	0	0	0	0	0	0	0
2.527320439e-05	5.710644109e-11	0	0	0	0	0	0	0	0	0	0
2.389581876e-05	5.286229383e-11	0	0	0	0	0	0	0	0	0	0
2.240865532e-05	4.829195407e-11	0	0	0	0	0	0	0	0	0	0
2.084589284e-05	4.348135571e-11	0	0	0	0	0	0	0	0	0	0
1.9251932e-05	3.853713922e-11	0	0	0	0	0	0	0	0	0	0
1.768472015e-05	3.350344473e-11	0	0	0	0	0	0	0	0	0	0
1.621796523e-05	2.849312997e-11	0	0	0	0	0	0	0	0	0	0
1.493973353e-05	2.363118783e-11	0	0	0	0	0	0	0	0	0	0
1.394650181e-05	1.900579769e-11	0	0	0	0	0	0	0	0	0	0
1.332134751e-05	1.474798451e-11	0	0	0	0	0	0	0	0	0	0
1.310733352e-05	1.09963845e-11	0	0	0	0	0	0	0	0	0	0
1.328096576e-05	7.892462396e-12	0	0	0	0	0	0	0	0	0	0
1.375747234e-05	5.652807364e-12	0	0	0	0	0	0	0	0	0	0
1.442029305e-05	4.510335992e-12	0	0	0	0	0	0	0	0	0	0
1.515292977e-05	4.380338953e-12	0	0	0	0	0	0	0	0	0	0
1.586051323e-05	4.758429887e-12	0	0	0	0	0	0	0	0	0	0
1.647754599e-05	5.273119449e-12	0	0	0	0	0	0	0	0	0	0
1.696993486e-05	5.886748862e-12	0	0	0	0	0	0	0	0	0	0
1.733072008e-05	6.839204822e-12	0	0	0	0	0	0	0	0	0	0
1.757166318e-05	8.277714748e-12	0	0	0	0	0	0	0	0	0	0
1.771790281e-05	1.032588146e-11	0	0	0	0	0	0	0	0	0	0
1.779859963e-05	1.274772278e-11	0	0	0	0	0	0	0	0	0	0
1.783748892e-05	1.540223595e-11	0	0	0	0	0	0	0	0	0	0
1.785005905e-05	1.788912726e-11	0	0	0	0	0	0	0	0	0	0
1.78437293e-05	1.998010496e-11	0	0	0	0	0	0	0	0	0	0
1.781880508e-05	2.140508544e-11	0	0	0	0	0	0	0	0	0	0
1.777628694e-05	2.204663224e-11	0	0	0	0	0	0	0	0	0	0
1.772213366e-05	2.178101371e-11	0	0	0	0	0	0	0	0	0	0
1.76701472e-05	2.072801941e-11	0	0	0	0	0	0	0	0	0	0
1.763961946e-05	1.906361242e-11	0	0	0	0	0	0	0	0	0	0
1.765189692e-05	1.688281393e-11	0	0	0	0	0	0	0	0	0	0
1.772302342e-05	1.449304997e-11	0	0	0	0	0	0	0	0	0	0
1.785722346e-05	1.208712411e-11	0	0	0	0	0	0	0	0	0	0
1.804602192e-05	9.849966183e-12	0	0	0	0	0	0	0	0	0	0
1.826669539e-05	7.923394529e-12	0	0	0	0	0	0	0	0	0	0
1.848993102e-05	6.429340444e-12	0	0	0	0	0	0	0	0	0	0
1.868233585e-05	5.452372584e-12	0	0	0	0	0	0	0	0	0	0
1.881073088e-05	5.018278408e-12	0	0	0	0	0	0	0	0	0	0
1.884807355e-05	5.006015968e-12	0	0	0	0	0	0	0	0	0	0
1.877196954e-05	5.197154548e-12	0	0	0	0	0	0	0	0	0	0
1.85663057e-05	5.416288952e-12	0	0	0	0	0	0	0	0	0	0
1.822271339e-05	5.508729019e-12	0	0	0	0	0	0	0	0	0	0
1.773951921e-05	5.477420239e-12	0	0	0	0	0	0	0	0	0	0
1.712383306e-05	5.285470521e-12	0	0	0	0	0	0	0	0	0	0
1.639203012e-05	5.00553663e-12	0	0	0	0	0	0	0	0	0	0
1.557108184e-05	4.694485747e-12	0	0	0	0	0	0	0	0	0	0
1.469860177e-05	4.431050946e-12	0	0	0	0	0	0	0	0	0	0
1.382315961e-05	4.272368344e-12	0	0	0	0	0	0	0	0	0	0
1.300195359e-05	4.243828307e-12	0	0	0	0	0	0	0	0	0	0
1.229764602e-05	4.328448632e-12	0	0	0	0	0	0	0	0	0	0
1.177012638e-05	4.485150169e-12	0	0	0	0	0	0	0	0	0	0
1.146838258e-05	4.652759863e-12	0	0	0	0	0	0	0	0	0	0
1.141965214e-05	4.801651349e-12	0	0	0	0	0	0	0	0	0	0
1.162538037e-05	4.894323935e-12	0	0	0	0	0	0	0	0	0	0
1.206256492e-05	4.920323319e-12	0	0	0	0	0	0	0	0	0	0
1.269407358e-05	4.868779037e-12	0	0	0	0	0	0	0	0	0	0
1.347572583e-05	4.757014087e-12	0	0	0	0	0	0	0	0	0	0
1.436336658e-05	4.597412973e-12	0	0	0	0	0	0	0	0	0	0
1.531326509e-05	4.408522227e-12	0	0	0	0	0	0	0	0	0	0
1.628181381e-05	4.230877655e-12	0	0	0	0	0	0	0	0	0	0
1.722531683e-05	4.081522704e-12	0	0	0	0	0	0	0	0	0	0
1.80970455e-05	3.969169252e-12	0	0	0	0	0	0	0	0	0	0
1.885180239e-05	3.933725578e-12	0	0	0	0	0	0	0	0	0	0
1.944456917e-05	3.948228627e-12	0	0	0	0	0	0	0	0	0	0
1.983687178e-05	4.024691075e-12	0	0	0	0	0	0	0	0	0	0
2.000010509e-05	4.17529506e-12	0	0	0	0	0	0	0	0	0	0
1.992368406e-05	4.449127503e-12	0	0	0	0	0	0	0	0	0	0
1.961664326e-05	4.947076942e-12	0	0	0	0	0	0	0	0	0	0
1.911810065e-05	5.786420152e-12	0	0	0	0	0	0	0	0	0	0
1.849949841e-05	7.062408776e-12	0	0	0	0	0	0	0	0	0	0
1.786369195e-05	8.910616433e-12	0	0	0	0	0	0	0	0	0	0
1.734161046e-05	1.137253999e-11	0	0	0	0	0	0	0	0	0	0
1.707160192e-05	1.449400354e-11	0	0	0	0	0	0	0	0	0	0
1.71649778e-05	1.832487261e-11	0	0	0	0	0	0	0	0	0	0
1.767361735e-05	2.281203586e-11	0	0	0	0	0	0	0	0	0	0
1.857686257e-05	2.796933414e-11	0	0	0	0	0	0	0	0	0	0
1.979104662e-05	3.366702104e-11	0	0	0	0	0	0	0	0	0	0
2.120315664e-05	3.97496082e-11	0	0	0	0	0	0	0	0	0	0
2.26969621e-05	4.604444335e-11	0	0	0	0	0	0	0	0	0	0
2.416986411e-05	5.226603451e-11	0	0	0	0	0	0	0	0	0	0
2.553723541e-05	5.80734611e-11	0	0	0	0	0	0	0	0	0	0
2.673152072e-05	6.316961163e-11	0	0	0	0	0	0	0	0	0	0
2.770072531e-05	6.720114635e-11	0	0	0	0	0	0	0	0	0	0
2.840692117e-05	6.992693625e-11	0	0	0	0	0	0	0	0	0	0
2.88262793e-05	7.12115867e-11	0	0	0	0	0	0	0	0	0	0
2.894585694e-05	7.090256159e-11	0	0	0	0	0	0	0	0	0	0
2.876794483e-05	6.911990282e-11	0	0	0	0	0	0	0	0	0	0
2.830648588e-05	6.595192241e-11	0	0	0	0	0	0	0	0	0	0
2.758625026e-05	6.161914672e-11	0	0	0	0	0	0	0	0	0	0
2.664424786e-05	5.64438473e-11	0	0	0	0	0	0	0	0	0	0
2.552514433e-05	5.073818039e-11	0	0	0	0	0	0	0	0	0	0
2.428116176e-05	4.473998073e-11	0	0	0	0	0	0	0	0	0	0
2.297221495e-05	3.873046994e-11	0	0	0	0	0	0	0	0	0	0
2.166615861e-05	3.291552444e-11	0	0	0	0	0	0	0	0	0	0
2.043827079e-05	2.746592638e-11	0	0	0	0	0	0	0	0	0	0
1.937205062e-05	2.244733391e-11	0	0	0	0	0	0	0	0	0	0
1.855327364e-05	1.793481359e-11	0	0	0	0	0	0	0	0	0	0
1.806138644e-05	1.398369309e-11	0	0	0	0	0	0	0	0	0	0
1.795236343e-05	1.061572286e-11	0	0	0	0	0	0	0	0	0	0
1.824339369e-05	7.945954238e-12	0	0	0	0	0	0	0	0	0	0
1.890478106e-05	6.083352597e-12	0	0	0	0	0	0	0	0	0	0
1.986355625e-05	5.281305802e-12	0	0	0	0	0	0	0	0	0	0
2.10190171e-05	5.458994253e-12	0	0	0	0	0	0	0	0	0	0
2.225679682e-05	6.22922984e-12	0	0	0	0	0	0	0	0	0	0
2.346053686e-05	7.179801327e-12	0	0	0	0	0	0	0	0	0	0
2.452244234e-05	8.089449201e-12	0	0	0	0	0	0	0	0	0	0
2.534984358e-05	8.862128104e-12	0	0	0	0	0	0	0	0	0	0
2.587111529e-05	9.444312382e-12	0	0	0	0	0	0	0	0	0	0
2.60400923e-05	9.843955103e-12	0	0	0	0	0	0	0	0	0	0
2.583926978e-05	1.002550286e-11	0	0	0	0	0	0	0	0	0	0
2.527740828e-05	1.005057952e-11	0	0	0	0	0	0	0	0	0	0
2.438561969e-05	9.911695756e-12	0	0	0	0	0	0	0	0	0	0
2.32108198e-05	9.645232424e-12	0	0	0	0	0	0	0	0	0	0
2.180780622e-05	9.279001474e-12	0	0	0	0	0	0	0	0	0	0
2.023407811e-05	8.795746413e-12	0	0	0	0	0	0	0	0	0	0
1.854616003e-05	8.157094674e-12	0	0	0	0	0	0	0	0	0	0
1.680404072e-05	7.318945446e-12	0	0	0	0	0	0	0	0	0	0
1.508160316e-05	6.182470833e-12	0	0	0	0	0	0	0	0	0	0
1.349155936e-05	4.692029925e-12	0	0	0	0	0	0	0	0	0	0
1.22164247e-05	3.190635813e-12	0	0	0	0	0	0	0	0	0	0
1.154116993e-05	3.901931668e-12	0	0	0	0	0	0	0	0	0	0
1.180419148e-05	7.938220878e-12	0	0	0	0	0	0	0	0	0	0
1.321605058e-05	1.415902231e-11	0	0	0	0	0	0	0	0	0	0
1.572484946e-05	2.244822935e-11	0	0	0	0	0	0	0	0	0	0
1.91088796e-05	3.291323567e-11	0	0	0	0	0	0	0	0	0	0
2.310028391e-05	4.552387568e-11	0	0	0	0	0	0	0	0	0	0
2.742561867e-05	6.000200709e-11	0	0	0	0	0	0	0	0	0	0
3.179363512e-05	7.559051251e-11	0	0	0	0	0	0	0	0	0	0
3.589333263e-05	9.117438825e-11	0	0	0	0	0	0	0	0	0	0
3.940128648e-05	1.052280248e-10	0	0	0	0	0	0	0	0	0	0
4.200334528e-05	1.160044689e-10	0	0	0	0	0	0	0	0	0	0
4.342185859e-05	1.218885791e-10	0	0	0	0	0	0	0	0	0	0
4.345005697e-05	1.217739218e-10	0	0	0	0	0	0	0	0	0	0
4.198392571e-05	1.152676507e-10	0	0	0	0	0	0	0	0	0	0
3.905331225e-05	1.031555758e-10	0	0	0	0	0	0	0	0	0	0
3.484473599e-05	8.693274177e-11	0	0	0	0	0	0	0	0	0	0
2.972342718e-05	6.862319367e-11	0	0	0	0	0	0	0	0	0	0
2.425041594e-05	5.050713038e-11	0	0	0	0	0	0	0	0	0	0
1.918422233e-05	3.438640557e-11	0	0	0	0	0	0	0	0	0	0
1.540171225e-05	2.160106477e-11	0	0	0	0	0	0	0	0	0	0
1.345158809e-05	1.290604212e-11	0	0	0	0	0	0	0	0	0	0
1.288968179e-05	8.546673514e-12	0	0	0	0	0	0	0	0	0	0
1.272295897e-05	8.71322075e-12	0	0	0	0	0	0	0	0	0	0
1.280725732e-05	1.392352155e-11	0	0	0	0	0	0	0	0	0	0
1.465385701e-05	2.519635654e-11	0	0	0	0	0	0	0	0	0	0
2.018934339e-05	4.400952879e-11	0	0	0	0	0	0	0	0	0	0
2.956559043e-05	7.268207544e-11	0	0	0	0	0	0	0	0	0	0
4.186085651e-05	1.136782798e-10	0	0	0	0	0	0	0	0	0	0
5.60858765e-05	1.691164141e-10	0	0	0	0	0	0	0	0	0	0
7.12886984e-05	2.397027556e-10	0	0	0	0	0	0	0	0	0	0
8.653286631e-05	3.229352226e-10	0	0	0	0	0	0	0	0	0	0
0.0001008987394	4.14705309e-10	0	0	0	0	0	0	0	0	0	0
0.0001135361187	5.058879157e-10	0	0	0	0	0	0	0	0	0	0
0.0001237092437	5.865348016e-10	0	0	0	0	0	0	0	0	0	0
0.0001308624025	6.451017935e-10	0	0	0	0	0	0	0	0	0	0
0.0001346707638	6.722120104e-10	0	0	0	0	0	0	0	0	0	0
0.0001350886067	6.623696272e-10	0	0	0	0	0	0	0	0	0	0
0.0001323713682	6.16638876e-10	0	0	0	0	0	0	0	0	0	0
0.0001270738125	5.405410446e-10	0	0	0	0	0	0	0	0	0	0
0.0001199975534	4.454282552e-10	0	0	0	0	0	0	0	0	0	0
0.0001120851223	3.443520528e-10	0	0	0	0	0	0	0	0	0	0
0.0001042689146	2.508347046e-10	0	0	0	0	0	0	0	0	0	0
9.72717974e-05	1.750185303e-10	0	0	0	0	0	0	0	0	0	0
9.14445626e-05	1.241594957e-10	0	0	0	0	0	0	0	0	0	0
8.670275409e-05	9.841279435e-11	0	0	0	0	0	0	0	0	0	0
8.263734363e-05	8.844173818e-11	0	0	0	0	0	0	0	0	0	0
7.870887129e-05	8.339035575e-11	0	0	0	0	0	0	0	0	0	0
7.444943121e-05	7.78346725e-11	0	0	0	0	0	0	0	0	0	0
6.957276883e-05	7.029006282e-11	0	0	0	0	0	0	0	0	0	0
6.401327538e-05	6.079885078e-11	0	0	0	0	0	0	0	0	0	0
5.790373393e-05	5.028437532e-11	0	0	0	0	0	0	0	0	0	0
5.154110013e-05	3.950496999e-11	0	0	0	0	0	0	0	0	0	0
4.534537557e-05	2.912017099e-11	0	0	0	0	0	0	0	0	0	0
3.980767464e-05	2.132240586e-11	0	0	0	0	0	0	0	0	0	0
3.543032794e-05	2.005751661e-11	0	0	0	0	0	0	0	0	0	0
3.260182398e-05	2.645542751e-11	0	0	0	0	0	0	0	0	0	0
3.145150856e-05	3.52105779e-11	0	0	0	0	0	0	0	0	0	0
3.178338934e-05	4.208414608e-11	0	0	0	0	0	0	0	0	0	0
3.322655309e-05	4.501606022e-11	0	0	0	0	0	0	0	0	0	0
3.541439046e-05	4.349126751e-11	0	0	0	0	0	0	0	0	0	0
3.808332374e-05	3.753762682e-11	0	0	0	0	0	0	0	0	0	0
4.102353996e-05	2.881308383e-11	0	0	0	0	0	0	0	0	0	0
4.40164473e-05	2.004166668e-11	0	0	0	0	0	0	0	0	0	0
4.680900159e-05	1.480834028e-11	0	0	0	0	0	0	0	0	0	0
4.914621565e-05	1.5388512e-11	0	0	0	0	0	0	0	0	0	0
5.081680233e-05	1.865136292e-11	0	0	0	0	0	0	0	0	0	0
5.170968176e-05	2.145648391e-11	0	0	0	0	0	0	0	0	0	0
5.183319737e-05	2.312571192e-11	0	0	0	0	0	0	0	0	0	0
5.131715003e-05	2.368745746e-11	0	0	0	0	0	0	0	0	0	0
5.039696777e-05	2.337517011e-11	0	0	0	0	0	0	0	0	0	0
4.938445282e-05	2.200242212e-11	0	0	0	0	0	0	0	0	0	0
4.862044734e-05	2.008840953e-11	0	0	0	0	0	0	0	0	0	0
4.841453022e-05	1.950616145e-11	0	0	0	0	0	0	0	0	0	0
4.896383911e-05	2.572438467e-11	0	0	0	0	0	0	0	0	0	0
5.030147708e-05	4.216237124e-11	0	0	0	0	0	0	0	0	0	0
5.229022338e-05	6.818467863e-11	0	0	0	0	0	0	0	0	0	0
5.467839093e-05	1.030587903e-10	0	0	0	0	0	0	0	0	0	0
5.717551058e-05	1.453109496e-10	0	0	0	0	0	0	0	0	0	0
5.952300617e-05	1.935728405e-10	0	0	0	0	0	0	0	0	0	0
6.152908376e-05	2.423622318e-10	0	0	0	0	0	0	0	0	0	0
6.307646294e-05	2.890858853e-10	0	0	0	0	0	0	0	0	0	0
6.410691671e-05	3.263070617e-10	0	0	0	0	0	0	0	0	0	0
6.460346147e-05	3.51252877e-10	0	0	0	0	0	0	0	0	0	0
6.457264639e-05	3.585406404e-10	0	0	0	0	0	0	0	0	0	0
6.403572656e-05	3.46181351e-10	0	0	0	0	0	0	0	0	0	0
6.302740818e-05	3.211914751e-10	0	0	0	0	0	0	0	0	0	0
6.159106114e-05	2.807191126e-10	0	0	0	0	0	0	0	0	0	0
5.977460148e-05	2.266991494e-10	0	0	0	0	0	0	0	0	0	0
5.763771002e-05	1.785423289e-10	0	0	0	0	0	0	0	0	0	0
5.529351882e-05	1.302721861e-10	0	0	0	0	0	0	0	0	0	0
5.301318832e-05	9.532456073e-11	0	0	0	0	0	0	0	0	0	0
5.134907225e-05	6.674358953e-11	0	0	0	0	0	0	0	0	0	0
5.115182715e-05	5.223605513e-11	0	0	0	0	0	0	0	0	0	0
5.32427623e-05	4.570124124e-11	0	0	0	0	0	0	0	0	0	0
5.779553876e-05	4.899707037e-11	0	0	0	0	0	0	0	0	0	0
6.403411039e-05	5.993113819e-11	0	0	0	0	0	0	0	0	0	0
7.054160414e-05	7.371144288e-11	0	0	0	0	0	0	0	0	0	0
7.58176226e-05	8.939686483e-11	0	0	0	0	0	0	0	0	0	0
7.865752745e-05	1.015402161e-10	0	0	0	0	0	0	0	0	0	0
7.83795071e-05	1.105934117e-10	0	0	0	0	0	0	0	0	0	0
7.487801442e-05	1.143768894e-10	0	0	0	0	0	0	0	0	0	0
6.85774286e-05	1.123660818e-10	0	0	0	0	0	0	0	0	0	0
6.030843785e-05	1.055294128e-10	0	0	0	0	0	0	0	0	0	0
5.112297562e-05	9.439927696e-11	0	0	0	0	0	0	0	0	0	0
4.211578205e-05	8.081915021e-11	0	0	0	0	0	0	0	0	0	0
3.432721719e-05	6.594052823e-11	0	0	0	0	0	0	0	0	0	0
2.873436073e-05	5.144382125e-11	0	0	0	0	0	0	0	0	0	0
2.618227586e-05	3.86238293e-11	0	0	0	0	0	0	0	0	0	0
2.698197899e-05	2.764536706e-11	0	0	0	0	0	0	0	0	0	0
3.0590966e-05	1.968757855e-11	0	0	0	0	0	0	0	0	0	0
3.604317748e-05	1.644000925e-11	0	0	0	0	0	0	0	0	0	0
4.245589272e-05	1.802148656e-11	0	0	0	0	0	0	0	0	0	0
4.910556002e-05	2.197839036e-11	0	0	0	0	0	0	0	0	0	0
5.536228764e-05	2.59695908e-11	0	0	0	0	0	0	0	0	0	0
6.066938157e-05	2.921606841e-11	0	0	0	0	0	0	0	0	0	0
6.456809279e-05	3.173607219e-11	0	0	0	0	0	0	0	0	0	0
6.673971276e-05	3.376125557e-11	0	0	0	0	0	0	0	0	0	0
6.704334867e-05	3.541579652e-11	0	0	0	0	0	0	0	0	0	0
6.554273164e-05	3.632875881e-11	0	0	0	0	0	0	0	0	0	0
6.250407749e-05	3.622041738e-11	0	0	0	0	0	0	0	0	0	0
5.837054941e-05	3.519049225e-11	0	0	0	0	0	0	0	0	0	0
5.370847757e-05	3.33973909e-11	0	0	0	0	0	0	0	0	0	0
4.915372549e-05	3.091305865e-11	0	0	0	0	0	0	0	0	0	0
4.537298315e-05	2.669756626e-11	0	0	0	0	0	0	0	0	0	0
4.303664376e-05	1.997205203e-11	0	0	0	0	0	0	0	0	0	0
4.279602522e-05	1.806890728e-11	0	0	0	0	0	0	0	0	0	0
4.515985864e-05	3.86024653e-11	0	0	0	0	0	0	0	0	0	0
5.030347392e-05	7.639210609e-11	0	0	0	0	0	0	0	0	0	0
5.792970359e-05	1.266194545e-10	0	0	0	0	0	0	0	0	0	0
6.733937238e-05	1.864520705e-10	0	0	0	0	0	0	0	0	0	0
7.754438348e-05	2.49912204e-10	0	0	0	0	0	0	0	0	0	0
8.739295576e-05	3.116685479e-10	0	0	0	0	0	0	0	0	0	0
9.56949379e-05	3.627001543e-10	0	0	0	0	0	0	0	0	0	0
0.000101357248	3.961136818e-10	0	0	0	0	0	0	0	0	0	0
0.0001035382108	4.069385624e-10	0	0	0	0	0	0	0	0	0	0
0.0001017783985	3.940598731e-10	0	0	0	0	0	0	0	0	0	0
9.608895535e-05	3.587886587e-10	0	0	0	0	0	0	0	0	0	0
8.69695203e-05	3.076102819e-10	0	0	0	0	0	0	0	0	0	0
7.533675575e-05	2.486597798e-10	0	0	0	0	0	0	0	0	0	0
6.239797996e-05	1.89581678e-10	0	0	0	0	0	0	0	0	0	0
4.948197796e-05	1.364516795e-10	0	0	0	0	0	0	0	0	0	0
3.788144122e-05	9.290037239e-11	0	0	0	0	0	0	0	0	0	0
2.871332061e-05	6.00354058e-11	0	0	0	0	0	0	0	0	0	0
2.270990729e-05	3.689026122e-11	0	0	0	0	0	0	0	0	0	0
1.977851572e-05	2.176604237e-11	0	0	0	0	0	0	0	0	0	0
1.886106947e-05	1.281237418e-11	0	0	0	0	0	0	0	0	0	0
1.872799358e-05	8.305350487e-12	0	0	0	0	0	0	0	0	0	0
1.869450024e-05	6.691767408e-12	0	0	0	0	0	0	0	0	0	0
1.856699657e-05	6.62625516e-12	0	0	0	0	0	0	0	0	0	0
1.836713711e-05	7.537197471e-12	0	0	0	0	0	0	0	0	0	0
1.814769151e-05	9.033123175e-12	0	0	0	0	0	0	0	0	0	0
1.79188357e-05	1.075782121e-11	0	0	0	0	0	0	0	0	0	0
1.765627501e-05	1.241356955e-11	0	0	0	0	0	0	0	0	0	0
1.732453155e-05	1.377549906e-11	0	0	0	0	0	0	0	0	0	0
1.691131891e-05	1.480287928e-11	0	0	0	0	0	0	0	0	0	0
1.644388741e-05	1.555657095e-11	0	0	0	0	0	0	0	0	0	0
1.59915967e-05	1.607326072e-11	0	0	0	0	0	0	0	0	0	0
1.565954107e-05	1.651256738e-11	0	0	0	0	0	0	0	0	0	0
1.556158227e-05	1.693477836e-11	0	0	0	0	0	0	0	0	0	0
1.57820467e-05	1.743739656e-11	0	0	0	0	0	0	0	0	0	0
1.634435427e-05	1.807356266e-11	0	0	0	0	0	0	0	0	0	0
1.720155398e-05	1.887669935e-11	0	0	0	0	0	0	0	0	0	0
1.826182203e-05	1.983815578e-11	0	0	0	0	0	0	0	0	0	0
1.942370654e-05	2.091731862e-11	0	0	0	0	0	0	0	0	0	0
2.061096081e-05	2.208780191e-11	0	0	0	0	0	0	0	0	0	0
2.178019995e-05	2.329131343e-11	0	0	0	0	0	0	0	0	0	0
2.292316936e-05	2.447268307e-11	0	0	0	0	0	0	0	0	0	0
2.405021977e-05	2.559102087e-11	0	0	0	0	0	0	0	0	0	0
2.517786806e-05	2.661975328e-11	0	0	0	0	0	0	0	0	0	0
2.63044145e-05	2.753663036e-11	0	0	0	0	0	0	0	0	0	0
2.741281348e-05	2.836458356e-11	0	0	0	0	0	0	0	0	0	0
2.847252452e-05	2.911084725e-11	0	0	0	0	0	0	0	0	0	0
2.944473069e-05	2.989997064e-11	0	0	0	0	0	0	0	0	0	0
3.029965205e-05	3.07401506e-11	0	0	0	0	0	0	0	0	0	0
3.102158543e-05	3.174572343e-11	0	0	0	0	0	0	0	0	0	0
3.161490309e-05	3.299753236e-11	0	0	0	0	0	0	0	0	0	0
3.209785007e-05	3.452911712e-11	0	0	0	0	0	0	0	0	0	0
3.250108863e-05	3.641540563e-11	0	0	0	0	0	0	0	0	0	0
3.285935498e-05	3.872205608e-11	0	0	0	0	0	0	0	0	0	0
3.320830953e-05	4.149258122e-11	0	0	0	0	0	0	0	0	0	0
3.357968898e-05	4.484351202e-11	0	0	0	0	0	0	0	0	0	0
3.399762605e-05	4.876170131e-11	0	0	0	0	0	0	0	0	0	0
3.447737422e-05	5.333451022e-11	0	0	0	0	0	0	0	0	0	0
3.502424853e-05	5.85712692e-11	0	0	0	0	0	0	0	0	0	0
3.562866714e-05	6.442693368e-11	0	0	0	0	0	0	0	0	0	0
3.626855666e-05	7.066115781e-11	0	0	0	0	0	0	0	0	0	0
3.690647852e-05	7.726246956e-11	0	0	0	0	0	0	0	0	0	0
3.749489209e-05	8.386956218e-11	0	0	0	0	0	0	0	0	0	0
3.797478487e-05	9.009406796e-11	0	0	0	0	0	0	0	0	0	0
3.828050501e-05	9.54924405e-11	0	0	0	0	0	0	0	0	0	0
3.834385423e-05	9.969436788e-11	0	0	0	0	0	0	0	0	0	0
3.80992338e-05	1.021589051e-10	0	0	0	0	0	0	0	0	0	0
3.748678625e-05	1.02578654e-10	0	0	0	0	0	0	0	0	0	0
3.646213891e-05	1.007832391e-10	0	0	0	0	0	0	0	0	0	0
3.499809669e-05	9.655393353e-11	0	0	0	0	0	0	0	0	0	0
3.309365472e-05	9.023547664e-11	0	0	0	0	0	0	0	0	0	0
3.077489224e-05	8.198854515e-11	0	0	0	0	0	0	0	0	0	0
2.810102168e-05	7.236804066e-11	0	0	0	0	0	0	0	0	0	0
2.516072396e-05	6.194160737e-11	0	0	0	0	0	0	0	0	0	0
2.207495386e-05	5.131990047e-11	0	0	0	0	0	0	0	0	0	0
1.899493908e-05	4.101280434e-11	0	0	0	0	0	0	0	0	0	0
1.610296288e-05	3.148447329e-11	0	0	0	0	0	0	0	0	0	0
1.361817487e-05	2.305684144e-11	0	0	0	0	0	0	0	0	0	0
1.178015932e-05	1.591168062e-11	0	0	0	0	0	0	0	0	0	0
1.078783336e-05	1.013407253e-11	0	0	0	0	0	0	0	0	0	0
1.067483848e-05	5.7741221e-12	0	0	0	0	0	0	0	0	0	0
1.125649791e-05	3.013941016e-12	0	0	0	0	0	0	0	0	0	0
1.225753598e-05	2.401218919e-12	0	0	0	0	0	0	0	0	0	0
1.345139851e-05	3.087476358e-12	0	0	0	0	0	0	0	0	0	0
1.469612401e-05	3.742290761e-12	0	0	0	0	0	0	0	0	0	0
1.590779849e-05	4.351718e-12	0	0	0	0	0	0	0	0	0	0
1.703030393e-05	5.172804494e-12	0	0	0	0	0	0	0	0	0	0
1.801490179e-05	6.475919752e-12	0	0	0	0	0	0	0	0	0	0
1.881259998e-05	8.041678676e-12	0	0	0	0	0	0	0	0	0	0
1.937600069e-05	9.683832401e-12	0	0	0	0	0	0	0	0	0	0
1.966368323e-05	1.104804954e-11	0	0	0	0	0	0	0	0	0	0
1.964722543e-05	1.197189741e-11	0	0	0	0	0	0	0	0	0	0
1.931485022e-05	1.224138539e-11	0	0	0	0	0	0	0	0	0	0
1.867648501e-05	1.182105443e-11	0	0	0	0	0	0	0	0	0	0
1.776396579e-05	1.078802522e-11	0	0	0	0	0	0	0	0	0	0
1.662657096e-05	9.286328975e-12	0	0	0	0	0	0	0	0	0	0
1.533076147e-05	7.539322261e-12	0	0	0	0	0	0	0	0	0	0
1.395173718e-05	5.856858634e-12	0	0	0	0	0	0	0	0	0	0
1.256974554e-05	4.493582859e-12	0	0	0	0	0	0	0	0	0	0
1.126721894e-05	3.651476916e-12	0	0	0	0	0	0	0	0	0	0
1.01282659e-05	3.267281448e-12	0	0	0	0	0	0	0	0	0	0
9.24279728e-06	2.976341856e-12	0	0	0	0	0	0	0	0	0	0
8.704845181e-06	2.555317026e-12	0	0	0	0	0	0	0	0	0	0
8.599137771e-06	2.182712605e-12	0	0	0	0	0	0	0	0	0	0
8.966808778e-06	2.73009189e-12	0	0	0	0	0	0	0	0	0	0
9.782308539e-06	4.580635116e-12	0	0	0	0	0	0	0	0	0	0
1.096276693e-05	7.329319694e-12	0	0	0	0	0	0	0	0	0	0
1.239804325e-05	1.0743527e-11	0	0	0	0	0	0	0	0	0	0
1.397602827e-05	1.463225346e-11	0	0	0	0	0	0	0	0	0	0
1.559013534e-05	1.879313168e-11	0	0	0	0	0	0	0	0	0	0
1.714307288e-05	2.303553648e-11	0	0	0	0	0	0	0	0	0	0
1.854985193e-05	2.704441171e-11	0	0	0	0	0	0	0	0	0	0
1.973875906e-05	3.056544841e-11	0	0	0	0	0	0	0	0	0	0
2.065639835e-05	3.326232223e-11	0	0	0	0	0	0	0	0	0	0
2.126797744e-05	3.495353095e-11	0	0	0	0	0	0	0	0	0	0
2.156152109e-05	3.541677346e-11	0	0	0	0	0	0	0	0	0	0
2.15473278e-05	3.463018093e-11	0	0	0	0	0	0	0	0	0	0
2.125724452e-05	3.265008377e-11	0	0	0	0	0	0	0	0	0	0
2.074525245e-05	2.966068638e-11	0	0	0	0	0	0	0	0	0	0
2.008630674e-05	2.593937865e-11	0	0	0	0	0	0	0	0	0	0
1.937194037e-05	2.176352493e-11	0	0	0	0	0	0	0	0	0	0
1.870864083e-05	1.748738852e-11	0	0	0	0	0	0	0	0	0	0
1.821118276e-05	1.340038027e-11	0	0	0	0	0	0	0	0	0	0
1.798949182e-05	9.763768501e-12	0	0	0	0	0	0	0	0	0	0
1.812933455e-05	6.876248956e-12	0	0	0	0	0	0	0	0	0	0
1.86720041e-05	5.047315148e-12	0	0	0	0	0	0	0	0	0	0
1.960179587e-05	4.529062751e-12	0	0	0	0	0	0	0	0	0	0
2.08481255e-05	4.974307705e-12	0	0	0	0	0	0	0	0	0	0
2.229971794e-05	5.755350119e-12	0	0	0	0	0	0	0	0	0	0
2.38242199e-05	6.577027258e-12	0	0	0	0	0	0	0	0	0	0
2.528472415e-05	7.365037081e-12	0	0	0	0	0	0	0	0	0	0
2.655338948e-05	8.148390351e-12	0	0	0	0	0	0	0	0	0	0
2.752191076e-05	8.928934492e-12	0	0	0	0	0	0	0	0	0	0
2.811026521e-05	9.67604253e-12	0	0	0	0	0	0	0	0	0	0
2.827039105e-05	1.026861024e-11	0	0	0	0	0	0	0	0	0	0
2.798936991e-05	1.075288642e-11	0	0	0	0	0	0	0	0	0	0
2.728507965e-05	1.094869384e-11	0	0	0	0	0	0	0	0	0	0
2.620376159e-05	1.094067526e-11	0	0	0	0	0	0	0	0	0	0
2.481023003e-05	1.062573782e-11	0	0	0	0	0	0	0	0	0	0
2.318177947e-05	1.006358199e-11	0	0	0	0	0	0	0	0	0	0
2.139899658e-05	9.355711275e-12	0	0	0	0	0	0	0	0	0	0
1.954109408e-05	8.505115413e-12	0	0	0	0	0	0	0	0	0	0
1.768008758e-05	7.579450267e-12	0	0	0	0	0	0	0	0	0	0
1.587894718e-05	6.609103582e-12	0	0	0	0	0	0	0	0	0	0
1.41886849e-05	5.674212562e-12	0	0	0	0	0	0	0	0	0	0
1.265289945e-05	4.748498664e-12	0	0	0	0	0	0	0	0	0	0
1.130699267e-05	3.902073769e-12	0	0	0	0	0	0	0	0	0	0
1.019073217e-05	3.155499005e-12	0	0	0	0	0	0	0	0	0	0
9.358846559e-06	2.521684993e-12	0	0	0	0	0	0	0	0	0	0
8.883092706e-06	2.054462508e-12	0	0	0	0	0	0	0	0	0	0
8.832810577e-06	1.80278846e-12	0	0	0	0	0	0	0	0	0	0
9.228921355e-06	1.827053159e-12	0	0	0	0	0	0	0	0	0	0
1.001214542e-05	2.078306339e-12	0	0	0	0	0	0	0	0	0	0
1.105459064e-05	2.469391597e-12	0	0	0	0	0	0	0	0	0	0
1.220332835e-05	2.895170475e-12	0	0	0	0	0	0	0	0	0	0
1.331105264e-05	3.284413244e-12	0	0	0	0	0	0	0	0	0	0
1.425542572e-05	3.639858242e-12	0	0	0	0	0	0	0	0	0	0
1.494733475e-05	3.986551695e-12	0	0	0	0	0	0	0	0	0	0
1.533474801e-05	4.47528865e-12	0	0	0	0	0	0	0	0	0	0
1.540576514e-05	5.27332065e-12	0	0	0	0	0	0	0	0	0	0
1.518742838e-05	6.527545528e-12	0	0	0	0	0	0	0	0	0	0
1.474074033e-05	8.245186225e-12	0	0	0	0	0	0	0	0	0	0
1.415297548e-05	1.037479028e-11	0	0	0	0	0	0	0	0	0	0
1.352258499e-05	1.277948834e-11	0	0	0	0	0	0	0	0	0	0
1.293930692e-05	1.528799978e-11	0	0	0	0	0	0	0	0	0	0
1.246426857e-05	1.771103177e-11	0	0	0	0	0	0	0	0	0	0
1.211396963e-05	1.984934699e-11	0	0	0	0	0	0	0	0	0	0
1.186140769e-05	2.152068076e-11	0	0	0	0	0	0	0	0	0	0
1.165899447e-05	2.255810324e-11	0	0	0	0	0	0	0	0	0	0
1.146305383e-05	2.284633985e-11	0	0	0	0	0	0	0	0	0	0
1.126052701e-05	2.235743771e-11	0	0	0	0	0	0	0	0	0	0
1.108390721e-05	2.111921614e-11	0	0	0	0	0	0	0	0	0	0
1.100578287e-05	1.923831173e-11	0	0	0	0	0	0	0	0	0	0
1.112212967e-05	1.688080579e-11	0	0	0	0	0	0	0	0	0	0
1.151487651e-05	1.424090948e-11	0	0	0	0	0	0	0	0	0	0
1.222030124e-05	1.152487114e-11	0	0	0	0	0	0	0	0	0	0
1.321902096e-05	8.944173014e-12	0	0	0	0	0	0	0	0	0	0
1.44522788e-05	6.719127558e-12	0	0	0	0	0	0	0	0	0	0
1.584656094e-05	5.124817408e-12	0	0	0	0	0	0	0	0	0	0
1.733066024e-05	4.449954741e-12	0	0	0	0	0	0	0	0	0	0
1.883876668e-05	4.681917484e-12	0	0	0	0	0	0	0	0	0	0
2.030934911e-05	5.428725529e-12	0	0	0	0	0	0	0	0	0	0
2.168061714e-05	6.288122815e-12	0	0	0	0	0	0	0	0	0	0
2.289331783e-05	7.066921802e-12	0	0	0	0	0	0	0	0	0	0
2.389372117e-05	7.688531312e-12	0	0	0	0	0	0	0	0	0	0
2.464300886e-05	8.116723151e-12	0	0	0	0	0	0	0	0	0	0
2.512782643e-05	8.385576949e-12	0	0	0	0	0	0	0	0	0	0
2.537086831e-05	8.649905046e-12	0	0	0	0	0	0	0	0	0	0
2.544307916e-05	9.259619862e-12	0	0	0	0	0	0	0	0	0	0
2.54711246e-05	1.077699304e-11	0	0	0	0	0	0	0	0	0	0
2.563916193e-05	1.38662135e-11	0	0	0	0	0	0	0	0	0	0
2.61709748e-05	1.896309387e-11	0	0	0	0	0	0	0	0	0	0
2.72961942e-05	2.637468669e-11	0	0	0	0	0	0	0	0	0	0
2.919121052e-05	3.643442964e-11	0	0	0	0	0	0	0	0	0	0
3.19362773e-05	4.950664744e-11	0	0	0	0	0	0	0	0	0	0
3.550698043e-05	6.596652117e-11	0	0	0	0	0	0	0	0	0	0
3.979358686e-05	8.606969173e-11	0	0	0	0	0	0	0	0	0	0
4.463529602e-05	1.099876302e-10	0	0	0	0	0	0	0	0	0	0
4.984170587e-05	1.375750782e-10	0	0	0	0	0	0	0	0	0	0
5.520213361e-05	1.681218061e-10	0	0	0	0	0	0	0	0	0	0
6.048759299e-05	2.008853052e-10	0	0	0	0	0	0	0	0	0	0
6.545795591e-05	2.341782798e-10	0	0	0	0	0	0	0	0	0	0
6.985416696e-05	2.659943085e-10	0	0	0	0	0	0	0	0	0	0
7.341332995e-05	2.938870168e-10	0	0	0	0	0	0	0	0	0	0
7.587065403e-05	3.152003681e-10	0	0	0	0	0	0	0	0	0	0
7.697376857e-05	3.27018808e-10	0	0	0	0	0	0	0	0	0	0
7.649642994e-05	3.273974444e-10	0	0	0	0	0	0	0	0	0	0
7.426286417e-05	3.149734492e-10	0	0	0	0	0	0	0	0	0	0
7.017414237e-05	2.898576917e-10	0	0	0	0	0	0	0	0	0	0
6.424336685e-05	2.536276703e-10	0	0	0	0	0	0	0	0	0	0
5.663261405e-05	2.097530175e-10	0	0	0	0	0	0	0	0	0	0
4.769754111e-05	1.623655561e-10	0	0	0	0	0	0	0	0	0	0
3.80502231e-05	1.162033161e-10	0	0	0	0	0	0	0	0	0	0
2.86648371e-05	7.519605479e-11	0	0	0	0	0	0	0	0	0	0
2.113155516e-05	4.226066986e-11	0	0	0	0	0	0	0	0	0	0
1.768051721e-05	1.856197087e-11	0	0	0	0	0	0	0	0	0	0
1.891813837e-05	6.571477138e-12	0	0	0	0	0	0	0	0	0	0
2.232810672e-05	9.735979806e-12	0	0	0	0	0	0	0	0	0	0
2.586935276e-05	1.224465128e-11	0	0	0	0	0	0	0	0	0	0
2.923507372e-05	1.236646724e-11	0	0	0	0	0	0	0	0	0	0
3.30502695e-05	1.589300885e-11	0	0	0	0	0	0	0	0	0	0
3.796398073e-05	2.759089435e-11	0	0	0	0	0	0	0	0	0	0
4.396004519e-05	4.589054704e-11	0	0	0	0	0	0	0	0	0	0
5.030839054e-05	6.813377142e-11	0	0	0	0	0	0	0	0	0	0
5.595858438e-05	9.148968008e-11	0	0	0	0	0	0	0	0	0	0
5.997184745e-05	1.128306313e-10	0	0	0	0	0	0	0	0	0	0
6.174403399e-05	1.292888624e-10	0	0	0	0	0	0	0	0	0	0
6.111222046e-05	1.391388619e-10	0	0	0	0	0	0	0	0	0	0
5.833005691e-05	1.414963189e-10	0	0	0	0	0	0	0	0	0	0
5.400366538e-05	1.366242124e-10	0	0	0	0	0	0	0	0	0	0
4.899475307e-05	1.252191114e-10	0	0	0	0	0	0	0	0	0	0
4.430256094e-05	1.087521455e-10	0	0	0	0	0	0	0	0	0	0
4.089670999e-05	8.828640029e-11	0	0	0	0	0	0	0	0	0	0
3.942265989e-05	6.537116263e-11	0	0	0	0	0	0	0	0	0	0
3.992409499e-05	4.200788871e-11	0	0	0	0	0	0	0	0	0	0
4.187828076e-05	2.094436687e-11	0	0	0	0	0	0	0	0	0	0
4.45725747e-05	1.05962966e-11	0	0	0	0	0	0	0	0	0	0
4.742085046e-05	1.874567143e-11	0	0	0	0	0	0	0	0	0	0
5.006582891e-05	2.646945047e-11	0	0	0	0	0	0	0	0	0	0
5.23396422e-05	2.995620601e-11	0	0	0	0	0	0	0	0	0	0
5.417861094e-05	3.07900468e-11	0	0	0	0	0	0	0	0	0	0
5.556060396e-05	3.12606278e-11	0	0	0	0	0	0	0	0	0	0
5.645399338e-05	3.233667005e-11	0	0	0	0	0	0	0	0	0	0
5.680779902e-05	3.280955582e-11	0	0	0	0	0	0	0	0	0	0
5.656439902e-05	3.175306288e-11	0	0	0	0	0	0	0	0	0	0
5.569306245e-05	2.924492889e-11	0	0	0	0	0	0	0	0	0	0
5.422052878e-05	2.593504436e-11	0	0	0	0	0	0	0	0	0	0
5.226832591e-05	2.13951355e-11	0	0	0	0	0	0	0	0	0	0
5.007038312e-05	1.546083931e-11	0	0	0	0	0	0	0	0	0	0
4.79838174e-05	2.092882255e-11	0	0	0	0	0	0	0	0	0	0
4.646024599e-05	4.583693852e-11	0	0	0	0	0	0	0	0	0	0
4.594486146e-05	8.074497343e-11	0	0	0	0	0	0	0	0	0	0
4.671742191e-05	1.200677191e-10	0	0	0	0	0	0	0	0	0	0
4.875600656e-05	1.574045582e-10	0	0	0	0	0	0	0	0	0	0
5.172196533e-05	1.881708116e-10	0	0	0	0	0	0	0	0	0	0
5.509685364e-05	2.085555886e-10	0	0	0	0	0	0	0	0	0	0
5.834579807e-05	2.174661042e-10	0	0	0	0	0	0	0	0	0	0
6.103620968e-05	2.137843808e-10	0	0	0	0	0	0	0	0	0	0
6.289238731e-05	2.001365097e-10	0	0	0	0	0	0	0	0	0	0
6.381118684e-05	1.823038074e-10	0	0	0	0	0	0	0	0	0	0
6.382279587e-05	1.619865442e-10	0	0	0	0	0	0	0	0	0	0
6.304106468e-05	1.446577645e-10	0	0	0	0	0	0	0	0	0	0
6.159697511e-05	1.302960445e-10	0	0	0	0	0	0	0	0	0	0
5.958441712e-05	1.197394414e-10	0	0	0	0	0	0	0	0	0	0
5.70588996e-05	1.139224789e-10	0	0	0	0	0	0	0	0	0	0
5.408863524e-05	1.131394359e-10	0	0	0	0	0	0	0	0	0	0
5.084285399e-05	1.183659139e-10	0	0	0	0	0	0	0	0	0	0
4.767912177e-05	1.319302551e-10	0	0	0	0	0	0	0	0	0	0
4.51838833e-05	1.53877686e-10	0	0	0	0	0	0	0	0	0	0
4.404199993e-05	1.842902599e-10	0	0	0	0	0	0	0	0	0	0
4.472542137e-05	2.219858752e-10	0	0	0	0	0	0	0	0	0	0
4.718089857e-05	2.642580092e-10	0	0	0	0	0	0	0	0	0	0
5.084382898e-05	3.07607815e-10	0	0	0	0	0	0	0	0	0	0
5.495289987e-05	3.479187727e-10	0	0	0	0	0	0	0	0	0	0
5.883137432e-05	3.776193148e-10	0	0	0	0	0	0	0	0	0	0
6.201304913e-05	3.964748288e-10	0	0	0	0	0	0	0	0	0	0
6.423474275e-05	3.946690867e-10	0	0	0	0	0	0	0	0	0	0
6.539221704e-05	3.738101751e-10	0	0	0	0	0	0	0	0	0	0
6.547972439e-05	3.367915064e-10	0	0	0	0	0	0	0	0	0	0
6.453140524e-05	2.848927747e-10	0	0	0	0	0	0	0	0	0	0
6.261688483e-05	2.230798752e-10	0	0	0	0	0	0	0	0	0	0
5.984869656e-05	1.578082997e-10	0	0	0	0	0	0	0	0	0	0
5.642185523e-05	9.773037747e-11	0	0	0	0	0	0	0	0	0	0
5.264297852e-05	4.924252544e-11	0	0	0	0	0	0	0	0	0	0
4.893663357e-05	1.739379225e-11	0	0	0	0	0	0	0	0	0	0
4.579278083e-05	1.535721549e-11	0	0	0	0	0	0	0	0	0	0
4.366765334e-05	2.254861773e-11	0	0	0	0	0	0	0	0	0	0
4.287539146e-05	2.606852674e-11	0	0	0	0	0	0	0	0	0	0
4.353875799e-05	2.961811146e-11	0	0	0	0	0	0	0	0	0	0
4.562544016e-05	3.409956335e-11	0	0	0	0	0	0	0	0	0	0
4.897607444e-05	3.828718595e-11	0	0	0	0	0	0	0	0	0	0
5.329104497e-05	4.181321411e-11	0	0	0	0	0	0	0	0	0	0
5.809411372e-05	4.499310375e-11	0	0	0	0	0	0	0	0	0	0
6.277438777e-05	4.78678062e-11	0	0	0	0	0	0	0	0	0	0
6.670581667e-05	4.970531832e-11	0	0	0	0	0	0	0	0	0	0
6.93851101e-05	4.996096318e-11	0	0	0	0	0	0	0	0	0	0
7.053602498e-05	4.824887361e-11	0	0	0	0	0	0	0	0	0	0
7.012324457e-05	4.518420069e-11	0	0	0	0	0	0	0	0	0	0
6.828432999e-05	4.120708321e-11	0	0	0	0	0	0	0	0	0	0
6.522165907e-05	3.643720083e-11	0	0	0	0	0	0	0	0	0	0
6.113249966e-05	3.107419039e-11	0	0	0	0	0	0	0	0	0	0
5.628116188e-05	2.568520894e-11	0	0	0	0	0	0	0	0	0	0
5.123607009e-05	2.243834072e-11	0	0	0	0	0	0	0	0	0	0
4.717626262e-05	2.495414031e-11	0	0	0	0	0	0	0	0	0	0
4.589833314e-05	3.283040303e-11	0	0	0	0	0	0	0	0	0	0
4.880729887e-05	4.284778711e-11	0	0	0	0	0	0	0	0	0	0
5.554591597e-05	5.18122545e-11	0	0	0	0	0	0	0	0	0	0
6.426125413e-05	5.779626452e-11	0	0	0	0	0	0	0	0	0	0
7.287230466e-05	5.967322889e-11	0	0	0	0	0	0	0	0	0	0
7.973091486e-05	5.708119164e-11	0	0	0	0	0	0	0	0	0	0
8.375777096e-05	5.151725267e-11	0	0	0	0	0	0	0	0	0	0
8.444099235e-05	4.52468013e-11	0	0	0	0	0	0	0	0	0	0
8.18071758e-05	3.958447513e-11	0	0	0	0	0	0	0	0	0	0
7.635388349e-05	3.496554817e-11	0	0	0	0	0	0	0	0	0	0
6.891150958e-05	3.038533364e-11	0	0	0	0	0	0	0	0	0	0
6.04157828e-05	2.606309931e-11	0	0	0	0	0	0	0	0	0	0
5.162569219e-05	2.239205262e-11	0	0	0	0	0	0	0	0	0	0
4.297355033e-05	1.904819948e-11	0	0	0	0	0	0	0	0	0	0
3.497476682e-05	1.493248341e-11	0	0	0	0	0	0	0	0	0	0
2.981131484e-05	1.551916778e-11	0	0	0	0	0	0	0	0	0	0
3.28486455e-05	4.287009831e-11	0	0	0	0	0	0	0	0	0	0
4.660417459e-05	1.033324757e-10	0	0	0	0	0	0	0	0	0	0
6.774578873e-05	2.034035782e-10	0	0	0	0	0	0	0	0	0	0
9.287491146e-05	3.469468533e-10	0	0	0	0	0	0	0	0	0	0
0.0001194197031	5.294367035e-10	0	0	0	0	0	0	0	0	0	0
0.0001450966766	7.344052132e-10	0	0	0	0	0	0	0	0	0	0
0.0001678207385	9.386836884e-10	0	0	0	0	0	0	0	0	0	0
0.0001858093847	1.119832462e-09	5.407359046e-15	0	0	0	0	0	0	0	0	0
0.0001977370663	1.248977259e-09	2.932376827e-15	0	0	0	0	0	0	0	0	0
0.0002028532107	1.3064173e-09	3.389211103e-15	0	0	0	0	0	0	0	0	0
0.0002010324392	1.290914252e-09	1.245008013e-14	0	0	0	0	0	0	0	0	0
0.0001927554177	1.206490291e-09	4.186526289e-15	0	0	0	0	0	0	0	0	0
0.0001790194635	1.067175818e-09	6.947286018e-15	0	0	0	0	0	0	0	0	0
0.0001611916991	8.945489045e-10	0	0	0	0	0	0	0	0	0	0
0.0001408299968	7.114566529e-10	0	0	0	0	0	0	0	0	0	0
0.0001195040129	5.361231533e-10	0	0	0	0	0	0	0	0	0	0
9.86376013e-05	3.833678058e-10	0	0	0	0	0	0	0	0	0	0
7.938913089e-05	2.590482303e-10	0	0	0	0	0	0	0	0	0	0
6.260450707e-05	1.64974679e-10	0	0	0	0	0	0	0	0	0	0
4.882140423e-05	9.78196584e-11	0	0	0	0	0	0	0	0	0	0
3.832424406e-05	5.258590648e-11	0	0	0	0	0	0	0	0	0	0
3.119002614e-05	2.368582263e-11	0	0	0	0	0	0	0	0	0	0
2.724869396e-05	7.610712928e-12	0	0	0	0	0	0	0	0	0	0
2.595738859e-05	8.589141025e-12	0	0	0	0	0	0	0	0	0	0
2.647004094e-05	1.386214716e-11	0	0	0	0	0	0	0	0	0	0
2.792954383e-05	1.702704934e-11	0	0	0	0	0	0	0	0	0	0
2.96612118e-05	1.856389203e-11	0	0	0	0	0	0	0	0	0	0
3.117729547e-05	1.897732401e-11	0	0	0	0	0	0	0	0	0	0
3.213812342e-05	1.857639897e-11	0	0	0	0	0	0	0	0	0	0
3.232249494e-05	1.749682088e-11	0	0	0	0	0	0	0	0	0	0
3.162257281e-05	1.590379795e-11	0	0	0	0	0	0	0	0	0	0
3.00405072e-05	1.382937542e-11	0	0	0	0	0	0	0	0	0	0
2.767276406e-05	1.133174083e-11	0	0	0	0	0	0	0	0	0	0
2.469032923e-05	8.573676331e-12	0	0	0	0	0	0	0	0	0	0
2.13096249e-05	5.795785005e-12	0	0	0	0	0	0	0	0	0	0
1.777298282e-05	3.464449522e-12	0	0	0	0	0	0	0	0	0	0
1.434444857e-05	2.796564028e-12	0	0	0	0	0	0	0	0	0	0
1.136631638e-05	3.931658803e-12	0	0	0	0	0	0	0	0	0	0
9.370846044e-06	5.202529075e-12	0	0	0	0	0	0	0	0	0	0
9.003523462e-06	6.002791027e-12	0	0	0	0	0	0	0	0	0	0
1.03349988e-05	6.216291386e-12	0	0	0	0	0	0	0	0	0	0
1.268934944e-05	5.930583775e-12	0	0	0	0	0	0	0	0	0	0
1.539015031e-05	5.304217594e-12	0	0	0	0	0	0	0	0	0	0
1.801566199e-05	4.612767494e-12	0	0	0	0	0	0	0	0	0	0
2.030856869e-05	4.189103671e-12	0	0	0	0	0	0	0	0	0	0
2.211512103e-05	4.322149899e-12	0	0	0	0	0	0	0	0	0	0
2.336567374e-05	5.02075742e-12	0	0	0	0	0	0	0	0	0	0
2.406638428e-05	6.055526994e-12	0	0	0	0	0	0	0	0	0	0
2.42856257e-05	7.209899963e-12	0	0	0	0	0	0	0	0	0	0
2.413543757e-05	8.332771798e-12	0	0	0	0	0	0	0	0	0	0
2.373757664e-05	9.300344085e-12	0	0	0	0	0	0	0	0	0	0
2.319100764e-05	1.00047838e-11	0	0	0	0	0	0	0	0	0	0
2.25485418e-05	1.030925208e-11	0	0	0	0	0	0	0	0	0	0
2.181318055e-05	1.008937054e-11	0	0	0	0	0	0	0	0	0	0
2.096095647e-05	9.220013625e-12	0	0	0	0	0	0	0	0	0	0
1.99814789e-05	7.684151353e-12	0	0	0	0	0	0	0	0	0	0
1.89378342e-05	5.766995967e-12	0	0	0	0	0	0	0	0	0	0
1.801319912e-05	5.249367612e-12	0	0	0	0	0	0	0	0	0	0
1.753427243e-05	8.654501137e-12	0	0	0	0	0	0	0	0	0	0
1.789025367e-05	1.495543549e-11	0	0	0	0	0	0	0	0	0	0
1.933261048e-05	2.316348524e-11	0	0	0	0	0	0	0	0	0	0
2.180381431e-05	3.282639571e-11	0	0	0	0	0	0	0	0	0	0
2.498891236e-05	4.361054358e-11	0	0	0	0	0	0	0	0	0	0
2.848753364e-05	5.488140681e-11	0	0	0	0	0	0	0	0	0	0
3.191865954e-05	6.591719773e-11	0	0	0	0	0	0	0	0	0	0
3.496905222e-05	7.592125123e-11	0	0	0	0	0	0	0	0	0	0
3.739483118e-05	8.396341474e-11	0	0	0	0	0	0	0	0	0	0
3.902228037e-05	8.945878453e-11	0	0	0	0	0	0	0	0	0	0
3.974910297e-05	9.179491785e-11	0	0	0	0	0	0	0	0	0	0
3.954058268e-05	9.089093904e-11	0	0	0	0	0	0	0	0	0	0
3.842604907e-05	8.688840388e-11	0	0	0	0	0	0	0	0	0	0
3.650044404e-05	8.017164028e-11	0	0	0	0	0	0	0	0	0	0
3.391050476e-05	7.148845889e-11	0	0	0	0	0	0	0	0	0	0
3.085888319e-05	6.154260691e-11	0	0	0	0	0	0	0	0	0	0
2.759730661e-05	5.108466099e-11	0	0	0	0	0	0	0	0	0	0
2.443060775e-05	4.072758161e-11	0	0	0	0	0	0	0	0	0	0
2.171089267e-05	3.10737344e-11	0	0	0	0	0	0	0	0	0	0
1.980229277e-05	2.243589963e-11	0	0	0	0	0	0	0	0	0	0
1.897583845e-05	1.512941153e-11	0	0	0	0	0	0	0	0	0	0
1.926374627e-05	9.377165641e-12	0	0	0	0	0	0	0	0	0	0
2.043189374e-05	5.688540112e-12	0	0	0	0	0	0	0	0	0	0
2.211896999e-05	5.112933667e-12	0	0	0	0	0	0	0	0	0	0
2.398529647e-05	6.652759704e-12	0	0	0	0	0	0	0	0	0	0
2.577376038e-05	8.4528397e-12	0	0	0	0	0	0	0	0	0	0
2.730007905e-05	9.937774628e-12	0	0	0	0	0	0	0	0	0	0
2.843710951e-05	1.104884651e-11	0	0	0	0	0	0	0	0	0	0
2.91000811e-05	1.175610635e-11	0	0	0	0	0	0	0	0	0	0
2.924066361e-05	1.208923139e-11	0	0	0	0	0	0	0	0	0	0
2.884706566e-05	1.206131963e-11	0	0	0	0	0	0	0	0	0	0
2.794336772e-05	1.171124437e-11	0	0	0	0	0	0	0	0	0	0
2.659117439e-05	1.101655647e-11	0	0	0	0	0	0	0	0	0	0
2.489467822e-05	1.001559628e-11	0	0	0	0	0	0	0	0	0	0
2.300204895e-05	8.704169864e-12	0	0	0	0	0	0	0	0	0	0
2.111455006e-05	7.253202918e-12	0	0	0	0	0	0	0	0	0	0
1.94946717e-05	6.300394813e-12	0	0	0	0	0	0	0	0	0	0
1.844770648e-05	7.456949073e-12	0	0	0	0	0	0	0	0	0	0
1.825875019e-05	1.156627099e-11	0	0	0	0	0	0	0	0	0	0
1.907020964e-05	1.814066831e-11	0	0	0	0	0	0	0	0	0	0
2.080730015e-05	2.689082665e-11	0	0	0	0	0	0	0	0	0	0
2.324232129e-05	3.771354631e-11	0	0	0	0	0	0	0	0	0	0
2.60990853e-05	5.050633223e-11	0	0	0	0	0	0	0	0	0	0
2.912326175e-05	6.495208225e-11	0	0	0	0	0	0	0	0	0	0
3.209836245e-05	8.058321976e-11	0	0	0	0	0	0	0	0	0	0
3.483948707e-05	9.644507512e-11	0	0	0	0	0	0	0	0	0	0
3.718823119e-05	1.115639644e-10	0	0	0	0	0	0	0	0	0	0
3.901233006e-05	1.247251974e-10	0	0	0	0	0	0	0	0	0	0
4.020444953e-05	1.346464786e-10	0	0	0	0	0	0	0	0	0	0
4.068597343e-05	1.403212316e-10	0	0	0	0	0	0	0	0	0	0
4.041229658e-05	1.409656222e-10	0	0	0	0	0	0	0	0	0	0
3.937688688e-05	1.365766645e-10	0	0	0	0	0	0	0	0	0	0
3.761307241e-05	1.273979213e-10	0	0	0	0	0	0	0	0	0	0
3.51977951e-05	1.143925437e-10	0	0	0	0	0	0	0	0	0	0
3.225040677e-05	9.864291771e-11	0	0	0	0	0	0	0	0	0	0
2.89253837e-05	8.170820779e-11	0	0	0	0	0	0	0	0	0	0
2.540935398e-05	6.485840789e-11	0	0	0	0	0	0	0	0	0	0
2.190816273e-05	4.914767649e-11	0	0	0	0	0	0	0	0	0	0
1.863276976e-05	3.536929669e-11	0	0	0	0	0	0	0	0	0	0
1.577665957e-05	2.389298853e-11	0	0	0	0	0	0	0	0	0	0
1.348227078e-05	1.485587163e-11	0	0	0	0	0	0	0	0	0	0
1.180721424e-05	8.21711421e-12	0	0	0	0	0	0	0	0	0	0
1.07133584e-05	3.934416717e-12	0	0	0	0	0	0	0	0	0	0
1.011195044e-05	2.253088664e-12	0	0	0	0	0	0	0	0	0	0
9.947183937e-06	2.287314663e-12	0	0	0	0	0	0	0	0	0	0
1.024114013e-05	2.138520716e-12	0	0	0	0	0	0	0	0	0	0
1.105218967e-05	2.008708695e-12	0	0	0	0	0	0	0	0	0	0
1.238894785e-05	3.918441107e-12	0	0	0	0	0	0	0	0	0	0
1.41686536e-05	7.920562262e-12	0	0	0	0	0	0	0	0	0	0
